0 0.5673076923076923 0.5877403846153846 0.036057692307692304 0.03365384615384615
0 0.7620192307692307 0.47836538461538464 0.04326923076923077 0.040865384615384616
0 0.36658653846153844 0.3942307692307692 0.036057692307692304 0.03365384615384615
0 0.5661057692307693 0.43990384615384615 0.019230769230769232 0.019230769230769232
0 0.5745192307692307 0.4387019230769231 0.028846153846153848 0.026442307692307692
0 0.6057692307692307 0.4543269230769231 0.03125 0.028846153846153848
0 0.7788461538461539 0.38822115384615385 0.036057692307692304 0.03365384615384615
0 0.8004807692307693 0.3545673076923077 0.04326923076923077 0.040865384615384616
0 0.7776442307692307 0.33052884615384615 0.036057692307692304 0.036057692307692304
0 0.8185096153846154 0.3016826923076923 0.04567307692307692 0.04567307692307692
0 0.78125 0.2608173076923077 0.036057692307692304 0.03365384615384615
0 0.3389423076923077 0.14783653846153846 0.04807692307692308 0.04807692307692308
0 0.29086538461538464 0.421875 0.028846153846153848 0.026442307692307692
0 0.2704326923076923 0.484375 0.019230769230769232 0.021634615384615384
0 0.27163461538461536 0.5817307692307693 0.03365384615384615 0.03125
0 0.43028846153846156 0.5709134615384616 0.036057692307692304 0.03365384615384615
0 0.4543269230769231 0.6286057692307693 0.03125 0.028846153846153848
0 0.5228365384615384 0.6526442307692307 0.021634615384615384 0.021634615384615384
0 0.5240384615384616 0.7151442307692307 0.03125 0.028846153846153848
0 0.5949519230769231 0.6983173076923077 0.03365384615384615 0.03125
0 0.5949519230769231 0.7259615384615384 0.040865384615384616 0.038461538461538464
0 0.5600961538461539 0.6454326923076923 0.028846153846153848 0.026442307692307692
0 0.6466346153846154 0.6382211538461539 0.03365384615384615 0.03125
0 0.6382211538461539 0.5288461538461539 0.036057692307692304 0.036057692307692304
0 0.7307692307692307 0.4675480769230769 0.028846153846153848 0.026442307692307692
0 0.7956730769230769 0.6995192307692307 0.040865384615384616 0.038461538461538464
0 0.75 0.8112980769230769 0.03365384615384615 0.03125
0 0.7920673076923077 0.7548076923076923 0.028846153846153848 0.026442307692307692
0 0.8040865384615384 0.7415865384615384 0.03365384615384615 0.03125
0 0.7716346153846154 0.7235576923076923 0.040865384615384616 0.038461538461538464
0 0.7379807692307693 0.6802884615384616 0.028846153846153848 0.026442307692307692
0 0.7608173076923077 0.6778846153846154 0.03365384615384615 0.03125
0 0.7331730769230769 0.7103365384615384 0.03365384615384615 0.03125
0 0.6959134615384616 0.71875 0.036057692307692304 0.03365384615384615
0 0.7127403846153846 0.7512019230769231 0.028846153846153848 0.026442307692307692
0 0.7355769230769231 0.75 0.028846153846153848 0.026442307692307692
0 0.8245192307692307 0.5709134615384616 0.03125 0.028846153846153848
0 0.4026442307692308 0.45552884615384615 0.038461538461538464 0.036057692307692304
0 0.36177884615384615 0.46634615384615385 0.03125 0.028846153846153848
0 0.3473557692307692 0.49038461538461536 0.028846153846153848 0.026442307692307692
0 0.25841346153846156 0.4423076923076923 0.038461538461538464 0.036057692307692304
0 0.3629807692307692 0.6418269230769231 0.03125 0.028846153846153848