0 0.6862980769230769 0.8305288461538461 0.03125 0.04326923076923077
0 0.7007211538461539 0.8473557692307693 0.016826923076923076 0.019230769230769232
0 0.29447115384615385 0.5084134615384616 0.03365384615384615 0.05048076923076923
0 0.2644230769230769 0.47115384615384615 0.03365384615384615 0.040865384615384616
0 0.2644230769230769 0.38461538461538464 0.028846153846153848 0.03125
0 0.28365384615384615 0.3545673076923077 0.03365384615384615 0.03365384615384615
0 0.35216346153846156 0.23557692307692307 0.036057692307692304 0.05048076923076923
0 0.31971153846153844 0.23677884615384615 0.03125 0.038461538461538464
0 0.056490384615384616 0.4543269230769231 0.028846153846153848 0.038461538461538464
0 0.056490384615384616 0.40024038461538464 0.026442307692307692 0.036057692307692304
0 0.4891826923076923 0.2644230769230769 0.03125 0.04567307692307692
0 0.3112980769230769 0.1814903846153846 0.026442307692307692 0.03365384615384615
0 0.2860576923076923 0.22716346153846154 0.026442307692307692 0.04326923076923077
0 0.1466346153846154 0.20673076923076922 0.019230769230769232 0.03125
0 0.15985576923076922 0.17908653846153846 0.02403846153846154 0.03365384615384615
0 0.15985576923076922 0.21875 0.03365384615384615 0.04567307692307692
0 0.12980769230769232 0.2283653846153846 0.026442307692307692 0.040865384615384616
0 0.057692307692307696 0.328125 0.026442307692307692 0.028846153846153848
0 0.47716346153846156 0.3641826923076923 0.021634615384615384 0.02403846153846154
0 0.7872596153846154 0.9014423076923077 0.03125 0.052884615384615384