0 0.20822882811905952 0.38846928602809117 0.03682562682929147 0.037075480198353716
0 0.2992637344450826 0.08477911119226222 0.034463761221238065 0.050619406518463306
0 0.12601730947256173 0.025966783978491004 0.016860069586326576 0.04530364477325355
0 0.15790428570919385 0.30172397034785203 0.021683226604866657 0.03530563588303415
0 0.44567643991371414 0.09797993696307336 0.034060702087609473 0.06524225428248526
0 0.4929402953612808 0.07840788882320276 0.03636291221420285 0.0414444217123755
0 0.501708984375 0.02587890625 0.03369140625 0.0517578125
0 0.638916015625 0.014892578125 0.02783203125 0.02978515625
0 0.7785734636624313 0.06148476827604499 0.03792718176663623 0.05861103467030965
0 0.8155692091739362 0.04000869834171339 0.02531709138300753 0.07259413903488043
0 0.8628475938580942 0.10688802118782081 0.043800760452697984 0.06135951775204623
0 0.9516806925115455 0.09637131423981618 0.03944599952367156 0.0679651476282438
0 0.98388671875 0.0263671875 0.0322265625 0.052734375
0 0.7139796040039301 0.37648840986905946 0.042276261221238065 0.05102884229411209
0 0.763916015625 0.408935546875 0.04736328125 0.02197265625
0 0.46952901309725115 0.25205065687210515 0.0252943654853085 0.06868788903488032
0 0.430908203125 0.3310546875 0.02197265625 0.05859375
0 0.9471138529431786 0.31884635982155274 0.03253336211893698 0.05442329757455111
0 0.8291344383619834 0.3567773571782402 0.03401240955499896 0.05694147303248531
0 0.1131039113082673 0.696643218920357 0.04037711022827328 0.06020382710019989
0 0.015380859375 0.778076171875 0.03076171875 0.05810546875
0 0.004150390625 0.709228515625 0.00830078125 0.03955078125
0 0.05100380415415401 0.6007464319035909 0.02657740205371617 0.037514658242814525
0 0.40625 0.59814453125 0.02734375 0.056640625
0 0.32118241668804737 0.6139390579077307 0.027633505195662877 0.05123771271477073
0 0.21591819976733873 0.6546226908789889 0.030986136989778146 0.04018637211661702
0 0.1609242256989311 0.6887643310445083 0.026588765002565684 0.039467783242814525
0 0.1456031845806558 0.7418292963458059 0.01531568519437998 0.03155500056531957
0 0.16116033243808814 0.8133016395304864 0.015781240546680952 0.02767434030129745
0 0.17911627548733478 0.8773218152852766 0.030472289104866546 0.035766251130638915
0 0.18277570690038714 0.9186465933834302 0.025041539873406737 0.025230857784880545
0 0.22658182327698045 0.8924177358954061 0.019704534969955168 0.030808745689121952
0 0.32565462449437 0.8789222382418624 0.03337925070716752 0.0320135395465071
0 0.38396998224755663 0.8279999074244967 0.014833085418804792 0.03250597332934135
0 0.38167093840870514 0.936551883340365 0.028116104971238176 0.05028673995074873
0 0.2368616217124213 0.9802848474258451 0.028519164104866546 0.03566389218672672
0 0.24096639776675854 0.9302498523020427 0.020195656957167518 0.031322616675099946
0 0.21367094029936895 0.9399836587668133 0.02663989827238855 0.048256845742814525
0 0.10923556754361663 0.9552254872661154 0.015298640771105765 0.028625313065319347
0 0.07727538324052141 0.8347929178687106 0.030469448367654195 0.035277969880638915
0 0.2802715734143759 0.5501450372439086 0.02413599580371617 0.037386709562924336
0 0.27807479611517016 0.6762751381597769 0.029984007854866546 0.03574066139466092
0 0.27147179906658536 0.7166724569634696 0.020664053046680952 0.02793023766107794
0 0.417236328125 0.701904296875 0.00537109375 0.04052734375
0 0.38013442512733675 0.7564016918263431 0.023573855386194165 0.024665807326946343
0 0.06679202837737752 0.9637994505462056 0.02266547057929147 0.036333377854990134
0 0.4805631454290675 0.5366149176002473 0.06567399090026471 0.04542121212105832
0 0.428466796875 0.70703125 0.01708984375 0.0458984375
0 0.5119785592884445 0.7313174164696082 0.053052537567786606 0.05745119148562905
0 0.5333123752161882 0.7043125618365742 0.034497850067786606 0.056478781518463306
0 0.571358542395215 0.6954806249302865 0.036019508562034286 0.06632117572639751
0 0.4546675203063226 0.6190514508430618 0.052010638111901875 0.04616954326367301
0 0.42822265625 0.51904296875 0.0166015625 0.0361328125
0 0.6258979985096417 0.583213984764767 0.03731674881650382 0.0375893511843316
0 0.6480410989923845 0.6113593216457549 0.043707016124689524 0.04524623650204629
0 0.7292690714623398 0.6368965817233991 0.057447068817786606 0.057681499109431544
0 0.7436447981899512 0.5892538896440577 0.039380662567786606 0.056734678878243794
0 0.7059644350102627 0.49305417832838927 0.05783308352814087 0.04012896384540959
0 0.6386128706195989 0.5019566556433599 0.054398070354866546 0.03702014819356325
0 0.541748046875 0.443115234375 0.02099609375 0.04638671875
0 0.838134765625 0.43896484375 0.05712890625 0.0380859375
0 0.91015625 0.43994140625 0.0361328125 0.0400390625
0 0.9361721627372532 0.5200639126827289 0.04626205186318488 0.06490543518193648
0 0.8202623433817655 0.5779120823455042 0.03341618029092852 0.03836119579650721
0 0.8490573845467625 0.7419808111447554 0.0750195123433619 0.0576261671046413
0 0.7389813735563634 0.7951273727257943 0.07256390240729993 0.055056812174751
0 0.597782870189992 0.78787436892345 0.03927555529092852 0.038668272628243794
0 0.5690541426324681 0.8870660030821328 0.05297299692584001 0.04377931648562905
0 0.4944294927616272 0.9051413889367741 0.0812933094258399 0.04526352117235577
0 0.4443359375 0.990966796875 0.048828125 0.01806640625
0 0.7450399257117595 0.9130099481300358 0.06923399651088369 0.07001440277290483
0 0.8019529359336186 0.8729065740206041 0.06915445586893698 0.05634252777290483
0 0.9121387590237122 0.5867730869816312 0.02822121224809626 0.06835314620074873
0 0.972412109375 0.633544921875 0.05517578125 0.05908203125
0 0.987060546875 0.76904296875 0.02587890625 0.056640625
0 0.6657719727007942 0.46878534917858916 0.05681675070716752 0.033241846873453496