0 0.0947265625 0.018798828125 0.03515625 0.03759765625
0 0.39938147453979767 0.18438604380834883 0.031876246255968965 0.048192421421908604
0 0.408203125 0.09619140625 0.0234375 0.0283203125
0 0.4780923747830492 0.028857856194651976 0.029189921505898025 0.027048328709204927
0 0.53759765625 0.01611328125 0.0224609375 0.0322265625
0 0.5868922819980155 0.06492950855188839 0.027697177744314627 0.04008392349650114
0 0.5792704355268676 0.1297896306993238 0.022769414075752836 0.0523722388490655
0 0.5714331263173742 0.18687425258743506 0.03709387959316335 0.04420488731934391
0 0.6742077935147881 0.25603074610143095 0.023756825430357842 0.03881136307109356
0 0.5973166791196058 0.2126712981002581 0.019038322197768354 0.02920102165501004
0 0.026627560010520246 0.5871941262850093 0.04682540227920651 0.04396831963286285
0 0.112548828125 0.5146484375 0.03759765625 0.0498046875
0 0.2634269151035419 0.5697375333071759 0.0369466214827312 0.053933512578668075
0 0.35894247737677953 0.5678566778846907 0.05281033768042853 0.06195344178029827
0 0.16200700596354878 0.7128056694610131 0.06365483212229917 0.0656971235751691
0 0.17354283978901808 0.7450468012034386 0.04814298791877447 0.053807944114214745
0 0.18187152105060145 0.7575643996212715 0.046985064994385484 0.062486007392186904
0 0.241213966207509 0.7735212440181303 0.04549696778503365 0.04776357041083501
0 0.026123046875 0.79052734375 0.05224609375 0.0361328125
0 0.01123046875 0.858154296875 0.0224609375 0.05419921875
0 0.7080078125 0.512939453125 0.0302734375 0.04638671875
0 0.7015329987022489 0.5713942953759041 0.042266561761795995 0.05287566597610338
0 0.4831813776151253 0.5626165539394035 0.026630712907191018 0.06532654953379724
0 0.6767453458006724 0.6955068782342938 0.04242622447697486 0.07139335373542743
0 0.697493409550318 0.7986373599504966 0.038758690674672414 0.07793329331002008
0 0.8100585316554192 0.6571596360111127 0.03273965295949355 0.05897160866258444
0 0.8548966859224754 0.7677174744435182 0.04608911172704577 0.09261144592948312
0 0.958294529271962 0.5680087132896812 0.042807552232873025 0.09625869774475149
0 0.8955078125 0.989013671875 0.029296875 0.02197265625
0 0.678955078125 0.988037109375 0.02197265625 0.02392578125
0 0.563720703125 0.9716796875 0.04052734375 0.056640625
0 0.48007802564867064 0.9582869346445326 0.05210659369208298 0.06969194229894637
0 0.5113962509747778 0.8005642296387077 0.03534536847690406 0.04991626335664012