0 0.4364053570079012 0.3111327901497729 0.021802548337045202 0.027968881466061912
0 0.41382578868457687 0.2380842829991131 0.016283731251988565 0.015117286099546323
0 0.8750647591104571 0.3053026518792987 0.036127472922300896 0.04254105618232984
0 0.964731693263668 0.4017811444318554 0.03566191833923282 0.04447997364901024
0 0.9248046875 0.4287109375 0.0341796875 0.0419921875
0 0.90625 0.439453125 0.048828125 0.0205078125
0 0.7158203125 0.435302734375 0.0458984375 0.02880859375
0 0.593017578125 0.43505859375 0.04833984375 0.029296875
0 0.6124433082779854 0.306598648555237 0.04297477375576675 0.043716524148804226
0 0.875376224513668 0.40438112302934004 0.02889416084002805 0.050140443182536076
0 0.441650390625 0.48486328125 0.01611328125 0.0478515625
0 0.17545000288431967 0.5809416733886391 0.03290268084122122 0.05904316594909281
0 0.13286623786602506 0.7169007311874844 0.04519459500318168 0.024744593065402
0 0.11642910161224682 0.7452016110370309 0.04368429791931805 0.020795720465443313
0 0.15208396992861123 0.8691218385047422 0.048220870837641816 0.03313061951531959
0 0.09433610409375337 0.8820287961864536 0.05150816125278396 0.021999603498556786
0 0.26851046867542955 0.8891637380413606 0.0413906150043748 0.03341999529884543
0 0.11371168831556899 0.47535257018686594 0.036927903753579405 0.027432752498969093
0 0.814697265625 0.46142578125 0.02294921875 0.0234375
0 0.938720703125 0.459716796875 0.04248046875 0.02001953125
0 0.89010249490276 0.7463154944005976 0.03746163833744287 0.031353210032288636
0 0.6720396344884134 0.7355764180444535 0.026657294592414393 0.0676475305159383