0 0.3134765625 0.17333984375 0.0322265625 0.0634765625
0 0.25325990834857887 0.08633765375802914 0.0493906100065622 0.049476330974392385
0 0.3095703125 0.467041015625 0.0400390625 0.05615234375
0 0.03173738882974064 0.5667199756014538 0.0474090766728974 0.046989465235416805
0 0.5767939133861624 0.12342674855247371 0.040715180841221166 0.059037388274001845
0 0.47562947214650275 0.20197388185145382 0.039715891674289405 0.05706153352951393
0 0.4533326188036907 0.1326497174801865 0.03851774417170428 0.037995835035026015
0 0.350341796875 0.177001953125 0.04150390625 0.04443359375
0 0.3653350684028661 0.2514287078508246 0.013473358753380515 0.025209195300585963
0 0.5141170975393732 0.025737628705208127 0.02678763083823843 0.036746515601171925
0 0.8771032429582936 0.03389509112797262 0.042140252924090627 0.055653514140733495
0 0.7844548021264185 0.04679660435431815 0.02792328000676103 0.05044112034565973
0 0.679395132131191 0.08440766675900574 0.031210570421903228 0.03929020570136721
0 0.6245829775520999 0.1169418973225691 0.026810357505170135 0.038699640601171925
0 0.6095659158925257 0.16955166698437474 0.015494663754175964 0.03111402978956157
0 0.6255435213190025 0.24146498094481306 0.01593749167031233 0.027219144661805528
0 0.6438773079944851 0.3059972517940318 0.030671154171306614 0.03488430957912336
0 0.647778218416786 0.34742160393832433 0.025180745419914663 0.024505389734440053
0 0.6914451292468713 0.32247298418637116 0.01987783167071 0.030239751139756965
0 0.7904696346624112 0.31186513387085457 0.03355538833744287 0.031046248812586885
0 0.8485065813225818 0.2626497867015838 0.015017745837641705 0.032079227417317835
0 0.8468382238372971 0.3711164134350473 0.028400197923295067 0.049475922717903575
0 0.7022391359255356 0.4106245929914927 0.028718029171306614 0.03483885009014753
0 0.7060541371687745 0.3607176216412974 0.020371794587442982 0.030739397262000923
0 0.6788069755032347 0.3696548357369571 0.026912627506363362 0.047488703101171925
0 0.5744284213378937 0.3818525433971569 0.015460573753778295 0.02818434228956157
0 0.5417580046546558 0.26050958272076796 0.030665472504573632 0.03439602832912314
0 0.44913865633451316 0.35985960694160135 0.02841156125676103 0.050452485217903575
0 0.3412341817512461 0.3628595249575086 0.01975851666931805 0.019985844889756965
0 0.7416966158845715 0.10786667173402742 0.030182872921306614 0.034872944706879405
0 0.7353265750566735 0.14806484244544227 0.02082030417031233 0.02733279338424488
0 0.8895495883891451 0.13812588656636232 0.02194459000536897 0.040050835628732684
0 0.8442534075628381 0.19095199705729116 0.023710220003181792 0.023983013867708403
0 0.532021814255422 0.3891889435323782 0.022870017504772466 0.03567903412322049
0 0.6705182417647682 0.45483170580959165 0.028337699589232712 0.044104828967903575
0 0.1756777454895137 0.8504438434422307 0.03947726167150545 0.03655372102951393
0 0.2617686504913034 0.8616272196773 0.025351195421903228 0.039153827234440275
0 0.3094955584122123 0.8917748270696393 0.024862914171903228 0.039142462362196095
0 0.16032478131462768 0.7902379146095484 0.03607633792170439 0.03793901067380645
0 0.4705357537993159 0.8195680677133027 0.1225653016838344 0.12928333206649323