0 0.3870192307692308 0.40625 0.028846153846153848 0.03365384615384615
0 0.24639423076923078 0.5973557692307693 0.036057692307692304 0.038461538461538464
0 0.6442307692307693 0.4807692307692308 0.03365384615384615 0.03365384615384615
0 0.4423076923076923 0.5360576923076923 0.016826923076923076 0.016826923076923076
0 0.4326923076923077 0.5432692307692307 0.028846153846153848 0.021634615384615384
0 0.39903846153846156 0.5432692307692307 0.028846153846153848 0.028846153846153848
0 0.2620192307692308 0.6862980769230769 0.036057692307692304 0.026442307692307692
0 0.25240384615384615 0.7259615384615384 0.038461538461538464 0.036057692307692304
0 0.28365384615384615 0.7367788461538461 0.03125 0.03365384615384615
0 0.25600961538461536 0.78125 0.04326923076923077 0.038461538461538464
0 0.30408653846153844 0.7992788461538461 0.03125 0.03125
0 0.7560096153846154 0.6862980769230769 0.04567307692307692 0.040865384615384616
0 0.703125 0.4182692307692308 0.021634615384615384 0.028846153846153848
0 0.6995192307692307 0.3545673076923077 0.019230769230769232 0.019230769230769232
0 0.6646634615384616 0.26802884615384615 0.026442307692307692 0.028846153846153848
0 0.5204326923076923 0.3545673076923077 0.028846153846153848 0.03365384615384615
0 0.47836538461538464 0.31490384615384615 0.028846153846153848 0.028846153846153848
0 0.4050480769230769 0.32572115384615385 0.021634615384615384 0.019230769230769232
0 0.38341346153846156 0.2704326923076923 0.028846153846153848 0.026442307692307692
0 0.32211538461538464 0.32211538461538464 0.028846153846153848 0.028846153846153848
0 0.3125 0.296875 0.036057692307692304 0.036057692307692304
0 0.375 0.34975961538461536 0.028846153846153848 0.02403846153846154
0 0.296875 0.39903846153846156 0.026442307692307692 0.028846153846153848
0 0.3425480769230769 0.49158653846153844 0.03125 0.03365384615384615
0 0.27884615384615385 0.5913461538461539 0.02403846153846154 0.02403846153846154
0 0.1346153846153846 0.4182692307692308 0.036057692307692304 0.03365384615384615
0 0.13822115384615385 0.296875 0.026442307692307692 0.028846153846153848
0 0.1201923076923077 0.36658653846153844 0.028846153846153848 0.02403846153846154
0 0.11298076923076923 0.38341346153846156 0.028846153846153848 0.03125
0 0.14903846153846154 0.38461538461538464 0.038461538461538464 0.036057692307692304
0 0.1971153846153846 0.40625 0.026442307692307692 0.02403846153846154
0 0.17668269230769232 0.41947115384615385 0.028846153846153848 0.028846153846153848
0 0.19110576923076922 0.3762019230769231 0.028846153846153848 0.03125
0 0.22115384615384615 0.35216346153846156 0.03125 0.03125
0 0.19471153846153846 0.3317307692307692 0.021634615384615384 0.026442307692307692
0 0.17427884615384615 0.34375 0.026442307692307692 0.021634615384615384
0 0.15504807692307693 0.5444711538461539 0.02403846153846154 0.028846153846153848
0 0.5865384615384616 0.44350961538461536 0.03365384615384615 0.03365384615384615
0 0.6225961538461539 0.41466346153846156 0.028846153846153848 0.026442307692307692
0 0.6262019230769231 0.3858173076923077 0.028846153846153848 0.02403846153846154
0 0.7259615384615384 0.3858173076923077 0.036057692307692304 0.03125
0 0.5588942307692307 0.25961538461538464 0.026442307692307692 0.028846153846153848