0 0.5733173076923077 0.42788461538461536 0.03365384615384615 0.052884615384615384
0 0.6033653846153846 0.4675480769230769 0.036057692307692304 0.05048076923076923
0 0.40384615384615385 0.6586538461538461 0.04326923076923077 0.0673076923076923
0 0.24759615384615385 0.6454326923076923 0.036057692307692304 0.04567307692307692
0 0.5228365384615384 0.390625 0.036057692307692304 0.038461538461538464
0 0.8413461538461539 0.4495192307692308 0.038461538461538464 0.04807692307692308
0 0.8461538461538461 0.3786057692307692 0.04567307692307692 0.04807692307692308
0 0.8822115384615384 0.47115384615384615 0.04567307692307692 0.04567307692307692
0 0.90625 0.3605769230769231 0.03125 0.036057692307692304
0 0.7512019230769231 0.375 0.04807692307692308 0.04567307692307692
0 0.7704326923076923 0.7079326923076923 0.040865384615384616 0.0673076923076923
0 0.7355769230769231 0.7872596153846154 0.052884615384615384 0.05048076923076923
0 0.6826923076923077 0.8100961538461539 0.04807692307692308 0.0625
0 0.5588942307692307 0.8064903846153846 0.04326923076923077 0.052884615384615384
0 0.16826923076923078 0.6322115384615384 0.05048076923076923 0.04326923076923077
0 0.18269230769230768 0.6826923076923077 0.05048076923076923 0.055288461538461536
0 0.09495192307692307 0.6850961538461539 0.040865384615384616 0.052884615384615384
0 0.5504807692307693 0.2283653846153846 0.040865384615384616 0.04807692307692308
0 0.5324519230769231 0.31850961538461536 0.04567307692307692 0.07932692307692307
0 0.8798076923076923 0.12980769230769232 0.057692307692307696 0.06009615384615385
0 0.7223557692307693 0.27163461538461536 0.04807692307692308 0.057692307692307696
0 0.7487980769230769 0.5336538461538461 0.04567307692307692 0.04326923076923077
0 0.8257211538461539 0.7259615384615384 0.036057692307692304 0.052884615384615384
0 0.9230769230769231 0.47475961538461536 0.05048076923076923 0.07932692307692307
0 0.890625 0.7872596153846154 0.04807692307692308 0.0625
0 0.46875 0.8149038461538461 0.04326923076923077 0.04807692307692308
0 0.38341346153846156 0.5769230769230769 0.04326923076923077 0.06009615384615385
0 0.8942307692307693 0.32091346153846156 0.028846153846153848 0.028846153846153848
0 0.9759615384615384 0.3557692307692308 0.040865384615384616 0.06490384615384616