0 0.23532359173059925 0.1003592871446241 0.05641496058107642 0.10448362794094113
0 0.295166015625 0.12858072916666666 0.00927734375 0.09049479166666667
0 0.052978515625 0.4208984375 0.05419921875 0.057942708333333336
0 0.174072265625 0.44140625 0.05224609375 0.016927083333333332
0 0.4374606643583553 0.05547808332172233 0.02963822942380645 0.050436687933174205
0 0.4901154852526478 0.04559282899771958 0.014331037590147533 0.03914174031856869
0 0.4757621261745011 0.03595577730385613 0.02635623088424488 0.029958398341100107
0 0.4609375 0.013020833333333334 0.0234375 0.026041666666666668
0 0.658935546875 0.0146484375 0.02490234375 0.029296875
0 0.6796875 0.005208333333333333 0.0234375 0.010416666666666666
0 0.539306640625 0.017252604166666668 0.01904296875 0.034505208333333336
0 0.5521162473868926 0.06672062256416085 0.015898165190342928 0.04514911428127233
0 0.7290782193307945 0.03253670641033679 0.03638324794585501 0.04591901642579188
0 0.8397025387646487 0.037012451219985344 0.034146001139756965 0.029445642808853496
0 0.825451871793186 0.061278899180356484 0.02834345050097653 0.03210885529137183
0 0.821330505733529 0.10539202072270244 0.02537966838424488 0.02985973236596425
0 0.8582580427776262 0.09122604700087338 0.019588482617708403 0.0331739865151491
0 0.8887924640827477 0.07509723545076064 0.027071809579123363 0.04302856466200137
0 0.867627122018555 0.15158530287888525 0.033771368612196095 0.035906726487952234
0 0.8458939445986549 0.2235654116279112 0.02926359689624558 0.056897771612273086
0 0.8155515013522139 0.16662955754865338 0.02065596409565984 0.03848098582361844
0 0.8062396547289934 0.13756963465820946 0.03159094616731761 0.02268856120434733
0 0.7303178069183597 0.15958849738547265 0.03193189233463545 0.04221981120434718
0 0.7582074790425568 0.21611997473590336 0.02727637727951393 0.05474731466200137
0 0.680013065039627 0.13597462878406782 0.024289865418294365 0.05119610840326061
0 0.5861835109339196 0.14088927073044313 0.01279800460668401 0.0350874913558649
0 0.5540486839248484 0.2054418305517288 0.030796221623220488 0.03300656189587814
0 0.4966709752549483 0.2810232473932133 0.024664497945855013 0.04473502472416172
0 0.40394381375690147 0.34908893100625527 0.028638937179318535 0.04903593862470501
0 0.4052584646287981 0.17221264245147724 0.03663286687873257 0.032296474413359956
0 0.42787769382723556 0.12296965904821677 0.027128633940342928 0.046283772995334704
0 0.3134765625 0.4296875 0.02734375 0.040364583333333336
0 0.306884765625 0.3782552083333333 0.01416015625 0.048177083333333336
0 0.34716796875 0.4365234375 0.0478515625 0.026692708333333332
0 0.470703125 0.4410807291666667 0.0224609375 0.017578125
0 0.5156587526696836 0.3880205511616692 0.032351984351171925 0.03836289419191511
0 0.5570607833259771 0.4060119968726301 0.017771736084635448 0.04078915456487723
0 0.6552609141677305 0.3152189007421063 0.022711372945855013 0.04453769277389016
0 0.6351403238370014 0.39551455219509507 0.024607673584635448 0.04147981639082824
0 0.787303052394076 0.4257942427157045 0.02809383156809897 0.045731397303804044
0 0.8557529381155387 0.3960518331352934 0.025266427918294365 0.05129477437839647
0 0.108642578125 0.4606119791666667 0.02978515625 0.021484375
0 0.19370522024518255 0.5111750361189389 0.030444318840147533 0.04076972890831021
0 0.18827811864694033 0.5645507399573219 0.0361900451177084 0.034851308092458545
0 0.15532665386226163 0.694404798395546 0.034339203967903686 0.04051335114218683
0 0.15526009765475302 0.8026750470124844 0.04874938740726997 0.05626692444832345
0 0.08288082393231377 0.8034659125058708 0.0408122820690755 0.07626159699300199
0 0.2179995764848529 0.8661205489122589 0.04191344990726997 0.05557626262237244
0 0.264404296875 0.9694010416666666 0.03076171875 0.061197916666666664
0 0.27785115299552987 0.6800690935159963 0.043582453101171925 0.039497552905977486
0 0.283935546875 0.634765625 0.03173828125 0.036458333333333336
0 0.28076171875 0.4625651041666667 0.033203125 0.025390625
0 0.2509765625 0.4560546875 0.0302734375 0.012369791666666666
0 0.4826143276246099 0.8708176644056455 0.03607680465175789 0.056286350104890914
0 0.5392886389848529 0.8390040381935314 0.028423412863172848 0.06461160563713723
0 0.6326757795860247 0.8647870205556253 0.037098826640733495 0.058989182746693146
0 0.98681640625 0.7819010416666666 0.0263671875 0.08203125
0 0.98974609375 0.8688151041666666 0.0205078125 0.076171875
0 0.8523682474692931 0.8406340511500582 0.029729556658246725 0.08359047994560657
0 0.35561411010967925 0.7688635758897013 0.06138787554605041 0.05429437379175628