0 0.125 0.75 0.036057692307692304 0.03125
0 0.14783653846153846 0.5769230769230769 0.040865384615384616 0.04326923076923077
0 0.13701923076923078 0.4699519230769231 0.03125 0.038461538461538464
0 0.16826923076923078 0.5108173076923077 0.028846153846153848 0.040865384615384616
0 0.18389423076923078 0.3798076923076923 0.036057692307692304 0.04326923076923077
0 0.1778846153846154 0.24158653846153846 0.03125 0.03365384615384615
0 0.20793269230769232 0.2247596153846154 0.03125 0.04567307692307692
0 0.3786057692307692 0.5721153846153846 0.026442307692307692 0.03365384615384615
0 0.3088942307692308 0.5072115384615384 0.03365384615384615 0.040865384615384616
0 0.21754807692307693 0.5276442307692307 0.04326923076923077 0.05048076923076923
0 0.5913461538461539 0.4206730769230769 0.021634615384615384 0.040865384615384616
0 0.36177884615384615 0.40024038461538464 0.038461538461538464 0.038461538461538464
0 0.5925480769230769 0.49158653846153844 0.03365384615384615 0.03125
0 0.2608173076923077 0.4855769230769231 0.03125 0.04326923076923077
0 0.6502403846153846 0.5144230769230769 0.028846153846153848 0.036057692307692304