0 0.11538461538461539 0.5673076923076923 0.04326923076923077 0.04326923076923077
0 0.13341346153846154 0.5348557692307693 0.040865384615384616 0.04326923076923077
0 0.19951923076923078 0.6177884615384616 0.040865384615384616 0.038461538461538464
0 0.2091346153846154 0.6923076923076923 0.04567307692307692 0.04326923076923077
0 0.25961538461538464 0.6911057692307693 0.03365384615384615 0.036057692307692304
0 0.27163461538461536 0.734375 0.04326923076923077 0.04326923076923077
0 0.31490384615384615 0.65625 0.038461538461538464 0.038461538461538464
0 0.33052884615384615 0.59375 0.038461538461538464 0.04326923076923077
0 0.39663461538461536 0.5721153846153846 0.040865384615384616 0.04326923076923077
0 0.39302884615384615 0.4699519230769231 0.04567307692307692 0.04326923076923077
0 0.6394230769230769 0.27163461538461536 0.04567307692307692 0.04807692307692308
0 0.5420673076923077 0.08653846153846154 0.03365384615384615 0.036057692307692304
0 0.5060096153846154 0.1141826923076923 0.036057692307692304 0.038461538461538464
0 0.7920673076923077 0.34134615384615385 0.040865384615384616 0.04326923076923077
0 0.5060096153846154 0.5348557692307693 0.038461538461538464 0.040865384615384616
0 0.3629807692307692 0.4795673076923077 0.02403846153846154 0.026442307692307692
0 0.23317307692307693 0.6117788461538461 0.021634615384615384 0.021634615384615384