0 0.890625 0.24639423076923078 0.1201923076923077 0.11538461538461539
0 0.9579326923076923 0.5084134615384616 0.07692307692307693 0.07211538461538461
0 0.9338942307692307 0.5204326923076923 0.08413461538461539 0.08173076923076923
0 0.8088942307692307 0.44711538461538464 0.09375 0.0889423076923077
0 0.7800480769230769 0.5709134615384616 0.07692307692307693 0.07211538461538461
0 0.7475961538461539 0.5889423076923077 0.11057692307692307 0.10336538461538461
0 0.7103365384615384 0.6754807692307693 0.1201923076923077 0.11538461538461539
0 0.6778846153846154 0.5600961538461539 0.07932692307692307 0.07451923076923077
0 0.5637019230769231 0.5625 0.07211538461538461 0.06971153846153846
0 0.8317307692307693 0.8245192307692307 0.09615384615384616 0.0889423076923077
0 0.8810096153846154 0.9362980769230769 0.0985576923076923 0.09134615384615384