0 0.765625 0.8521634615384616 0.0625 0.06490384615384616
0 0.6622596153846154 0.796875 0.052884615384615384 0.06971153846153846
0 0.49278846153846156 0.7992788461538461 0.07451923076923077 0.08413461538461539
0 0.5769230769230769 0.7644230769230769 0.06490384615384616 0.07451923076923077
0 0.640625 0.8557692307692307 0.057692307692307696 0.06490384615384616
0 0.5120192307692307 0.8930288461538461 0.07451923076923077 0.10817307692307693
0 0.5348557692307693 0.9555288461538461 0.0889423076923077 0.038461538461538464
0 0.5132211538461539 0.5709134615384616 0.04807692307692308 0.10576923076923077
0 0.28966346153846156 0.3473557692307692 0.06490384615384616 0.06009615384615385
0 0.31971153846153844 0.2608173076923077 0.06971153846153846 0.06009615384615385
0 0.31490384615384615 0.11057692307692307 0.06971153846153846 0.09375
0 0.34975961538461536 0.039663461538461536 0.0673076923076923 0.04326923076923077
0 0.3870192307692308 0.0889423076923077 0.052884615384615384 0.04807692307692308
0 0.421875 0.09615384615384616 0.055288461538461536 0.0625
0 0.5036057692307693 0.04447115384615385 0.04326923076923077 0.06009615384615385
0 0.5492788461538461 0.14423076923076922 0.038461538461538464 0.057692307692307696
0 0.7548076923076923 0.030048076923076924 0.05048076923076923 0.06009615384615385
0 0.7884615384615384 0.003605769230769231 0.0625 0.007211538461538462
0 0.8978365384615384 0.057692307692307696 0.04807692307692308 0.08173076923076923
0 0.9459134615384616 0.2932692307692308 0.06971153846153846 0.08413461538461539
0 0.9891826923076923 0.40024038461538464 0.016826923076923076 0.07451923076923077
0 0.8353365384615384 0.25721153846153844 0.057692307692307696 0.07451923076923077
0 0.8305288461538461 0.6069711538461539 0.06009615384615385 0.09134615384615384
0 0.5841346153846154 0.41947115384615385 0.06009615384615385 0.08413461538461539