0 0.07901331229458913 0.205078125 0.03851423021055589 0.05908203125
0 0.13855399316286232 0.283203125 0.04417431496425195 0.056640625
0 0.23678806399781205 0.240234375 0.03883309460464224 0.06298828125
0 0.285400390625 0.109130859375 0.03173828125 0.02880859375
0 0.5252923901357186 0.2392578125 0.03782673930047298 0.03271484375
0 0.5627009019707275 0.29541015625 0.03429918106156116 0.025390625
0 0.6393112155125962 0.2900390625 0.02200244905416915 0.0302734375
0 0.5369707179829096 0.072265625 0.03477747765269079 0.03125
0 0.37373541353095807 0.10400390625 0.031050629167474864 0.021484375
0 0.4130977756419576 0.37548828125 0.027463243561561157 0.025390625
0 0.264892578125 0.8798828125 0.00927734375 0.02734375
0 0.26416015625 0.541015625 0.0107421875 0.0234375
0 0.5614450913672384 0.6689453125 0.0520266730135126 0.05712890625
0 0.61658117574042 0.71728515625 0.04722357661203436 0.05810546875
0 0.69775390625 0.99462890625 0.0751953125 0.0107421875
0 0.87890625 0.98583984375 0.0634765625 0.0283203125
0 0.924835769683708 0.61376953125 0.07817452036324646 0.09033203125
0 0.8419581606801303 0.8095703125 0.11498491970068003 0.0986328125
0 0.6854092656037849 0.8251953125 0.07446756060955051 0.0927734375