0 0.20703125 0.01171875 0.0166015625 0.0234375
0 0.49003313510603697 0.12320322495625202 0.053003404497255935 0.06161468625676103
0 0.42734020027774233 0.2952149270468767 0.039977501695958484 0.045847644588437264
0 0.7912591174107764 0.2695090736642937 0.05436588930334363 0.059678606256959865
0 0.6706854671960057 0.2982391503471339 0.03968978580094862 0.06829153708823843
0 0.8445979919306353 0.44358650782247594 0.06369441252529984 0.060763120424885964
0 0.47846797617140374 0.4649262382887237 0.07147717025648759 0.07890907000914726
0 0.6180624307445591 0.22223806743815624 0.057474704955190026 0.06313066500735759
0 0.395263671875 0.656005859375 0.04248046875 0.02783203125
0 0.58035483767345 0.7727302366128435 0.056704936609431544 0.05775388959062466
0 0.7142718488533402 0.7687320536780147 0.040335757999651056 0.052683582088437264
0 0.804772626923101 0.7179046661660834 0.038433812471607265 0.05363741792150545
0 0.90673828125 0.984375 0.07421875 0.03125
0 0.44471708538377924 0.781628277047871 0.04297565333822417 0.08443322667190323
0 0.38461561722749155 0.8203903328890922 0.044781468721607154 0.05371127958903388