0 0.12315923912000065 0.11824976360741002 0.05300909569638179 0.0585901763644292
0 0.17851158118294294 0.05842013906780641 0.03054815819638179 0.057019554611791756
0 0.27591611761942403 0.04179157988780369 0.03816837487178937 0.06143796387895617
0 0.3477540448775752 0.11530714648332424 0.04384275116840963 0.059406285042687634
0 0.4392246301980921 0.06571446996133157 0.038464372797196944 0.06534421387895617
0 0.5539433153670783 0.18040968901416443 0.044434747019224785 0.06721878504268775
0 0.5242254506118298 0.22224811499083197 0.05743334206584505 0.06569926547358351
0 0.15019818829829137 0.44916787530283286 0.041482629020974215 0.05389861548811048
0 0.18763710115670065 0.2565837727315379 0.04793399987178937 0.06212084290184183
0 0.19577877400924565 0.4611974944987023 0.04177862694638179 0.05780486548811048
0 0.19780705175982227 0.5268320457055681 0.043073617870039826 0.07489470923811048
0 0.5248646139975954 0.3861535073182951 0.037976091547196944 0.06531006992781174
0 0.9341865341141755 0.40121456340849865 0.031746719140437474 0.06001753001408039
0 0.8789725998542749 0.33978998412636074 0.058957616054771456 0.07940528442472783
0 0.8503539828904179 0.20827495426984388 0.027352187890437474 0.05971023445378165
0 0.9359966382342351 0.26315393337989135 0.04765314782341967 0.0776434110484091
0 0.8811594093676941 0.16783308414088768 0.048784417272723646 0.04129546890756347
0 0.9664612057896027 0.19230204994635802 0.04465674546328047 0.07014847254268763
0 0.9353565332079927 0.4620004460665087 0.0329962724329822 0.018820919324378904
0 0.9055798148484302 0.5224959913966092 0.035378825078667964 0.03744389472666754
0 0.8025606973601196 0.16056665987283014 0.02127809906759448 0.050057307241194504
0 0.8127988810984694 0.10781867278964569 0.048577564705705845 0.05779459955413058
0 0.7837744202564016 0.03572711369457171 0.038493511282047754 0.040090164683533325
0 0.7208472991491652 0.15106369306163836 0.028402173237176975 0.028699242111791756
0 0.6895978757837776 0.18564618819059453 0.04417517219988076 0.031744973548409106
0 0.6331410962179327 0.1272537282618895 0.033566414420159105 0.04557395622094612
0 0.8464439080768793 0.4093135996144712 0.05177353501165016 0.05510391971214057
0 0.7287468495978535 0.4690849746994 0.04227476945220687 0.08358133988467764
0 0.7964009229865612 0.3254383487663133 0.025827913901511013 0.04600421550263745
0 0.70703125 0.0126953125 0.037109375 0.025390625
0 0.980544479385189 0.02834890158456624 0.033411130836242586 0.049934343519801805
0 0.8873843803263027 0.3406743807069078 0.026871191261650162 0.05336257820378165
0 0.614013671875 0.05029296875 0.02880859375 0.05859375
0 0.42632534830413604 0.8695416788843151 0.042348192298946374 0.05250205964039911
0 0.32309728333910614 0.8222736822166065 0.05485850609556664 0.050948396120150674
0 0.0712890625 0.629150390625 0.0498046875 0.03857421875
0 0.0322265625 0.62939453125 0.0380859375 0.0390625
0 0.015625 0.86474609375 0.03125 0.0556640625
0 0.1401342588344343 0.9406044358640246 0.05737391182691853 0.052095678375872145
0 0.774304428175945 0.7517427064265562 0.03053301231934391 0.037590736465224595
0 0.7487523882400405 0.829123231799791 0.03381026672785292 0.029563106824379126
0 0.8509118621736189 0.6938628607377479 0.027337042013399593 0.0402814163072146
0 0.8913136374591657 0.7023276694450603 0.032567421421908715 0.032390362470946066