0 0.5012019230769231 0.8605769230769231 0.04807692307692308 0.04567307692307692
0 0.3870192307692308 0.7115384615384616 0.06009615384615385 0.057692307692307696
0 0.3918269230769231 0.5612980769230769 0.057692307692307696 0.057692307692307696
0 0.45552884615384615 0.5588942307692307 0.038461538461538464 0.04326923076923077
0 0.41225961538461536 0.4423076923076923 0.038461538461538464 0.038461538461538464
0 0.6646634615384616 0.37259615384615385 0.06009615384615385 0.0625
0 0.609375 0.3112980769230769 0.0625 0.0625
0 0.25961538461538464 0.5228365384615384 0.04567307692307692 0.04807692307692308
0 0.4014423076923077 0.6346153846153846 0.057692307692307696 0.057692307692307696
0 0.4987980769230769 0.8173076923076923 0.05048076923076923 0.04807692307692308
0 0.16105769230769232 0.38100961538461536 0.04807692307692308 0.04567307692307692