0 0.1385381359277939 0.1631548611933197 0.040156480065608235 0.03873425891556703
0 0.19515557097828873 0.14723901759171149 0.04058793118232984 0.03679534144888663
0 0.3511588177947217 0.16007200197066002 0.04199071968191759 0.05147219401552583
0 0.459228515625 0.01416015625 0.04150390625 0.0283203125
0 0.549072265625 0.046630859375 0.02099609375 0.05029296875
0 0.550048828125 0.16162109375 0.01904296875 0.0361328125
0 0.5300814004764332 0.2228465240656704 0.034799593848927834 0.039066257299051554
0 0.546630859375 0.2880859375 0.02587890625 0.0439453125
0 0.42226547184253616 0.23971198291872187 0.04215222766556703 0.04025593279884543
0 0.45722510585703113 0.3178123251511343 0.034771178782288636 0.038089694799051554
0 0.4703788167223095 0.3674697122008044 0.037084717232412245 0.03376620121564944
0 0.5153896942212786 0.4053694839495673 0.016724205182742313 0.021464942349546434
0 0.55322265625 0.61328125 0.0126953125 0.041015625
0 0.5400390625 0.5712890625 0.0390625 0.03125
0 0.4938710328823095 0.6047691745836703 0.03552940316536102 0.04738124608237104
0 0.48933589411719614 0.5495081481337528 0.02849456019888663 0.04034640311589688
0 0.48960207995121685 0.525122500700392 0.03125375729905144 0.03457227331581447
0 0.4984958203015879 0.5122088500834642 0.03031981739901024 0.036008701999175274
0 0.54931640625 0.506591796875 0.0205078125 0.05029296875
0 0.35679104776929915 0.4710077054874229 0.01725510903270111 0.022943993632865922
0 0.2908670322392785 0.35151335997251565 0.02766007303208251 0.04520080054925768
0 0.24707424530674243 0.32194278454039194 0.02536074211527839 0.05001257538265991
0 0.2704660115629279 0.10308288157288675 0.021232396699298994 0.025499060149422714
0 0.164742347626062 0.22538867535929907 0.02227999686589688 0.027968881466061912
0 0.1600816305420414 0.2496464549927836 0.03225873486569064 0.03557725088245367
0 0.1273189390749486 0.26381706147705164 0.031049626715443313 0.04432369078249487
0 0.10095028375686615 0.31330020082783516 0.022943993632866033 0.01725510903270111
0 0.17287492795719606 0.30368416575913415 0.044797764499175274 0.03057555299876291
0 0.10469584743610333 0.45879380579451556 0.029893591399422714 0.021360264499175274
0 0.095768466901959 0.4873182488781238 0.03107804178208251 0.04530025328249487
0 0.13423800780158787 0.5016100302270516 0.026901848649010296 0.03590924926593808
0 0.1458558372502683 0.548783388426763 0.034785386315608235 0.03857797604905144
0 0.2687292862142684 0.6470050041233817 0.03412661466577327 0.032704393515731844
0 0.366092403131691 0.6230052495706188 0.03912308743232984 0.036752718848927834
0 0.08750931108134025 0.03580016796131967 0.040440630731999994 0.04849988391556703
0 0.6064521809429073 0.14838982779059812 0.04949065394888663 0.04095732704863919
0 0.5990696642415465 0.1964739359408455 0.030124669231587742 0.06283575568253608
0 0.59662156505633 0.2632405993909692 0.04197651214859799 0.05098391276552583
0 0.580078125 0.385009765625 0.041015625 0.06982421875
0 0.607148525583258 0.4908933221575259 0.03832077263121647 0.07624666996564944
0 0.7111800252370105 0.36073240577115484 0.03240979261507215 0.05753569959913407
0 0.763332713033794 0.4764109716031135 0.04556872859748462 0.09060573168212382
0 0.8866829958429485 0.1550801081660415 0.03459922056437126 0.08248066594909276
0 0.844280257694763 0.08944775790051573 0.0383648630492579 0.027461167565608235
0 0.8291015625 0.028076171875 0.0234375 0.05615234375
0 0.9707465692628454 0.04287716288024773 0.026436757348515583 0.053458959199298994
0 0.9951171875 0.030029296875 0.009765625 0.06005859375
0 0.8544146324058766 0.286841250700392 0.04226442011404119 0.09441252894888663
0 0.9493983983237115 0.2481362285143508 0.025042951265113356 0.05585774284934031
0 0.9802311547403094 0.25147270936348487 0.028233599481999994 0.04814469558257728
0 0.9357729032227218 0.28286625251476316 0.02623785188204142 0.04662302169929888
0 0.9628130699058765 0.28999532309734055 0.031330020082783516 0.02042632459913407
0 0.9185029405015054 0.44384800726538176 0.029750048248144312 0.06672779814921648
0 0.9587356833508456 0.4684363174642683 0.03901840958195879 0.049922105065608235
0 0.37646484375 0.695068359375 0.048828125 0.05029296875
0 0.3595809494170724 0.7782053599230517 0.028469902431298988 0.07303283179925768
0 0.2985907052480003 0.8618075993415053 0.05193206019888663 0.04102836471523719
0 0.11463049501785594 0.7432695620132578 0.04016921978084542 0.08947288631560824
0 0.4572589215484951 0.8488611302036909 0.05046574863080422 0.09123608826531959
0 0.5217291897179797 0.750724113551794 0.028565597865484627 0.04278780936589688
0 0.55078125 0.749755859375 0.017578125 0.04150390625
0 0.554443359375 0.91259765625 0.01025390625 0.08984375
0 0.978271484375 0.6826171875 0.04345703125 0.025390625
0 0.7919921875 0.681640625 0.0390625 0.0234375
0 0.7596709267363919 0.7567972477067837 0.04010863234851547 0.053856770132247433
0 0.8431760029025775 0.7763023721211136 0.04645628859851547 0.054041468065402
0 0.8753651679197528 0.759187870603526 0.03803662196482471 0.06648104496564944
0 0.9087155933700827 0.7484494404025775 0.045227747797814466 0.07888698168212382
0 0.7269830302349487 0.8070722516244124 0.052837585032288636 0.03861537353187616
0 0.6794933490031548 0.7510492434923712 0.04809684786548463 0.043356110698680395
0 0.6914603200048043 0.6928533044253197 0.04256947124896904 0.03782873408216503
0 0.58740234375 0.943115234375 0.0556640625 0.05908203125
0 0.664306640625 0.98583984375 0.06787109375 0.0283203125
0 0.8446544080307014 0.961247305604557 0.07128759468191759 0.05232464601470088
0 0.9113784488808663 0.9573343626693405 0.05147219401552583 0.04199071968191759
0 0.9468412178338765 0.8515231640515879 0.06232804178208262 0.046209535414948544