0 0.2456323944096992 0.43155268963792026 0.036679968336278845 0.03414735116437373
0 0.29023991935256593 0.48941608391064456 0.03340914986547017 0.02670375679650927
0 0.36616163164063953 0.4871487562251211 0.02094125801267599 0.03106927495242995
0 0.23590148327526067 0.2644809183926773 0.033682054642117154 0.03256313179650938
0 0.0767351862320984 0.2896734365964414 0.03029752584770551 0.02267813117864481
0 0.15090321171674115 0.5636646995715956 0.026573212365470278 0.026425213688158866
0 0.5298695378399813 0.21033810772303257 0.06681829973094033 0.05340751359301865
0 0.013427734375 0.8828125 0.02685546875 0.0390625
0 0.04828387884872659 0.8901739964349765 0.026131761527896313 0.04833818212922658
0 0.07693327814568254 0.8879298879273105 0.02814106854820525 0.03916031806078024
0 0.034784588758608403 0.9247134724093433 0.02923134137180816 0.04164151618340184
0 0.1455078125 0.994140625 0.0224609375 0.01171875
0 0.19677756086903553 0.8869649132597545 0.039553473815969964 0.04352417459592761
0 0.18250631448839072 0.7479747032787825 0.03087812163957282 0.045607453992334124
0 0.1809371120226707 0.7142832970287825 0.030570430624352607 0.02853750617864481
0 0.064697265625 0.70703125 0.02587890625 0.0146484375
0 0.04525514539193454 0.762363684552841 0.028823330489822663 0.05380875556078035
0 0.239013671875 0.7099609375 0.02294921875 0.0205078125
0 0.30952766568255247 0.7546124904695768 0.032115544742367 0.04078432930126641
0 0.2790749842307577 0.7913852961730675 0.025405361739822663 0.053669484006605206
0 0.238525390625 0.991455078125 0.03369140625 0.01708984375
0 0.371718700757359 0.8970173459590021 0.030640003101499058 0.050958651806023436
0 0.39501953125 0.899169921875 0.009765625 0.05126953125
0 0.8837652636443419 0.8559619290863805 0.043539994183984465 0.05587047740010265
0 0.9651155979857095 0.8656123107639646 0.03339845197460245 0.03693776711019847
0 0.9853515625 0.752197265625 0.029296875 0.05419921875
0 0.5592602184108573 0.8052130589349765 0.034684051772807645 0.07500380867388778