0 0.5769230769230769 0.6490384615384616 0.06971153846153846 0.09615384615384616
0 0.4495192307692308 0.5961538461538461 0.04807692307692308 0.057692307692307696
0 0.32572115384615385 0.5721153846153846 0.06971153846153846 0.09375
0 0.4266826923076923 0.5084134615384616 0.07451923076923077 0.08653846153846154
0 0.3713942307692308 0.7884615384615384 0.07932692307692307 0.09615384615384616
0 0.06490384615384616 0.8028846153846154 0.08413461538461539 0.0985576923076923
0 0.11778846153846154 0.46634615384615385 0.09134615384615384 0.09134615384615384
0 0.5276442307692307 0.4170673076923077 0.07451923076923077 0.07932692307692307
0 0.07451923076923077 0.20793269230769232 0.09134615384615384 0.10096153846153846
0 0.46634615384615385 0.8269230769230769 0.055288461538461536 0.09615384615384616
0 0.2848557692307692 0.7163461538461539 0.07692307692307693 0.10336538461538461
0 0.39783653846153844 0.07451923076923077 0.07932692307692307 0.07932692307692307