0 0.53125 0.8689903846153846 0.06490384615384616 0.07451923076923077
0 0.35096153846153844 0.7956730769230769 0.07692307692307693 0.07692307692307693
0 0.3581730769230769 0.6875 0.0625 0.055288461538461536
0 0.27163461538461536 0.6117788461538461 0.04567307692307692 0.0673076923076923
0 0.375 0.390625 0.055288461538461536 0.06009615384615385
0 0.6021634615384616 0.3870192307692308 0.057692307692307696 0.0889423076923077
0 0.6622596153846154 0.33533653846153844 0.052884615384615384 0.0625
0 0.30528846153846156 0.15264423076923078 0.07211538461538461 0.07932692307692307
0 0.44350961538461536 0.17908653846153846 0.06971153846153846 0.05048076923076923
0 0.7668269230769231 0.3137019230769231 0.06009615384615385 0.05048076923076923
0 0.8293269230769231 0.7560096153846154 0.06009615384615385 0.08173076923076923
0 0.8918269230769231 0.65625 0.04326923076923077 0.06971153846153846
0 0.08533653846153846 0.6502403846153846 0.06490384615384616 0.07451923076923077
0 0.1875 0.6165865384615384 0.06009615384615385 0.06971153846153846
0 0.28125 0.2439903846153846 0.04567307692307692 0.0625
0 0.21995192307692307 0.24759615384615385 0.057692307692307696 0.057692307692307696
0 0.15985576923076922 0.2283653846153846 0.06490384615384616 0.08413461538461539
0 0.7740384615384616 0.2091346153846154 0.05048076923076923 0.08413461538461539
0 0.6610576923076923 0.9254807692307693 0.05048076923076923 0.06009615384615385
0 0.14543269230769232 0.0673076923076923 0.057692307692307696 0.06971153846153846