0 0.010009765625 0.380859375 0.02001953125 0.05859375
0 0.2765477858685135 0.36224212020147817 0.045439305498793825 0.061244269982732025
0 0.3097838938236206 0.44710329169899443 0.044814656554042154 0.05339191193347137
0 0.36572265625 0.54150390625 0.0283203125 0.07421875
0 0.35609168780816125 0.6234922359243344 0.033104429534964286 0.05292360000121232
0 0.3193359375 0.640625 0.0517578125 0.0380859375
0 0.015625 0.541748046875 0.03125 0.05712890625
0 0.8219510349067433 0.593559082688143 0.07255046367645324 0.07808490019207559
0 0.7353328054015655 0.5415026168704611 0.04990449193361668 0.037717069225339905
0 0.8544976369754652 0.43778729869305133 0.04060157924085073 0.03549492253938502
0 0.9025672166734089 0.4852301348691306 0.030035903002765263 0.07266412490638663
0 0.9296112999722732 0.39257619093069174 0.03353304991851025 0.04954548930047309
0 0.6776799102087258 0.23069686601581896 0.038091989143475 0.03138938229308097
0 0.7653134834122001 0.1405439139357184 0.040326372513900255 0.047662095740124144
0 0.8266139610393622 0.046285502195535067 0.0306289313612762 0.05077118475490833
0 0.9110222671482997 0.19693492246395608 0.05036720424085095 0.03629208352460084
0 0.986328125 0.2119140625 0.02734375 0.0322265625
0 0.984375 0.55615234375 0.03125 0.05859375
0 0.664983488740145 0.31376450588282073 0.02744960607709168 0.0641640534100828
0 0.6779383243741178 0.4400001054099053 0.04206395165340371 0.06340666988790655
0 0.4279551169356762 0.22253643409355406 0.0550966030842551 0.027901601517208663
0 0.4235363791117766 0.3356183938472501 0.05446948280205633 0.04784141666868713
0 0.5211398754570928 0.038464065157539876 0.04259731914546072 0.03809576098642814
0 0.38330078125 0.513427734375 0.0068359375 0.06396484375
0 0.185302734375 0.672607421875 0.05224609375 0.02587890625
0 0.20509925806844276 0.7120417678235658 0.06376140117645335 0.07736745530538136
0 0.22328771078908316 0.9306322550403014 0.06469534877184335 0.07500576515390289
0 0.322509765625 0.9833984375 0.07568359375 0.033203125
0 0.11362292943773578 0.9383056145058839 0.04599329925872264 0.09298255123273202
0 0.11712340325922305 0.7097501314566232 0.06485728540936098 0.084283108903903
0 0.09185951400447201 0.7844572432928444 0.053002167714609305 0.07551401572164407
0 0.9215469442509271 0.6992366240759904 0.056317860693545496 0.06993364706646954
0 0.891408765477098 0.7730568741696036 0.054864011261914536 0.042510180967947786
0 0.8133252714131272 0.8483421291856592 0.05136081270269477 0.037348362123122314
0 0.6700312160156807 0.8777192038015078 0.054944298396240265 0.10297733986942648
0 0.7618671256142628 0.9390031706610584 0.09418825233304884 0.08862771685955062
0 0.57861328125 0.98583984375 0.0634765625 0.0283203125