0 0.09789885122434772 0.22995965266013516 0.03282313750696009 0.0691093973211343
0 0.327856593307416 0.23791625134580605 0.028729392504772466 0.04753411052463319
0 0.4836360412356825 0.1420777722521964 0.0498788912565622 0.0656008864308268
0 0.53383310582929 0.042314075349689874 0.03414025792190312 0.05221640591148894
0 0.5985351978984383 0.1831711285823132 0.039988269588437264 0.05105069027290732
0 0.6122351391430693 0.23623505884462978 0.02625957792110778 0.04422208231848668
0 0.645751953125 0.3557942708333333 0.03076171875 0.027994791666666668
0 0.625 0.3600260416666667 0.0205078125 0.01953125
0 0.7769055774834951 0.17039189596434404 0.04245240250536908 0.053711676812387164
0 0.9123643658249152 0.0941012696102998 0.026520934590823497 0.07416999898515335
0 0.8863711420621885 0.21852170690760508 0.0323234929234939 0.06779595001323835
0 0.8356236399735524 0.26943455086098633 0.03284586417389157 0.07171356398780097
0 0.87353515625 0.3528645833333333 0.0322265625 0.033854166666666664
0 0.980224609375 0.21256510416666666 0.03955078125 0.07356770833333333
0 0.979736328125 0.3349609375 0.04052734375 0.06966145833333333
0 0.009033203125 0.6634114583333334 0.01806640625 0.049479166666666664
0 0.03680585203991682 0.6880055915128063 0.030449911257755424 0.07686507744832112
0 0.10138465788610929 0.5631808248726163 0.04004508625576664 0.05756110693957398
0 0.00439453125 0.5856119791666666 0.0087890625 0.041015625
0 0.1142578125 0.9879557291666666 0.02734375 0.024088541666666668
0 0.18115234375 0.98828125 0.02734375 0.0234375
0 0.5153428353507132 0.9477829183544163 0.05582917292428946 0.0761539207922451
0 0.629150390625 0.9651692708333334 0.04443359375 0.06966145833333333
0 0.6370562291136388 0.8236366950713888 0.05327413333963049 0.06307626758609874
0 0.7417021637044623 0.7524895133198982 0.0460521845908235 0.07462455796765906
0 0.7186005662197741 0.6015306895917661 0.057725481256959865 0.06968896002382907
0 0.679443359375 0.380859375 0.05224609375 0.022135416666666668
0 0.8816474162307111 0.49788165414656316 0.04613740959181767 0.08439018296765899
0 0.9114606387253421 0.5513205955694469 0.0466427358420165 0.08635467194222161