0 0.34507565595007705 0.2476973554464188 0.02878660511326192 0.055335297717903575
0 0.30853732067184975 0.21584624198695712 0.032142441659360976 0.07981754945136732
0 0.13623370028830362 0.21644007313906233 0.031897746550070605 0.037836726823611055
0 0.4422538588175895 0.02688548080184444 0.03284874010730465 0.03639461281809897
0 0.711181640625 0.01220703125 0.03466796875 0.0244140625
0 0.5025840789885121 0.09381288189911002 0.02650108385730454 0.03624686947892797
0 0.5855468052464552 0.06650159348988685 0.03319213068163096 0.028105196440342928
0 0.9951171875 0.543212890625 0.009765625 0.04833984375
0 0.26213935420319523 0.7767729905394308 0.03864845424085073 0.033113022535026015
0 0.2733467253478763 0.8057971086055766 0.03985760856319143 0.018498679651757888
0 0.39453125 0.703369140625 0.0302734375 0.03662109375
0 0.306884765625 0.607421875 0.04248046875 0.03515625
0 0.21040327693964778 0.6369212101085063 0.03695954164943216 0.04820428179605035
0 0.14426754439198963 0.7907423935002165 0.04414739270468049 0.040562254879709325
0 0.11023769024255747 0.8388784860628034 0.04231358943758812 0.047352732890733495
0 0.03812684126801935 0.9435423714159283 0.0306289313612762 0.049033100956879405
0 0.02194512277035804 0.7521024350556853 0.04236472732312013 0.050282420390733495
0 0.30845678013723865 0.8635498580595262 0.032848740107304764 0.03639461281809897
0 0.7068002739468112 0.8319768088682722 0.038492569246808106 0.05214462641278217
0 0.9410122283407129 0.919749294324457 0.0450447770389355 0.06401111975195317
0 0.935892990312059 0.7656342572803596 0.06225394252184335 0.07124482778049046
0 0.8442896725358174 0.7287197181344613 0.03465450309418383 0.05595995743483073
0 0.8773795274463846 0.7064738966941184 0.04064419414546072 0.03559988827400179
0 0.8281109321761742 0.9565429024405594 0.04330719789943216 0.04835202513522141
0 0.718505859375 0.995361328125 0.04541015625 0.00927734375
0 0.8229053553697196 0.8912609582797304 0.03611082386326192 0.05550577080156249