0 0.13593126416440682 0.3297789001323232 0.04098328866437384 0.03653739371524978
0 0.07582124719637168 0.165611002388363 0.04513906867864481 0.03083147912805534
0 0.0829896652104023 0.5042332713882921 0.02955386055126641 0.03126240460474672
0 0.3382505005003065 0.4860552236955713 0.02559703990010287 0.04185113169194121
0 0.2719826694876101 0.32941615858535167 0.020435684291752354 0.03484468262215734
0 0.1995504214601288 0.3719276388472186 0.04182057961019858 0.03315352727920651
0 0.09273948305657026 0.1333270841150544 0.03138760993340184 0.02840092173266029
0 0.01441224396488583 0.3803431523420293 0.025866465850684528 0.03649708909891958
0 0.08301117925451656 0.24044824059181674 0.020565838688158866 0.026072671279135706
0 0.7301736777098553 0.16105989922527397 0.0393194855512663 0.03160342774431468
0 0.611572265625 0.2216796875 0.02392578125 0.0478515625
0 0.6714580814173157 0.2737924213998755 0.0326120408268995 0.046484379139638765
0 0.733131569250033 0.2799277057136197 0.04249704144476407 0.04975508977920651
0 0.7807924369778226 0.1154094710274347 0.03089766706262842 0.05227554951172508
0 0.7726649252383975 0.17127814741117542 0.031147197076899502 0.04643322566870356
0 0.8830189584130725 0.05966789009686424 0.04523854836019847 0.03327288537805534
0 0.95751953125 0.0146484375 0.03125 0.029296875
0 0.8837890625 0.006591796875 0.044921875 0.01318359375
0 0.99169921875 0.2978515625 0.0166015625 0.0419921875
0 0.970652641374776 0.3740264455093154 0.03424683084592761 0.038740083767552225
0 0.9328129106475003 0.3334154017245652 0.02963344429650938 0.03321552960474672
0 0.9005100876438041 0.3842772609572256 0.04173021708641356 0.04290210112222814
0 0.06787109375 0.55029296875 0.05078125 0.041015625
0 0.013671875 0.75244140625 0.02734375 0.0517578125
0 0.013427734375 0.837158203125 0.02685546875 0.05615234375
0 0.1115569935370283 0.82437372476656 0.03609881454360042 0.06025856108150918
0 0.17429161247730873 0.9001968185744771 0.04185870986204665 0.05802176871524978
0 0.27076901737265446 0.853920144120669 0.03625798203408648 0.06416481108150907
0 0.4259471074865493 0.7670742655503888 0.032679184172827114 0.08403088191870356
0 0.37109375 0.969482421875 0.0419921875 0.06103515625
0 0.336669921875 0.990478515625 0.05517578125 0.01904296875
0 0.6263637894736125 0.9627789628590855 0.036767820841170584 0.04077846455244427
0 0.6842885331760424 0.9412527274926136 0.0292338639495211 0.04734158354078999
0 0.7759875901152621 0.964380195166719 0.03782396708641356 0.042765691866401
0 0.7749139750954137 0.5719105794109628 0.04575584270427813 0.045968197878055284
0 0.989990234375 0.955078125 0.02001953125 0.0615234375