0 0.23768595316131713 0.21197614761831468 0.015115021040789989 0.02783823355237336
0 0.24811192673124283 0.16540806844392575 0.030989586093092436 0.0215649842326604
0 0.031942833039159846 0.22385763043738982 0.0216672911745307 0.033919273593092436
0 0.43212890625 0.04345703125 0.0244140625 0.0869140625
0 0.5055709782887345 0.09923891679690056 0.04741599047107692 0.045059840005968965
0 0.6105080516203145 0.048149210919341434 0.03238778096532069 0.0616040467326604
0 0.6580077421261417 0.045896923146245494 0.04234096869208301 0.06731616362222814
0 0.48445239424140873 0.3400065242154624 0.0548301115582005 0.019959084674601613
0 0.440673828125 0.41162109375 0.04150390625 0.0546875
0 0.992919921875 0.093505859375 0.01416015625 0.07470703125
0 0.9326171875 0.019287109375 0.0478515625 0.03857421875
0 0.8353979824862904 0.1459558512282506 0.04066066220373732 0.07506045899431468
0 0.8595190638173742 0.2391958722690406 0.04730903697697486 0.06992808144201224
0 0.8112551620496092 0.3333302908270286 0.03466487794791018 0.07094959511057386
0 0.8714021437829783 0.09490333846673815 0.03594215897114772 0.06562965483150895
0 0.9593407900554364 0.3345905413914815 0.06653492190150567 0.10376209925021262
0 0.03437492548650295 0.8301897871409145 0.03653739371524978 0.04077846455244427
0 0.09218587801563871 0.8126535225073864 0.02896360991294733 0.04734158354078999
0 0.18403855303880556 0.842260429833281 0.03758216084316324 0.042765691866401
0 0.180419921875 0.46044921875 0.04541015625 0.021484375
0 0.40381626900974066 0.8484686067235576 0.03043465596532058 0.06153584210474694
0 0.7901521562018945 0.8836914642049422 0.032358325203595495 0.03282955529661713
0 0.7591377608993085 0.9598509346001953 0.024641929843092436 0.021343319191941212
0 0.8790100505974312 0.831062507647096 0.027708026598919577 0.025351876133811624
0 0.8459433762496456 0.5180044660190407 0.026765566412876418 0.026294336319854783
0 0.7055880832610164 0.589367914751134 0.04155041316870356 0.030712121029206563