0 0.24862801314397287 0.3604560417307288 0.03195133654092852 0.051787267432505356
0 0.4654479395922013 0.45747584792150037 0.023125344457167518 0.042504270938375534
0 0.04541015625 0.5052083333333334 0.0244140625 0.049479166666666664
0 0.020364237104286365 0.8688871394108664 0.029969804168804792 0.04509474969306915
0 0.08277901498791496 0.8435286550822405 0.03539203118862755 0.05731427764318534
0 0.13488023114008357 0.805454326385655 0.0344126279514152 0.05657218544013398
0 0.10531348610490743 0.7463368841438648 0.030426837309468602 0.03797881662792816
0 0.07711215901729795 0.6642964077641644 0.03630893820716763 0.04373345317957019
0 0.03528440872508659 0.5939473055605176 0.02654899468159233 0.044125031149055714
0 0.19309048161641218 0.7121006692025681 0.03295062493862755 0.05708665130222346
0 0.2934065490812361 0.6408735056216025 0.03926987381650382 0.05116806312205783
0 0.35303367632548366 0.6483402562354643 0.06561717615601714 0.04906913593778021
0 0.37033056834145794 0.5822482215805382 0.0368284675665036 0.05094043678109587
0 0.4215773736937589 0.572259735087004 0.026585924265353444 0.05258857281572238
0 0.4939679911311037 0.5941678287278637 0.03977235875256557 0.05446879672358355
0 0.4649012158453065 0.6496337198194071 0.04510936365601714 0.04715707467369986
0 0.39214763514583595 0.7684416767149322 0.03535510160486677 0.04885073597651868
0 0.3555918783517207 0.7868300301626947 0.030460926156017143 0.04579131662792816
0 0.31604961931335795 0.7924707018862783 0.03875034445716752 0.04396107952053215
0 0.2886604175179598 0.7846034502383855 0.03140339980946849 0.03806986716431293
0 0.3435723357577378 0.8309369118675045 0.04308806096292006 0.03134997360093017
0 0.43362914104866634 0.8713883875201048 0.04277874615729993 0.07232007333273789
0 0.3624792746720731 0.9099361183428604 0.028519164104866768 0.04821338222182536
0 0.3685090939048159 0.9484523151245517 0.038304674265353444 0.05368117925233958
0 0.59033203125 0.7298177083333334 0.0185546875 0.05859375
0 0.7816348017257891 0.8074437502741468 0.03648790465154761 0.08474907817957018
0 0.9294621943261863 0.8776794942800451 0.04171696154092852 0.05269777279635305
0 0.9468269384847283 0.71518776769026 0.03733095250256557 0.054241170382621696
0 0.9853515625 0.564453125 0.029296875 0.06901041666666667
0 0.7186174620026065 0.5827567093345802 0.05339878195716752 0.04532683756630377
0 0.6296429775895949 0.7903521086819799 0.04314203496995517 0.04371976526759699