0 0.6730769230769231 0.11899038461538461 0.04326923076923077 0.038461538461538464
0 0.7572115384615384 0.27524038461538464 0.052884615384615384 0.05048076923076923
0 0.8317307692307693 0.3629807692307692 0.04326923076923077 0.04326923076923077
0 0.78125 0.34134615384615385 0.040865384615384616 0.04326923076923077
0 0.8461538461538461 0.45913461538461536 0.04807692307692308 0.04807692307692308
0 0.9350961538461539 0.5757211538461539 0.038461538461538464 0.038461538461538464
0 0.9194711538461539 0.6021634615384616 0.04567307692307692 0.04807692307692308
0 0.5612980769230769 0.38221153846153844 0.03365384615384615 0.036057692307692304
0 0.6622596153846154 0.4050480769230769 0.04326923076923077 0.04567307692307692
0 0.7271634615384616 0.3473557692307692 0.057692307692307696 0.057692307692307696
0 0.47115384615384615 0.6033653846153846 0.036057692307692304 0.04326923076923077
0 0.6802884615384616 0.5204326923076923 0.04807692307692308 0.04567307692307692
0 0.42788461538461536 0.5444711538461539 0.040865384615384616 0.036057692307692304
0 0.7175480769230769 0.4026442307692308 0.040865384615384616 0.04567307692307692
0 0.3629807692307692 0.5504807692307693 0.038461538461538464 0.038461538461538464