0 0.19621129993193936 0.10263477982701782 0.049578348145072115 0.05061437068758823
0 0.5270426419862027 0.2110632221441069 0.04380047809962173 0.04417296164744644
0 0.5888671875 0.025390625 0.0458984375 0.05078125
0 0.8146725160056738 0.09541530818552868 0.06815121115379319 0.08166587078893572
0 0.9063929465843008 0.029558109270563238 0.04575360309962173 0.0442070535711343
0 0.9721312268710761 0.12504926871609445 0.03107968412583073 0.06638673270070905
0 0.976806640625 0.339111328125 0.04638671875 0.06689453125
0 0.887939453125 0.389892578125 0.05126953125 0.06005859375
0 0.5288685384251556 0.781907980667583 0.03368410028492996 0.053751081067162865
0 0.47101339354927885 0.7769874959378673 0.0304793559143135 0.03418573914347478
0 0.35646890615771354 0.8404909897494995 0.04844533322374511 0.0481559184757443
0 0.3011760174130197 0.9328918874263794 0.04233563434962173 0.04414739270468049
0 0.69482421875 0.77001953125 0.0302734375 0.0458984375
0 0.700439453125 0.833740234375 0.01904296875 0.03857421875
0 0.6645981806190011 0.46409518541517064 0.03690851711886323 0.02795740462638263
0 0.6589709539844033 0.49088247031779475 0.02083889285137519 0.0359684045250353
0 0.6234821266784325 0.4496903340558802 0.033847110194029195 0.041072814529006796
0 0.69580078125 0.462158203125 0.0283203125 0.02685546875
0 0.3694696387273897 0.454544250707372 0.036776797694029195 0.0411239524145387
0 0.29873218692321835 0.49046040837829463 0.04082713361710977 0.0358295654928365
0 0.138671875 0.430908203125 0.025390625 0.02197265625
0 0.7687412910668128 0.6796407979887912 0.020306954618863116 0.027667623275035247
0 0.8833847104443511 0.5535691203297831 0.029928493695782654 0.03320065366255287
0 0.9437702512977553 0.9461739232411298 0.022647931928294618 0.0413650672178012
0 0.8478632745074273 0.7646113674382939 0.021947174776209 0.02281890269872333
0 0.7753175321036341 0.8440016023210606 0.027631173368863116 0.027795467988865008
0 0.71337890625 0.859130859375 0.0068359375 0.03173828125