0 0.30646287154018514 0.023377496800684017 0.015290118559468602 0.027425649985473033
0 0.35991181011558726 0.23244399927252335 0.020675415995530466 0.03024263969806018
0 0.09888084407151276 0.04863086353700824 0.018691042886194276 0.024734970143483137
0 0.23209039618018712 0.13888479592347214 0.008874284616371408 0.015263028620597252
0 0.23644231637200142 0.1459017191131735 0.018143106154734356 0.01444691994233871
0 0.26178464883939095 0.1524270149036704 0.015250348238495248 0.020589712485473033
0 0.32379571648833205 0.3159911952060567 0.023536925802433384 0.01872875340492608
0 0.32015048876134167 0.35529270286406667 0.02261433730946849 0.027937809252637447
0 0.29424885661364253 0.3610085822747142 0.01675496230946849 0.027528081838906093
0 0.3022740863540416 0.40779141635526117 0.02749714980946849 0.02827924876408039
0 0.26268637552028073 0.4169047326479489 0.018197080161769463 0.02372426369233871
0 0.37424874317381374 0.03327992509162747 0.014296511636194165 0.0244276745831844
0 0.31667384118147 0.11393492362550961 0.01675496230946849 0.02752808183890587
0 0.33703360979589675 0.221841733726305 0.01232634221291995 0.021361411278607356
0 0.48770011185602713 0.0800118844750074 0.02114097134783144 0.02637053364920461
0 0.50732421875 0.034423828125 0.0048828125 0.01806640625
0 0.5078125 0.051513671875 0.00390625 0.02587890625
0 0.4864312789736813 0.04642291007844024 0.021637774809468713 0.027869521350348814
0 0.4463382424666462 0.05850005782227219 0.01330290471292006 0.021429699180895878
0 0.4574721261514252 0.07431630944595347 0.017203473238495137 0.0207262882900503
0 0.4591926362505394 0.030268565092520572 0.015755673911769463 0.02355354393661735
0 0.4423828125 0.007080078125 0.0166015625 0.01416015625
0 0.479736328125 0.005126953125 0.01416015625 0.01025390625
0 0.4396635758866929 0.19904650398600365 0.01040730605946849 0.02708421047403009
0 0.15125193025885753 0.02349308576456899 0.01821980605946849 0.02763051369233882
0 0.983642578125 0.008544921875 0.02197265625 0.01708984375
0 0.7910253601962023 0.0188936908077032 0.02315659256650382 0.03724929695378165
0 0.8206883647460699 0.037807003537901396 0.019752827502565684 0.03945169554577166
0 0.5556640625 0.007568359375 0.0166015625 0.01513671875
0 0.6228293512192118 0.06970171000133973 0.02120914904092852 0.03808928364920461
0 0.6775335700919567 0.14689813102203475 0.019721579393229494 0.03408060179577177
0 0.6762218006008958 0.20458360642432327 0.02166618218159233 0.032752333850348814
0 0.6983958236424453 0.25232939092168594 0.019264546252565684 0.039417551594627565
0 0.56005859375 0.412109375 0.0283203125 0.03515625
0 0.6025390625 0.418701171875 0.0263671875 0.02197265625
0 0.5873340768393502 0.3821162363802959 0.01977555340026471 0.04335794554577177
0 0.5996945078988187 0.35489545010168855 0.02218571154092852 0.03815757155149324
0 0.6460499785394825 0.3570228684929808 0.01730289904092852 0.0378161320400503
0 0.6040723202760739 0.27356761099253424 0.019264546252565684 0.03941755159462734
0 0.7722768514647015 0.22129474804889782 0.020706664104866657 0.03561373344806018
0 0.7417992064359396 0.1746176919709881 0.01977555340026471 0.04335794554577177
0 0.7660819439231111 0.36327189401148496 0.022719444586326576 0.04600421550263745
0 0.7889629849800139 0.3733858783077032 0.02267399279092852 0.03819171550263745
0 0.8184672337965178 0.33569270998904566 0.018296505964202847 0.04081410744233871
0 0.7118855659103235 0.3665735913385013 0.021217671252565684 0.039554127399204386
0 0.8495815295113824 0.1890445350180996 0.017311421252565684 0.0392809757900503
0 0.8724540483566481 0.20062336306431783 0.021186423143229494 0.03418303364920461
0 0.943031062467929 0.06634624680068402 0.02364487381650382 0.03728344090492608
0 0.9670957142908062 0.12469764299346942 0.02505574355946849 0.028108529008358918
0 0.8736269472748318 0.08291343786317357 0.022637063207167518 0.03184405925263745
0 0.855043852402708 0.08909372050665665 0.010955242790928521 0.03737226067517441
0 0.852783203125 0.016845703125 0.01416015625 0.03369140625
0 0.8119415877537262 0.11504760695735439 0.02068393820716763 0.03170748344806018
0 0.3445910945478414 0.5403544152769051 0.030594440804998957 0.057292706220946066
0 0.18976616797686807 0.5580139852896457 0.03444103532353904 0.0473119515801006
0 0.11181640625 0.438232421875 0.046875 0.01708984375
0 0.08038232021470149 0.6510773051448229 0.03984053644566282 0.052570347542687745
0 0.09598710950368536 0.7373528985070612 0.046020589200132356 0.024205625157563526
0 0.018310546875 0.469482421875 0.03662109375 0.05322265625
0 0.8008481254909794 0.5489665206955069 0.021683226604866768 0.035682021350348814
0 0.8412362731175727 0.5700583540005306 0.02557243218159222 0.03302548545950312
0 0.6991145301571775 0.7532657996312311 0.028573138111901875 0.04543738041636902
0 0.5437416668547442 0.781213419845116 0.025067106508318115 0.030061654008358918
0 0.741868360780625 0.5355198137839663 0.029424708174557113 0.024021293318657544
0 0.959451794437925 0.46905622427475624 0.03970418105946871 0.029132847542687634
0 0.8895751402159844 0.8185287959838129 0.03387605416880479 0.03409421387895617
0 0.7304620918739868 0.4826283311114293 0.027173631317786606 0.05656541731293607
0 0.990966796875 0.57958984375 0.01806640625 0.0263671875
0 0.8049774915286396 0.8459200745317754 0.03385332827110554 0.03018796387895617
0 0.6559841836866014 0.7001522675330731 0.03048933352814087 0.039226299970946066