0 0.43028846153846156 0.6706730769230769 0.055288461538461536 0.08653846153846154
0 0.4879807692307692 0.7860576923076923 0.04807692307692308 0.07451923076923077
0 0.4375 0.8581730769230769 0.055288461538461536 0.06971153846153846
0 0.3870192307692308 0.8954326923076923 0.0673076923076923 0.09134615384615384
0 0.5697115384615384 0.5625 0.06971153846153846 0.08173076923076923
0 0.859375 0.5853365384615384 0.057692307692307696 0.08653846153846154
0 0.33653846153846156 0.6213942307692307 0.052884615384615384 0.08173076923076923
0 0.3389423076923077 0.6959134615384616 0.04807692307692308 0.07211538461538461
0 0.25240384615384615 0.7572115384615384 0.040865384615384616 0.07451923076923077
0 0.22716346153846154 0.5625 0.05048076923076923 0.07692307692307693
0 0.20192307692307693 0.4495192307692308 0.052884615384615384 0.057692307692307696
0 0.24639423076923078 0.26322115384615385 0.07692307692307693 0.10576923076923077
0 0.8725961538461539 0.4723557692307692 0.057692307692307696 0.07451923076923077
0 0.9302884615384616 0.34615384615384615 0.0985576923076923 0.10576923076923077
0 0.875 0.23798076923076922 0.04567307692307692 0.07451923076923077
0 0.8341346153846154 0.2127403846153846 0.0625 0.06009615384615385
0 0.7872596153846154 0.08413461538461539 0.06490384615384616 0.06971153846153846
0 0.5432692307692307 0.3485576923076923 0.06490384615384616 0.08173076923076923
0 0.6899038461538461 0.12740384615384615 0.07932692307692307 0.0889423076923077
0 0.9266826923076923 0.22355769230769232 0.052884615384615384 0.07451923076923077