0 0.22607421875 0.202392578125 0.01123046875 0.068359375
0 0.216552734375 0.23828125 0.007080078125 0.044189453125
0 0.2314453125 0.281982421875 0.01513671875 0.046875
0 0.254638671875 0.30859375 0.009033203125 0.0576171875
0 0.269775390625 0.34033203125 0.0126953125 0.051025390625
0 0.23681640625 0.095458984375 0.012451171875 0.046875
0 0.218017578125 0.1142578125 0.013671875 0.04296875
0 0.2080078125 0.502685546875 0.010498046875 0.0458984375
0 0.2216796875 0.514892578125 0.00732421875 0.05712890625
0 0.225830078125 0.56982421875 0.010986328125 0.0546875
0 0.17333984375 0.613037109375 0.012451171875 0.052978515625
0 0.1435546875 0.60693359375 0.01318359375 0.041748046875
0 0.155029296875 0.648193359375 0.010498046875 0.06396484375
0 0.125732421875 0.6796875 0.01611328125 0.055908203125
0 0.107666015625 0.6181640625 0.01220703125 0.0634765625
0 0.29150390625 0.64794921875 0.01416015625 0.053466796875
0 0.290283203125 0.5869140625 0.0078125 0.027587890625
0 0.283935546875 0.114990234375 0.01123046875 0.055908203125
0 0.2080078125 0.30419921875 0.00927734375 0.02783203125
0 0.447021484375 0.208984375 0.023681640625 0.02490234375
0 0.42529296875 0.175537109375 0.023193359375 0.035400390625
0 0.425048828125 0.3251953125 0.022216796875 0.04150390625
0 0.435791015625 0.385498046875 0.016845703125 0.029541015625
0 0.476318359375 0.372802734375 0.017822265625 0.0478515625
0 0.54345703125 0.41162109375 0.01416015625 0.02783203125
0 0.604736328125 0.35986328125 0.019775390625 0.02734375
0 0.574462890625 0.500244140625 0.015380859375 0.02783203125
0 0.43505859375 0.50244140625 0.02001953125 0.0380859375
0 0.435546875 0.6376953125 0.021728515625 0.03369140625
0 0.41064453125 0.422119140625 0.020263671875 0.02978515625
0 0.5029296875 0.423583984375 0.020263671875 0.03515625
0 0.76123046875 0.462158203125 0.017822265625 0.025390625
0 0.754638671875 0.52392578125 0.015625 0.038818359375
0 0.810302734375 0.449951171875 0.022216796875 0.04248046875
0 0.43408203125 0.670654296875 0.0234375 0.0322265625
0 0.41552734375 0.621826171875 0.009521484375 0.022216796875
0 0.346435546875 0.829833984375 0.03759765625 0.06005859375
0 0.46630859375 0.805419921875 0.0478515625 0.01123046875
0 0.505126953125 0.81494140625 0.06396484375 0.0302734375
0 0.601318359375 0.81103515625 0.04833984375 0.0224609375
0 0.5368768365302086 0.8511650670181178 0.05685696582912336 0.03354393909133213
0 0.627505170971528 0.9110569304199766 0.036610545390733495 0.043579963781889