0 0.16973096378862396 0.012154131096672793 0.03235035864705604 0.02373011448518514
0 0.1798790331008504 0.1402730663287619 0.03571507165868282 0.03228721017910874
0 0.16017555828722826 0.22293270720413805 0.028674416270858483 0.02778289314328697
0 0.19428470537854542 0.1905173398030675 0.025872677450748727 0.02996798494936337
0 0.1988631918521988 0.28723974637705474 0.03132054040868282 0.03190273851322334
0 0.18282943061552293 0.3931232918824945 0.02751872561901214 0.0242794862453124
0 0.21132679500095214 0.4033836171652203 0.026565676588573117 0.0339169540233506
0 0.41121991039052114 0.12739116308278436 0.02214763186901214 0.02380957643145254
0 0.33460055228039176 0.18167493431872173 0.028776775214770733 0.02973601814328708
0 0.2458654659931162 0.1732510863864299 0.040288731060529104 0.03608965059499414
0 0.38035235470274764 0.259098500529804 0.03455938100683653 0.02878380328113428
0 0.2846637635676673 0.2022309992633975 0.02638654843672672 0.0304989852733506
0 0.6484886268224577 0.03269315309826437 0.03658304641551935 0.0581233973551214
0 0.7071038140256014 0.04669527111776678 0.03840614646921203 0.06508749207708331
0 0.6362193075799447 0.3133630146675641 0.029617083969212032 0.0643185487453124
0 0.6635568287806933 0.33893093499623883 0.02835903437345344 0.05886201684733772
0 0.6374351573083883 0.3927208916114877 0.04622279900204618 0.047301747908854
0 0.817138671875 0.462646484375 0.04052734375 0.05419921875
0 0.92041015625 0.478759765625 0.041015625 0.02197265625
0 0.8757011989044958 0.32478538813576474 0.03552763844116813 0.0658077401331596
0 0.979736328125 0.34130859375 0.04052734375 0.068359375
0 0.93695010529646 0.05209336949172555 0.038823887310529326 0.03596149337303234
0 0.908447265625 0.017333984375 0.03076171875 0.03466796875
0 0.8997148578829868 0.0435785500407706 0.0377940690721561 0.04413411740107054
0 0.9155639367075379 0.07456625939513983 0.021450480198353716 0.03832985670949074
0 0.8798536921206621 0.14194862906412126 0.04516323849486081 0.07345534003891774
0 0.7801371311049429 0.05502128566765119 0.054568530924751 0.07670840869467588
0 0.284912109375 0.98974609375 0.05126953125 0.0205078125
0 0.3964870731558915 0.875200980737038 0.04172798507455111 0.03572952656695594
0 0.44759268465793767 0.9143861045883113 0.03249351573083881 0.07283292536524888
0 0.46801890087819653 0.8174381502409733 0.035171458403892686 0.04973717795714694
0 0.2062289359305408 0.6985815065383397 0.03908186093672672 0.03160968119701957
0 0.2870740784709094 0.5938949807665806 0.041879447224002275 0.047893838742968695
0 0.34130859375 0.502197265625 0.0322265625 0.02490234375
0 0.43588711944491165 0.6255128523204003 0.05149361007455111 0.03658390804670131
0 0.5227479262065384 0.626252357474654 0.04933576718672672 0.03250678175075222
0 0.595458984375 0.78076171875 0.00830078125 0.0556640625
0 0.585693359375 0.870361328125 0.02783203125 0.03857421875
0 0.5456459128350839 0.9695751667347814 0.05606311694356325 0.05885559781461214
0 0.19939990176876493 0.7835484202400469 0.029617083969212032 0.0643185487453124
0 0.2210875929291451 0.9072241289464416 0.04416316252529984 0.0636469959649304
0 0.037169534076597344 0.5333514249821762 0.04380905875444141 0.03834180911290502
0 0.6500371431186159 0.602308867017998 0.05143827806976087 0.05407659489872674
0 0.6839934263330376 0.6792928472547747 0.046220722735629105 0.05653637258486688
0 0.6302700312345351 0.7399123223372976 0.056058964410729106 0.07732484716663768
0 0.7343500321534964 0.6199489681901624 0.042875370660729106 0.07617143216898137
0 0.7814822785912225 0.8453888198630792 0.055133581382685204 0.078215971518663