0 0.3002472803399333 0.39820014405015847 0.015596959719786918 0.027514179460954358
0 0.350830078125 0.6005859375 0.02099609375 0.0185546875
0 0.0925402435096497 0.42466722133743506 0.018963790584255125 0.024843490145685876
0 0.22459061790156554 0.5141386673922261 0.009044751927659411 0.015314432832167046
0 0.22885730443773578 0.5211298884761426 0.01829652673489357 0.014552584155009818
0 0.25410303876206214 0.5275066832109935 0.015477637986879289 0.020678241960954358
0 0.06645789468610291 0.354473581815288 0.009712015777021077 0.025605338822842993
0 0.08751722960858466 0.29338627994757427 0.009575648082269295 0.017792838822842993
0 0.13713552049688182 0.21648111812065568 0.014569259334255125 0.024510492479602408
0 0.21813190949929429 0.3254255372057451 0.015596959719786918 0.027514179460954358
0 0.25962482143092525 0.29497380898896564 0.015477637986879289 0.020678241960954358
0 0.3099287844992943 0.31846958595866737 0.010526641639503342 0.016401994554194887
0 0.3415001864368825 0.2697518835460828 0.015940350294113337 0.019250397951630305
0 0.3716933368025568 0.3279307751428224 0.01744780894872333 0.021802803423658035
0 0.385714654020358 0.3068752511538959 0.01952025568163096 0.028786739886361823
0 0.3255136409321314 0.3475220320163612 0.017362579139503342 0.016919990923658146
0 0.3678626846622739 0.40770561759620205 0.014569259334255236 0.024510492479602464
0 0.3093956704075228 0.48869474350528763 0.01706180346978703 0.0276251786829822
0 0.328482616430999 0.596478754656222 0.01256499644872322 0.021432806016898676
0 0.480677642049012 0.4537721780187069 0.021430765777020966 0.02649333259906561
0 0.5124571758347556 0.3372573813374743 0.015057540584255236 0.02454749222027841
0 0.5063385311010683 0.4084281599942337 0.015923304332269295 0.018273835451630194
0 0.5070167892687989 0.42544400426288187 0.015571390777020966 0.026049335710954358
0 0.47980088398262866 0.42019177099073474 0.021944615969786918 0.027995176089741558
0 0.43959988484511103 0.4325030934761622 0.013541558948723331 0.02150680549825057
0 0.45054057224376365 0.4482536619406155 0.01743076298687929 0.020826240923658035
0 0.452772484276742 0.40419735021858766 0.016017057122411194 0.023644929201630194
0 0.4366823006320608 0.3761584664015698 0.017010665584255236 0.0246954911829822
0 0.46082967938603236 0.3616501666084485 0.011622525872411194 0.02331193153554678
0 0.47375758370837295 0.37529961111019794 0.014458460582269517 0.018162836229602464
0 0.4312944143205024 0.5730838091142736 0.010714147219786918 0.027144182054194887
0 0.14516134842021688 0.39922387408510895 0.01852664721978703 0.02773617790500993
0 0.12674055727752154 0.3650223327214708 0.016925435775035247 0.0198126786829822
0 0.13162942142099643 0.33636902255538725 0.015923304332269295 0.018273835451630305
0 0.05927609527432953 0.31893276516610314 0.02136258192964524 0.022587082599065722
0 0.21692386414553444 0.2270147231498007 0.012641703277020966 0.025827337266898676
0 0.6150680024881593 0.20080281923371723 0.05560798193957406 0.056878345955705845
0 0.9215697884559605 0.15758445057989967 0.04878909040141788 0.057336912086242586
0 0.7300076534619178 0.15308237991554607 0.05951423193957406 0.05717434388111342
0 0.743310822345111 0.340789232482564 0.06310266030801359 0.06719896706584505
0 0.988037109375 0.436279296875 0.02392578125 0.05712890625
0 0.9304308685096496 0.292475644044353 0.03749043780404193 0.052579668050695805
0 0.5771484375 0.310791015625 0.0546875 0.05517578125
0 0.7300980793463172 0.39933141349946255 0.07289385425077954 0.06940380562936399
0 0.5813124994973823 0.542267273202246 0.042767778763900255 0.047615571448131444
0 0.7285529484619916 0.4599152882401385 0.0608512309757443 0.04996112435314126
0 0.6512475169993681 0.530628654035586 0.06543573914347489 0.03324127800990073
0 0.845208443338801 0.5373871322465598 0.0736488192468081 0.056782492610715884
0 0.17273658127397667 0.6336230344871965 0.020102289721772748 0.03419483337703788
0 0.17075430702518288 0.6913142214685484 0.022029845779006796 0.03287798858974167
0 0.19235442345206277 0.738928639647455 0.019707761261914536 0.03952892738636171
0 0.052462653211638684 0.9031341605273955 0.029010673954680474 0.04169676620920493
0 0.09469595551490123 0.9140753393385883 0.026501083857304625 0.03760551750582497
0 0.07987211572156747 0.8693608935402186 0.02026422635929037 0.04347217712703788
0 0.09253938794135445 0.8420687125233199 0.022611879819148584 0.038286082080417616
0 0.13883235390121268 0.8439248309091052 0.017729067319148584 0.037916084673657924
0 0.09786045277440333 0.7607180270979124 0.019707761261914536 0.039528927386361934
0 0.2665366101909278 0.7074627725553873 0.0211044211645387 0.035733676608389775
0 0.2366271895331259 0.6609656312179719 0.02026422635929037 0.04347217712703788
0 0.2586938519735532 0.8494713322028227 0.023236528763900255 0.04613558182109356
0 0.2814385191814257 0.8594510943910534 0.023100161069148584 0.03832308182109356
0 0.3113575717887303 0.8215865787004966 0.018756767704680488 0.04091977165500982
0 0.2045031562044752 0.8530900221678526 0.021660886261914536 0.0396769263490655
0 0.3441538116416368 0.6747613447785881 0.017754636261914536 0.039380928423657924
0 0.36687290990674326 0.6862059507168186 0.021567133471772748 0.0343058325990655
0 0.4619140625 0.61669921875 0.025390625 0.013671875
0 0.5175255293781631 0.8274200633945719 0.021686455204680488 0.0411417700990655
0 0.5057240209063903 0.8609859011801186 0.028823168374396912 0.030954578709204927
0 0.307373046875 0.61328125 0.02099609375 0.0068359375
0 0.6397099675358913 0.7711931435286076 0.06255471819155956 0.0637439985751691
0 0.7369582234202169 0.7033573196154465 0.060428662235673114 0.08162540612178937
0 0.8134429773768831 0.651723922310675 0.035296198000779544 0.06655482559731618
0 0.8499548881440492 0.9625067883625437 0.040462740208651926 0.05524307274475149
0 0.6207865739190844 0.9613419789802378 0.043108698000779544 0.06714682144813144
0 0.572021484375 0.96435546875 0.04443359375 0.046875
0 0.966552734375 0.959716796875 0.06689453125 0.07275390625