0 0.5456730769230769 0.3942307692307692 0.02403846153846154 0.04447115384615385
0 0.46634615384615385 0.30649038461538464 0.019230769230769232 0.036057692307692304
0 0.49399038461538464 0.33052884615384615 0.013221153846153846 0.038461538461538464
0 0.34975961538461536 0.29086538461538464 0.025240384615384616 0.03485576923076923
0 0.19591346153846154 0.13942307692307693 0.030048076923076924 0.03365384615384615
0 0.2403846153846154 0.36899038461538464 0.02403846153846154 0.03125
0 0.2704326923076923 0.36538461538461536 0.021634615384615384 0.038461538461538464
0 0.30288461538461536 0.36538461538461536 0.019230769230769232 0.03125
0 0.3137019230769231 0.41947115384615385 0.027644230769230768 0.037259615384615384
0 0.38341346153846156 0.40024038461538464 0.025240384615384616 0.026442307692307692
0 0.5661057692307693 0.11778846153846154 0.019230769230769232 0.030048076923076924
0 0.8197115384615384 0.08533653846153846 0.026442307692307692 0.028846153846153848
0 0.6802884615384616 0.09134615384615384 0.026442307692307692 0.039663461538461536
0 0.7199519230769231 0.04807692307692308 0.02403846153846154 0.039663461538461536
0 0.7848557692307693 0.027644230769230768 0.02403846153846154 0.03485576923076923
0 0.7427884615384616 0.08774038461538461 0.021634615384615384 0.028846153846153848
0 0.23197115384615385 0.46153846153846156 0.026442307692307692 0.026442307692307692
0 0.25961538461538464 0.734375 0.018028846153846152 0.027644230769230768
0 0.8100961538461539 0.7259615384615384 0.027644230769230768 0.052884615384615384
0 0.5480769230769231 0.609375 0.02283653846153846 0.021634615384615384
0 0.35336538461538464 0.5877403846153846 0.02403846153846154 0.026442307692307692
0 0.27884615384615385 0.8221153846153846 0.021634615384615384 0.037259615384615384
0 0.22956730769230768 0.7235576923076923 0.016826923076923076 0.039663461538461536
0 0.7103365384615384 0.8942307692307693 0.02283653846153846 0.03365384615384615
0 0.43509615384615385 0.8389423076923077 0.02403846153846154 0.04447115384615385
0 0.4831730769230769 0.02283653846153846 0.018028846153846152 0.025240384615384616
0 0.4206730769230769 0.05048076923076923 0.03245192307692308 0.027644230769230768
0 0.3329326923076923 0.07692307692307693 0.025240384615384616 0.027644230769230768
0 0.5396634615384616 0.34134615384615385 0.02283653846153846 0.028846153846153848
0 0.4266826923076923 0.46875 0.02403846153846154 0.038461538461538464
0 0.27403846153846156 0.5240384615384616 0.02403846153846154 0.026442307692307692
0 0.29447115384615385 0.16947115384615385 0.02283653846153846 0.03245192307692308
0 0.2439903846153846 0.19230769230769232 0.02283653846153846 0.042067307692307696
0 0.27884615384615385 0.21514423076923078 0.021634615384615384 0.036057692307692304
0 0.44591346153846156 0.6887019230769231 0.020432692307692308 0.037259615384615384
0 0.5961538461538461 0.171875 0.02283653846153846 0.030048076923076924