0 0.099853515625 0.009765625 0.04736328125 0.01953125
0 0.34751820720282267 0.09028044785991385 0.04397560425407554 0.05463044458203833
0 0.48055270564687835 0.07812640905458339 0.05229881600232611 0.07266341087644997
0 0.510498046875 0.271484375 0.03955078125 0.09635416666666667
0 0.11808314340329967 0.257632165531517 0.04766771706584505 0.08535069392721469
0 0.601318359375 0.345703125 0.03662109375 0.052083333333333336
0 0.169677734375 0.3489583333333333 0.03662109375 0.05859375
0 0.11870485437357803 0.520790445272513 0.046697862552445346 0.034039693272391126
0 0.10048258790504916 0.5589004711202185 0.0449370208770378 0.02874039168017554
0 0.12812002929200725 0.7232626085618664 0.050256545643936446 0.045289338123489266
0 0.06965184775646051 0.741814651744571 0.05282352035838969 0.030527639060881146
0 0.24304326048956187 0.7472654706042414 0.04345760788461239 0.045515861248704916
0 0.9295672746241742 0.8557467504165394 0.0287278862820477 0.051737314240254406
0 0.842529296875 0.986328125 0.02099609375 0.02734375
0 0.7177734375 0.9879557291666666 0.0234375 0.024088541666666668
0 0.7436195338287268 0.968498346259065 0.022639228216779383 0.055900410118431054
0 0.896728515625 0.9775390625 0.02587890625 0.044921875