0 0.12557764630570162 0.26413375219711355 0.03337925070716763 0.031046248812586885
0 0.1199594084182245 0.22177829704179675 0.026543313207167574 0.030887140601171925
0 0.1797314132603035 0.255059751378038 0.019684649809468602 0.026821782389756965
0 0.13303570525521297 0.3709082377356986 0.03633166410486666 0.03502068804605041
0 0.11671407353712082 0.08365152765301637 0.03148578118862755 0.041254695573611166
0 0.1437456679942884 0.11329989717960054 0.029992530066503764 0.036337788456879405
0 0.8708911702238853 0.4545686807220265 0.030089115131724853 0.052939350956879405
0 0.9718305721227856 0.09328397392855853 0.03587463096420285 0.04038041692380645
0 0.9676945479591123 0.13781985152875384 0.04123436176535322 0.038552305518489594
0 0.984375 0.385986328125 0.03125 0.04931640625
0 0.9110179700269396 0.3847777400757808 0.0320024698107515 0.04614887294585501
0 0.728990353664997 0.15460774280603268 0.030949207406017143 0.03294254945136721
0 0.1819935275153941 0.5716007468190101 0.05196518631650382 0.036849207707855935
0 0.09290792880057025 0.6200672371896483 0.03542327929796374 0.04671670830156249
0 0.1886827233319387 0.798038233224327 0.04271056846420285 0.04053952513522141
0 0.4144561494879557 0.8250142247476341 0.04040267686318488 0.06343191952400185
0 0.47234888849755663 0.871036451072851 0.04077164715026482 0.04293547189624558
0 0.11155482209348422 0.9712433315333548 0.05792114638172474 0.05358714867478298
0 0.25118905590742235 0.9655515718215926 0.06073152291880479 0.0331475254082465
0 0.5755466764802996 0.8979353380293831 0.048530173143229494 0.033839966102148455
0 0.0166015625 0.606689453125 0.033203125 0.04736328125
0 0.09013261776162715 0.8984898335398435 0.033930028175839955 0.04179980118483062
0 0.030502649780167146 0.8896224417036023 0.047584858752565684 0.03918833010766054
0 0.578857421875 0.974365234375 0.03466796875 0.05126953125
0 0.984375 0.573974609375 0.03125 0.04833984375
0 0.8900200121913157 0.7813887616964188 0.028150193817786606 0.055335297717903575
0 0.8527203077980862 0.7495376482369571 0.031221918178405694 0.07981754945136732
0 0.6803371413875995 0.7501314793890623 0.03146589602814087 0.037836726823611055