0 0.17171369874190484 0.5342377528409537 0.04042659255827141 0.04202247925407554
0 0.1943359375 0.33349609375 0.0107421875 0.0634765625
0 0.023073182004693105 0.20266066752333955 0.03778057242453059 0.035978105550695805
0 0.017333984375 0.3134765625 0.03466796875 0.0595703125
0 0.03268997244592564 0.38747483233103336 0.037906132825752836 0.05351923081001997
0 0.050048828125 0.009765625 0.04345703125 0.01953125
0 0.1429120748202523 0.5780577851938066 0.059884991378126196 0.06930737564976153
0 0.047939867690594606 0.24363143152683853 0.05598338793035784 0.041253345955705845
0 0.3241086436092273 0.3113562562179718 0.04826854831999655 0.0713490693735388
0 0.5667534133473604 0.36358316764864745 0.03799138861064477 0.05596063706001997
0 0.5597143970155678 0.4814809473427031 0.05421162335474672 0.032353284233678004
0 0.6418603999585721 0.13728579718536704 0.04424138447100612 0.02575391442015912
0 0.7480437428015229 0.1506672289773351 0.04688740460474672 0.0317982881235388
0 0.6304640661910199 0.17077763548956187 0.05288318886057386 0.03614853501165016
0 0.8310345041445444 0.14486555431242445 0.04184028283733632 0.040668634726103436
0 0.9624116161562697 0.10617802980194713 0.03788908166877425 0.05303094956001997
0 0.7304516367484408 0.375528317540854 0.05107267541877425 0.05402994255827043
0 0.526123046875 0.624267578125 0.03173828125 0.01123046875
0 0.9376472167140449 0.21567917490101274 0.07263610390129305 0.04397618088868804
0 0.8304656343600778 0.021700395469183897 0.04135200158733632 0.04063163498542749
0 0.4422122388356352 0.40175269578966155 0.047006762703595495 0.0352162568735388
0 0.3685437724111754 0.41950968814105327 0.04769345553496285 0.026989475104890692
0 0.673011163120598 0.36088831793129145 0.05107267541877447 0.05402994255827043
0 0.1875 0.642333984375 0.0244140625 0.02490234375
0 0.13371154406942953 0.7023221151398804 0.03702567496524978 0.042251762319343994
0 0.14603482191799477 0.7817415294289262 0.0548704161745307 0.03727309647435395
0 0.15613060050476402 0.9110026309586478 0.06144593976762314 0.058224905862465315
0 0.03379989479605011 0.7464171565064213 0.05837984301179605 0.05409665741840963
0 0.1123046875 0.63232421875 0.0517578125 0.0048828125
0 0.448974609375 0.702880859375 0.060791015625 0.02685546875
0 0.31298828125 0.677490234375 0.06396484375 0.037109375
0 0.81494140625 0.78955078125 0.047607421875 0.033935546875
0 0.819091796875 0.6611328125 0.05908203125 0.02978515625
0 0.582275390625 0.6591796875 0.0673828125 0.02490234375
0 0.206298828125 0.87158203125 0.01318359375 0.0244140625
0 0.41650390625 0.8857421875 0.072021484375 0.02978515625
0 0.50537109375 0.943115234375 0.078857421875 0.044189453125