0 0.171875 0.6622596153846154 0.03365384615384615 0.025240384615384616
0 0.20432692307692307 0.6766826923076923 0.021634615384615384 0.03485576923076923
0 0.20552884615384615 0.5649038461538461 0.028846153846153848 0.02403846153846154
0 0.16947115384615385 0.49759615384615385 0.03365384615384615 0.026442307692307692
0 0.2091346153846154 0.4651442307692308 0.020432692307692308 0.025240384615384616
0 0.1935096153846154 0.421875 0.03245192307692308 0.026442307692307692
0 0.27163461538461536 0.4567307692307692 0.02403846153846154 0.027644230769230768
0 0.31971153846153844 0.49759615384615385 0.018028846153846152 0.037259615384615384
0 0.38221153846153844 0.4723557692307692 0.021634615384615384 0.03365384615384615
0 0.4387019230769231 0.5588942307692307 0.03365384615384615 0.026442307692307692
0 0.7403846153846154 0.5576923076923077 0.025240384615384616 0.037259615384615384
0 0.7740384615384616 0.7740384615384616 0.018028846153846152 0.028846153846153848
0 0.7307692307692307 0.7752403846153846 0.019230769230769232 0.03125
0 0.8161057692307693 0.40024038461538464 0.025240384615384616 0.03125
0 0.48677884615384615 0.43028846153846156 0.025240384615384616 0.027644230769230768
0 0.4098557692307692 0.5697115384615384 0.019230769230769232 0.015625
0 0.23557692307692307 0.5480769230769231 0.015625 0.015625