0 0.712646484375 0.400634765625 0.01416015625 0.04150390625
0 0.445556640625 0.43701171875 0.03466796875 0.0458984375
0 0.5790520867555776 0.4105584268384537 0.02532325227951393 0.04119845369936337
0 0.527078341682943 0.39675286124580333 0.02963822942380645 0.03816495661524888
0 0.43605264496957497 0.3381113016321461 0.050123312179318535 0.03898259522271408
0 0.3041014257211807 0.23788084045153296 0.02256362960668401 0.027312983329427
0 0.8623924067354821 0.21973364376220977 0.031977351823611166 0.03398402073518514
0 0.8301333826447053 0.2992628398331011 0.029047664323611055 0.03372770629126154
0 0.9951171875 0.1875 0.009765625 0.037109375
0 0.9519853130331384 0.17494501652384153 0.02838890998995236 0.026360768467274198
0 0.72509765625 0.014404296875 0.0107421875 0.02880859375
0 0.5669712938697269 0.5192255740168102 0.04889753900292959 0.07006171892676494
0 0.3627812619307079 0.6231829991462088 0.04819332518029518 0.0607416561027776
0 0.19873046875 0.48046875 0.0419921875 0.041015625
0 0.0651371249265197 0.7525870492460647 0.059298780335612034 0.05635310105448488
0 0.45556640625 0.986572265625 0.0625 0.02685546875
0 0.6402106898837464 0.9651660220611677 0.05716422563619794 0.0693230994345484
0 0.656443677394076 0.6995529744645821 0.054575484303515776 0.0837152224906248
0 0.2373046875 0.975341796875 0.0498046875 0.04931640625
0 0.7399705997088979 0.5987437033463243 0.015750421851171925 0.02769147879360534
0 0.7996131840072488 0.8164188646328984 0.02117833996239149 0.0306027948574652
0 0.7658552215497402 0.8943550597318278 0.0238352705285374 0.0191403593013888
0 0.7633464425792541 0.933118526213917 0.023074640601171925 0.028332264903414117
0 0.7375584553072055 0.9347606652925917 0.017215265601171925 0.027819636015566918
0 0.7469616291648662 0.9828501708003754 0.027957453101171925 0.02875945564328708
0 0.7464302716553822 0.5203683651041079 0.010617582161805528 0.0165221005537326
0 0.7761123275422095 0.4766729480153058 0.016045500273025093 0.01943341661759257
0 0.808771571700456 0.5399538437504909 0.01756716838424488 0.02200298008955437
0 0.8219774869384551 0.5211304465721344 0.01967940159565984 0.0290097938855034
0 0.7632481749845056 0.5520515320456878 0.017453519661805528 0.01712016758955437
0 0.8081826396262157 0.6193300921305546 0.01470567011770818 0.02467635314563066
0 0.7528380183185117 0.6909921167240443 0.017215265601171925 0.02781963601556714
0 0.7763798434511506 0.8022040369054968 0.012684355884244769 0.021575789349681518
0 0.9232250365675352 0.683971136369588 0.021575702234440275 0.026739263931452317
0 0.9503508127124569 0.5723191873828113 0.015193951367708403 0.024719072219618
0 0.9471159066878259 0.6426927778929385 0.0160227705285374 0.01845685411759268
0 0.9484902397163633 0.6598680597909131 0.015716327234440053 0.02622663504360534
0 0.9209760166327043 0.6501515728976262 0.022098078101171925 0.02824682675543988
0 0.8811528867053389 0.6559259525806702 0.01366091838424488 0.0216612274976562
0 0.8927697611116324 0.6735100537823773 0.017544438639756965 0.02102641758955448
0 0.8932117663596792 0.6296928985043391 0.016147784123220488 0.02382794786759268
0 0.8759283115250438 0.598943574988772 0.01714707636770818 0.02488994851556714
0 0.8995586060967018 0.5883414971141481 0.01175325287322071 0.02344347620170717
0 0.9130831460140194 0.6041433496118044 0.0145579267785374 0.01832869689563066
0 0.8785552300393451 0.795550042442823 0.010867609351171925 0.0272642880537326