0 0.7920673076923077 0.4675480769230769 0.04807692307692308 0.04567307692307692
0 0.7079326923076923 0.3317307692307692 0.0625 0.0625
0 0.5625 0.31009615384615385 0.06009615384615385 0.06009615384615385
0 0.5276442307692307 0.3701923076923077 0.040865384615384616 0.04326923076923077
0 0.4375 0.31009615384615385 0.040865384615384616 0.038461538461538464
0 0.24278846153846154 0.5372596153846154 0.0625 0.06490384615384616
0 0.2127403846153846 0.4723557692307692 0.06490384615384616 0.06490384615384616
0 0.59375 0.17908653846153846 0.04807692307692308 0.04807692307692308
0 0.6262019230769231 0.3329326923076923 0.06009615384615385 0.06009615384615385
0 0.7512019230769231 0.4567307692307692 0.05048076923076923 0.05048076923076923
0 0.5108173076923077 0.06009615384615385 0.05048076923076923 0.04567307692307692