0 0.28927138505323735 0.3901084308581305 0.04969854183154643 0.06598435662584867
0 0.0986703854905156 0.2597469912517446 0.054893920064577384 0.07698244148562916
0 0.04197146253915482 0.31113201358313225 0.06100527336527839 0.052438354039321844
0 0.023193359375 0.44580078125 0.04638671875 0.0283203125
0 0.36758319695967023 0.15714019179795025 0.05907533831478351 0.06988853035943154
0 0.2517019683621856 0.07372154179485724 0.04536084071482471 0.06770717400204623
0 0.97900390625 0.236572265625 0.0419921875 0.03369140625
0 0.8473139768899383 0.2795355403389693 0.03668168118232995 0.03751258197639751
0 0.866798846990928 0.24330452142789133 0.02908751929925768 0.02785139218672672
0 0.874981389012433 0.07073859855648404 0.038819504115484516 0.04396259717030965
0 0.8965098544304743 0.020707755965515814 0.05263867956581447 0.032985949513673035
0 0.8365686782460825 0.06150412921277175 0.05263867956581447 0.032985949513673035
0 0.763427734375 0.00927734375 0.06201171875 0.0185546875
0 0.581298828125 0.099609375 0.02294921875 0.0498046875
0 0.983642578125 0.30224609375 0.03271484375 0.0341796875
0 0.986572265625 0.386474609375 0.02685546875 0.05517578125
0 0.58837890625 0.375 0.037109375 0.0390625
0 0.7179499746798557 0.05207184531945924 0.03862059864901035 0.03712665967030965
0 0.7161284747787836 0.09031132123532751 0.04337554334913407 0.032988025780090136
0 0.12062196576428869 0.5173098226912154 0.027725885581546428 0.06483281850683653
0 0.08056640625 0.48388671875 0.0244140625 0.0478515625
0 0.017134755830927884 0.5237114092185615 0.02804367643171135 0.05899903324281455
0 0.028078138278371217 0.6140966962069347 0.027702695632041252 0.047280283242814525
0 0.03177145078626825 0.9259016208026932 0.027910583514701104 0.07118047475683653
0 0.11086256305200026 0.9550103880462055 0.016628509748556786 0.05206281306531935
0 0.17913945298055678 0.5284248003598278 0.016671132348515583 0.05352765681531946
0 0.4029195659308866 0.504960361545904 0.02635151214859799 0.051109764034880406
0 0.41894090904575265 0.5681831029525406 0.03759096331478351 0.06876258197639745
0 0.48670356764633005 0.544092727415614 0.02887816359851536 0.05416740021477065
0 0.4646427305602475 0.6430540539504944 0.03403990164777326 0.08076489533857312
0 0.4776012932581033 0.7186629547589773 0.01779499529884543 0.04188567602325366
0 0.4524275385569486 0.7610604255017919 0.04029333028167015 0.06110362039226569
0 0.5173988276916702 0.7082638151587775 0.05200309786548463 0.044653520041716965
0 0.5229583766738765 0.7480725700349751 0.03071762833195879 0.05036350915868293
0 0.560546875 0.786865234375 0.0185546875 0.05224609375
0 0.554443359375 0.8603515625 0.03076171875 0.0283203125
0 0.5440689523533198 0.8853605230257434 0.042882036982000216 0.04953840880813409
0 0.5373362248856085 0.9228793338013921 0.048253130731999994 0.049819895903892575
0 0.5054596256014642 0.9534024398619213 0.03275077341474231 0.06997152836661691
0 0.47750495166872187 0.9338393713266919 0.021573377498969037 0.03769586266107805
0 0.4491240517363919 0.8996278652914627 0.03522581984851536 0.05450006678248531
0 0.465576171875 0.981201171875 0.02490234375 0.03759765625
0 0.4189453125 0.990966796875 0.0517578125 0.01806640625
0 0.3697331134528663 0.9106349297558843 0.043256657965443424 0.04565774854411209
0 0.327880859375 0.982421875 0.02978515625 0.03515625
0 0.3204376076714023 0.846710884145755 0.02586323089859799 0.05108417429890233
0 0.3143486226573197 0.7550931372976013 0.04233170048158763 0.06413566683617788
0 0.3525003727067837 0.7721656963772916 0.029210161981999994 0.04882189620074873
0 0.2619163631560827 0.8018533207551866 0.033011734131628945 0.06218461810259501
0 0.28541656456169084 0.6010991865965036 0.036429702881628945 0.06236374625444141
0 0.21036626303105155 0.5091833425212547 0.03380359869847416 0.05588814132455112
0 0.6038216733055053 0.7414648112428619 0.02921538709913407 0.03224592343672672
0 0.6788299983913816 0.6470640119723523 0.03965774858134019 0.0727711909203097
0 0.70458984375 0.491943359375 0.041015625 0.06396484375
0 0.6164480621121856 0.50313653430374 0.01921721644888663 0.04049760148118775
0 0.576416015625 0.55908203125 0.01318359375 0.056640625
0 0.9085532637235465 0.6765919217846261 0.028304637148597767 0.05121212297879263
0 0.7792746822210723 0.771391775498699 0.03437712514839175 0.058843418560529215
0 0.7696555360085156 0.6256771688444575 0.04005180221523719 0.05280283914226569
0 0.6293462128854023 0.8623835856238498 0.032637113148185515 0.06606527836661691
0 0.72713995925666 0.6939238035684598 0.03560044083195879 0.050619406518463306
0 0.7272970637860621 0.8337769589562842 0.04896350739797939 0.07423395840389257
0 0.6483352871382888 0.7586929850048376 0.04541767084810311 0.06966029900204629