0 0.6158831112746579 0.1485772329314244 0.023415115422102062 0.05409761532728593
0 0.614990234375 0.009440104166666666 0.02978515625 0.018880208333333332
0 0.5851007183919291 0.4808649980183168 0.034656947505568025 0.05574822140943292
0 0.623779296875 0.4934895833333333 0.01220703125 0.0703125
0 0.4682207125735762 0.6243333492409441 0.04107846542309623 0.0644087541949941
0 0.3686113375735761 0.6212421039905965 0.0438831562549713 0.0501767565062791
0 0.4061468375785475 0.6712218693779809 0.034367524591221166 0.07851952657977417
0 0.30841138633332 0.7150510836166092 0.05281994209002816 0.06737659677346652
0 0.2482104088259624 0.6409367727315977 0.04021553625775531 0.07739928120234385
0 0.5873248529499416 0.23230345981857722 0.030557520836647534 0.03349157943883115
0 0.8750616059138031 0.7094628325245086 0.042293657925880246 0.09178281052097799
0 0.7646244763237751 0.6402981625179981 0.02842860625695992 0.0692231052905381
0 0.7361487062877823 0.2859945730424192 0.05537498167468713 0.08047319592175928
0 0.720613586688408 0.1280030479823208 0.05391013792468713 0.0804277364327836
0 0.974609375 0.044596354166666664 0.05078125 0.061848958333333336
0 0.985107421875 0.09049479166666667 0.02978515625 0.044270833333333336
0 0.22829609253161787 0.8572855849456604 0.04059018417309623 0.06439360103200238
0 0.29701875211349293 0.8450992642608514 0.04241263083823843 0.049480255350636604
0 0.12340084878261215 0.8637932799024023 0.04579082792110767 0.045029035824913244
0 0.23807944670988435 0.9714906335461811 0.0375355000049713 0.04997976538738443
0 0.75927734375 0.8597005208333334 0.0556640625 0.099609375