0 0.1513671875 0.06998006090950504 0.0283203125 0.03239744384014753
0 0.19189453125 0.06415396401325935 0.033203125 0.034464217562586885
0 0.1982421875 0.02738512692408837 0.0283203125 0.02409666259014759
0 0.34326171875 0.08846288486764292 0.02880859375 0.03631505871239149
0 0.39599609375 0.08381750991529913 0.013671875 0.02863852892282992
0 0.3818359375 0.07584630996037295 0.02587890625 0.021110150728927968
0 0.36767578125 0.055179797505446715 0.02294921875 0.023971648995464445
0 0.52294921875 0.03545248688187891 0.0244140625 0.032306524862196206
0 0.5654296875 0.0662020242466575 0.0244140625 0.027911993612196206
0 0.5771484375 0.05029296875 0.0048828125 0.033203125
0 0.569580078125 0.02197265625 0.02001953125 0.033203125
0 0.44580078125 0.06459188669641891 0.01806640625 0.026787687773025093
0 0.45751953125 0.10289334851256471 0.01513671875 0.03306715478956168
0 0.575927734375 0.1611328125 0.00732421875 0.037109375
0 0.490234375 0.16023737082222178 0.01220703125 0.025674746806098048
0 0.45703125 0.20690861963480867 0.0302734375 0.023165559579123363
0 0.3984375 0.2605184980540795 0.02392578125 0.03229515998995225
0 0.3046875 0.30664586602491295 0.02783203125 0.035315766467903575
0 0.30908203125 0.1742193634247176 0.0361328125 0.022325375546050408
0 0.33251953125 0.13851759955700926 0.0263671875 0.033328546851171925
0 0.1025390625 0.23615561063389745 0.0390625 0.02385840852951393
0 0.0751953125 0.15769048097955723 0.0244140625 0.046954962362196206
0 0.123046875 0.3274751609996527 0.04443359375 0.030331078374197018
0 0.15283203125 0.3677975287927733 0.02587890625 0.03673515072892797
0 0.130859375 0.3976058230437499 0.02587890625 0.024528119478927968
0 0.11767578125 0.37886970584433577 0.033203125 0.018350936312586885
0 0.20751953125 0.3626184131014538 0.0380859375 0.029206772535026015
0 0.19921875 0.32326083467960043 0.0302734375 0.03439602832912314
0 0.169921875 0.319548195764236 0.029296875 0.03534986108463545
0 0.1474609375 0.22925066738745647 0.0205078125 0.02489138713424488
0 0.20361328125 0.41446714457940526 0.0283203125 0.038256818840147755
0 0.23388671875 0.4210867412502819 0.0380859375 0.035066147535026015
0 0.24658203125 0.3787990670719399 0.046875 0.036735558985416805
0 0.182373046875 0.471435546875 0.03857421875 0.01708984375
0 0.373046875 0.42614853391076357 0.04150390625 0.021473826640733495
0 0.36962890625 0.38521246301647105 0.02197265625 0.02394891925097653
0 0.41552734375 0.34166369627554216 0.03173828125 0.027105904195855013
0 0.45654296875 0.3573106095070526 0.01708984375 0.0296946455285374
0 0.45751953125 0.4256472547625647 0.0205078125 0.04002810588424488
0 0.55615234375 0.2944453005692921 0.02197265625 0.03224970050097653
0 0.53466796875 0.35353910494802476 0.02392578125 0.02985375373995236
0 0.69384765625 0.09808764057933977 0.02734375 0.02798018284565973
0 0.841796875 0.29923392803943083 0.0380859375 0.033113022535026015
0 0.853515625 0.32825804610557663 0.03955078125 0.018498679651757888
0 0.979248046875 0.225830078125 0.04150390625 0.03662109375
0 0.8837890625 0.12394014277645335 0.04150390625 0.04735273289073355
0 0.78759765625 0.15938214760850636 0.0361328125 0.04820428179605035
0 0.72412109375 0.31320333100021647 0.04345703125 0.040562254879709325
0 0.69091796875 0.36133942356280335 0.04150390625 0.047352732890733495
0 0.620361328125 0.460693359375 0.02978515625 0.03857421875
0 0.60107421875 0.2745633725556853 0.04150390625 0.050282420390733495
0 0.62646484375 0.04057396169900129 0.0400390625 0.02925223202400179
0 0.7392578125 0.007080078125 0.0341796875 0.01416015625
0 0.8896484375 0.3860107955595262 0.0322265625 0.03639461281809897
0 0.61669921875 0.5563175094993054 0.0400390625 0.06684988827400185
0 0.96240234375 0.5839157112006071 0.0302734375 0.07443509082912336
0 0.8896484375 0.50634765625 0.044921875 0.052734375
0 0.809326171875 0.4921875 0.03564453125 0.0244140625
0 0.79736328125 0.6458625067690534 0.0380859375 0.07461692878502602
0 0.82470703125 0.7375112301733937 0.044921875 0.06940494324644098
0 0.77978515625 0.8342599234198347 0.0322265625 0.07057430031809897
0 0.83154296875 0.5928208719619787 0.03369140625 0.06523730118483062
0 0.9833984375 0.7255859375 0.033203125 0.0859375
0 0.927734375 0.8269101171299258 0.06298828125 0.10302856851946629