0 0.41658764768113743 0.04843208591885545 0.03939267428496285 0.025234123112925833
0 0.46252329899537775 0.13139172172344438 0.035294215005968854 0.04746763996572012
0 0.4418403283733622 0.15534159132114989 0.02471633677337942 0.03771271285658784
0 0.41369828549566123 0.21778675558382588 0.03711093075014171 0.04365235822460234
0 0.35289875464126885 0.29740338024750135 0.0288845564304287 0.05935628230963186
0 0.32876062215320667 0.39047381087185384 0.025341027279206563 0.041641704921308476
0 0.45911622049637 0.4259738120356207 0.03159878119208298 0.06728249263323471
0 0.46614745807745384 0.3332110724264884 0.024660536750212625 0.06403441622714667
0 0.6184168011471669 0.30997952491894676 0.036481593692083036 0.06750991328044065
0 0.6005859375 0.439453125 0.0302734375 0.041015625
0 0.734375 0.449951171875 0.0322265625 0.02001953125
0 0.850421711025364 0.3852509965649945 0.03669705643042853 0.059720155345161174
0 0.7395059045949353 0.33221700824768396 0.040603306430428754 0.05990209186292583
0 0.7118040802983889 0.32323665762203646 0.02216177472690406 0.048318447968264344
0 0.6845176860716975 0.3401579553111096 0.033720862011725194 0.030332312086279067
0 0.7023469111759482 0.22048221864868345 0.026443150180428754 0.059242571986029
0 0.6922154538268868 0.1544398416842127 0.028622586773379477 0.037894649374352496
0 0.7069925425301988 0.10142051773371297 0.023876183529206618 0.04157347872714667
0 0.432373046875 0.013427734375 0.02587890625 0.02685546875
0 0.7954318953555972 0.04301401701040558 0.031978553197839155 0.05023813301267599
0 0.8974609375 0.016357421875 0.037109375 0.03271484375
0 0.9106275214894088 0.06454784261578972 0.041283796959422636 0.037509380557087635
0 0.9396484871756647 0.12530874780615786 0.022110621255968965 0.046853604218264344
0 0.992919921875 0.214111328125 0.01416015625 0.04833984375
0 0.9238111359376024 0.21799256333026046 0.04242466872683304 0.028300263001249326
0 0.9084713590540034 0.2548986060307602 0.04096602727920651 0.042369450992367
0 0.862972835518828 0.1704513844114507 0.03230252518042853 0.05951547676267599
0 0.989501953125 0.330810546875 0.02099609375 0.05126953125
0 0.298095703125 0.818359375 0.02294921875 0.0390625
0 0.22471176473464483 0.9233263085471386 0.0197141661745307 0.03406732345938224
0 0.09964356010673125 0.9271951521156072 0.02173549580244427 0.036111416718264344
0 0.12276793697874683 0.9031315721942987 0.020963547186184983 0.04192530758882329
0 0.27820103719392575 0.9144770251778747 0.023893234686184983 0.042061759977146895
0 0.306396484375 0.94287109375 0.00634765625 0.0390625
0 0.6705357580476093 0.7087206770852121 0.09991940732589466 0.09727636631467496