0 0.26909034581958785 0.5184935707534594 0.02886918118232995 0.0379164400578651
0 0.24002830595080438 0.5911379681007687 0.03253390311589688 0.029934523201951446
0 0.5224387447210723 0.48656509746759297 0.03125375729905144 0.03616260530416915
0 0.19696515282701044 0.24956043325103483 0.02363118034934031 0.025310828315257217
0 0.3481365460043919 0.4728240551314901 0.025536457632247433 0.040567121213039625
0 0.3880141005207425 0.4872830258716143 0.031154304565814472 0.03274463655416904
0 0.46885256387709284 0.2688316791892961 0.015273568966061912 0.022680116477823753
0 0.7133402164567837 0.13960729007120037 0.0469961748646599 0.0749560030319929
0 0.72607421875 0.024169921875 0.04296875 0.04833984375
0 0.7079011961840415 0.3544710093889414 0.035183197248556786 0.05401973664899451
0 0.6850349331529899 0.2717422838199881 0.03890474931540211 0.04799094479308108
0 0.9494763044332168 0.40341790267451194 0.050319915998556564 0.05525533617607925
0 0.9755859375 0.5673828125 0.048828125 0.0888671875
0 0.781609296647423 0.47690978723249544 0.0436066211812991 0.07565355918716743
0 0.8835255171623302 0.5475806873309579 0.03576570611465968 0.07403926789899451
0 0.580078125 0.02294921875 0.041015625 0.0458984375
0 0.9729652339416702 0.10575556517572426 0.03635866521503095 0.06093539024751626
0 0.566650390625 0.660400390625 0.01416015625 0.06298828125
0 0.6325226535689693 0.29181181895056174 0.04205277493232995 0.03899260738790655
0 0.34686015748659815 0.8217158240723534 0.03802763954863919 0.05132919744455933
0 0.4472434322210723 0.7894789545685983 0.04092368686486614 0.06715348769086349
0 0.18687668736740232 0.8982868436685096 0.03874846644888663 0.04261985104308108
0 0.8005862773402682 0.8355281289863098 0.035296857515113356 0.05792598664899473
0 0.8587575586397321 0.8592743475490833 0.03696060673158763 0.06488149829677714
0 0.764404296875 0.71630859375 0.02392578125 0.0126953125
0 0.74462890625 0.728759765625 0.033203125 0.03759765625
0 0.9314494096393198 0.8798217763396805 0.05288396493129899 0.07641086212312242
0 0.9311487619586393 0.7857827853359844 0.04216643519888663 0.04289885738790655
0 0.88037109375 0.7255859375 0.0419921875 0.03125
0 0.898681640625 0.717529296875 0.03173828125 0.01513671875