0 0.27524038461538464 0.3233173076923077 0.04567307692307692 0.04807692307692308
0 0.3401442307692308 0.34134615384615385 0.040865384615384616 0.04326923076923077
0 0.4483173076923077 0.29927884615384615 0.026442307692307692 0.026442307692307692
0 0.5733173076923077 0.35697115384615385 0.055288461538461536 0.057692307692307696
0 0.5889423076923077 0.24158653846153846 0.04567307692307692 0.04567307692307692
0 0.6394230769230769 0.26322115384615385 0.040865384615384616 0.038461538461538464
0 0.6730769230769231 0.34975961538461536 0.04326923076923077 0.04326923076923077
0 0.8894230769230769 0.6875 0.052884615384615384 0.055288461538461536
0 0.109375 0.35336538461538464 0.052884615384615384 0.055288461538461536
0 0.1814903846153846 0.37740384615384615 0.038461538461538464 0.040865384615384616
0 0.21033653846153846 0.4362980769230769 0.04567307692307692 0.04567307692307692
0 0.1814903846153846 0.4651442307692308 0.040865384615384616 0.04326923076923077
0 0.40024038461538464 0.7055288461538461 0.05048076923076923 0.055288461538461536
0 0.515625 0.5769230769230769 0.03125 0.03125
0 0.5625 0.39663461538461536 0.04567307692307692 0.04807692307692308
0 0.4963942307692308 0.125 0.04807692307692308 0.052884615384615384
0 0.6225961538461539 0.32211538461538464 0.04326923076923077 0.04567307692307692
0 0.48677884615384615 0.5889423076923077 0.038461538461538464 0.040865384615384616
0 0.25240384615384615 0.6009615384615384 0.038461538461538464 0.040865384615384616
0 0.29086538461538464 0.6694711538461539 0.038461538461538464 0.038461538461538464
0 0.47836538461538464 0.8257211538461539 0.040865384615384616 0.040865384615384616
0 0.5288461538461539 0.9459134615384616 0.036057692307692304 0.038461538461538464
0 0.4074519230769231 0.5372596153846154 0.036057692307692304 0.036057692307692304