0 0.17356257349660542 0.09620537870638718 0.05485209428692661 0.069254287996808
0 0.22506864116965908 0.11872239676681318 0.03666189188987068 0.0479598899145387
0 0.2613058888799884 0.1254073919476646 0.046273978474002275 0.045200662032978345
0 0.14487710135468856 0.18744331727156427 0.04467910977769496 0.05200250760929037
0 0.07788919076541767 0.11592524325525153 0.046683414249651056 0.05301316203297829
0 0.10372937514196412 0.17206301238085464 0.038512657945958484 0.04604085683822656
0 0.04547036797609583 0.17600693461057038 0.04200324337105843 0.06610300299283645
0 0.009521484375 0.321044921875 0.01904296875 0.04541015625
0 0.357421875 0.356201171875 0.0439453125 0.00732421875
0 0.507568359375 0.214599609375 0.04443359375 0.07568359375
0 0.48064237654106634 0.10108980697553899 0.06980968488508044 0.06610053165538943
0 0.1575226361101767 0.309181233515607 0.04198180616791447 0.04707708020468049
0 0.17340420800893008 0.19231155514716736 0.038870914249651056 0.052876794338226674
0 0.6789959025896198 0.045621519636459024 0.03571299539226569 0.039162304433616735
0 0.6163382116409174 0.031104507156316588 0.030727823948353494 0.037123949624396885
0 0.8497394525958059 0.26899642477163804 0.0507985346703097 0.03844995434219811
0 0.8449638261115251 0.1739520406400777 0.048355052153892686 0.04767616020666621
0 0.9239865431371739 0.16476734071163868 0.04056814188987046 0.048028073761914536
0 0.9515460668960566 0.09501377714646161 0.025793831976397508 0.03606215731517709
0 0.98876953125 0.123046875 0.0224609375 0.0517578125
0 0.5646737784801883 0.10469366553667075 0.031519029497255935 0.06152948914347489
0 0.24982507703048634 0.6371954347636212 0.07474367685703642 0.0671623239646093
0 0.1929631240113252 0.5679397843979469 0.07343652405573886 0.051528800983687284
0 0.1367513483731992 0.8772324188335494 0.06734476516551935 0.056300814731701454
0 0.278564453125 0.975341796875 0.04833984375 0.04931640625
0 0.14453125 0.98388671875 0.056640625 0.0322265625
0 0.569580078125 0.80615234375 0.07958984375 0.1005859375