0 0.10199412419988862 0.15801251190695997 0.04200914573238901 0.03745982068606868
0 0.04638671875 0.005615234375 0.0458984375 0.01123046875
0 0.04400872799480915 0.33353735396857054 0.030437237470946066 0.031922907867802275
0 0.2995402755665507 0.3094147769083502 0.026793873146120584 0.042409143069350286
0 0.23791729738959 0.15447252190494565 0.021433045330100375 0.035288814126625656
0 0.16431671214575805 0.19863526032445133 0.042746700574379015 0.03409873022461363
0 0.05173841806387125 0.07000285889256452 0.021306735459503123 0.026528190770898075
0 0.677734375 0.443359375 0.03125 0.0126953125
0 0.942626953125 0.431396484375 0.02587890625 0.03662109375
0 0.9409740094873014 0.39134671772336527 0.026701707226667537 0.034136800963622704
0 0.990478515625 0.355224609375 0.01904296875 0.03173828125
0 0.9158489338525817 0.1525815466307962 0.020818454209503123 0.026499751626625656
0 0.63617312924079 0.1951306072218219 0.03649121024383195 0.04200136345479921
0 0.7916965227918786 0.39809597087073584 0.002997975402288633 0.0011471973656347334
0 0.8098278707949627 0.4169779363498377 0.026042706220946177 0.031666955569350286
0 0.7636016058667041 0.4104307504499932 0.025417849166369022 0.029685391425077645
0 0.12058675677296993 0.5451140512547947 0.050429317068210966 0.07442218416733803
0 0.12656597683152426 0.6473735381094385 0.04944940841900636 0.05345452956161045
0 0.20697884904455804 0.6796482585831215 0.07215961951099636 0.0513732005924159
0 0.00927734375 0.551513671875 0.0185546875 0.07080078125
0 0.180908203125 0.459228515625 0.04736328125 0.01904296875
0 0.10119299252301195 0.8224578012547947 0.06957806382084841 0.09790693086114644
0 0.2277602681264448 0.8136272191382294 0.05987046078915714 0.10512220883142498
0 0.3061142373368412 0.8683913162561849 0.07267512492736528 0.07960819565959865
0 0.7592063921576055 0.5945976434928733 0.04221735558845929 0.06130028450325131
0 0.6413255197143736 0.5348413374552589 0.054851299970946066 0.03334486508142487
0 0.6015625 0.89111328125 0.0234375 0.029296875
0 0.8319922336413763 0.9584818425998378 0.048175816292687745 0.042195621667338035
0 0.8344264926202347 0.8610815448982898 0.048790407413285 0.050984684167338146
0 0.9715342106796402 0.7641043854832724 0.05239270800219087 0.06772844238870035
0 0.8339542596571589 0.5479366205348226 0.049698682010996365 0.05006499995588304