0 0.17966607630441878 0.21310754756363082 0.020209860643229494 0.0343490237696924
0 0.22030704954291402 0.2359470156522766 0.025526980386194165 0.025510118561561157
0 0.24995617595724917 0.2988853736079241 0.022574566988495137 0.02136472026599645
0 0.24181163525393012 0.32506325552049065 0.026475135514070436 0.02070702216008269
0 0.2177734375 0.413818359375 0.0244140625 0.01220703125
0 0.248291015625 0.412841796875 0.02099609375 0.01416015625
0 0.42172006165543685 0.20992792124698378 0.01870240583504379 0.026905230871910102
0 0.43903148290800265 0.24940889047111148 0.015278755610618866 0.02564966202708452
0 0.4399562610371208 0.07281051016815465 0.01040446532225614 0.026715925284476638
0 0.431664001998758 0.07359776708072119 0.008403047789645735 0.018255711837433464
0 0.080078125 0.416748046875 0.021484375 0.00634765625
0 0.28271484375 0.411376953125 0.013671875 0.01708984375
0 0.419940872726451 0.40744267920141897 0.009402336187344762 0.022241677935955106
0 0.40380486557875195 0.4022211135758129 0.021654819232742817 0.03105062916747503
0 0.42959854971238054 0.38968515268663484 0.015298640771105765 0.02906763077708452
0 0.05651474512861965 0.3528859468013896 0.01619850336637141 0.01596375312560605
0 0.48246830344698644 0.12253814091493193 0.04077448788747706 0.04578868683864579
0 0.5605481772021178 0.20504744574739797 0.04864664336893709 0.056680321876818374
0 0.469482421875 0.209228515625 0.03955078125 0.06103515625
0 0.5024714413747711 0.28913166733610285 0.03191724769437998 0.033352491951951446
0 0.6221376027590615 0.38918906260573616 0.04314487570716752 0.033780945834949616
0 0.6821422225020263 0.3848142589148136 0.018356161445662877 0.051279435322649336
0 0.7467537776848606 0.24953023751575976 0.03060012227942377 0.05862354280416904
0 0.8428709992168093 0.16074244376939667 0.04003370657610472 0.08623631449012414
0 0.9442346476119426 0.13485323051564146 0.04137071715154761 0.06438323238790655
0 0.781494140625 0.00634765625 0.03076171875 0.0126953125
0 0.6106533317455712 0.09298174537052031 0.0549630515096009 0.05182738276720872
0 0.7806784499368054 0.3762640223654936 0.03383628384783144 0.02765254914899451
0 0.942353192143311 0.3147898634700767 0.03350424314451228 0.054468159849733855
0 0.47607421875 0.39794921875 0.052734375 0.0439453125
0 0.60986328125 0.41357421875 0.04296875 0.0126953125
0 0.9486642443600797 0.39290487881120617 0.0290727823107515 0.04776178115638663
0 0.8865701442309206 0.3736827503050856 0.0525102823107515 0.04967496752090472
0 0.7952725878792406 0.28423790314257824 0.048746069171370365 0.07377016562681837
0 0.2666142276509673 0.6327608843950028 0.04805893631650382 0.03955062007755772
0 0.18511671069636543 0.6339170901684505 0.04814983990729993 0.05517562007755761
0 0.07605102550198545 0.5942670264332939 0.049080950611901875 0.04744283617607925
0 0.07992416330702523 0.8405600666795978 0.028612908432875228 0.052604735607125974
0 0.2757647148779986 0.8633790819331755 0.04028620663747717 0.04574882878938502
0 0.2939453125 0.43115234375 0.0302734375 0.0224609375
0 0.4375 0.43408203125 0.0244140625 0.0283203125
0 0.436279296875 0.498779296875 0.02685546875 0.05615234375
0 0.3663709954354817 0.5823380344934652 0.058789760867654195 0.03847437216129501
0 0.05902586760681128 0.43621342955768766 0.03381639868734476 0.024234580398994676
0 0.5021415903076054 0.44420605634846244 0.0460575187838933 0.031090406630514433
0 0.4770293575544188 0.48998500028690123 0.039772358752565684 0.041314439490124144
0 0.467529296875 0.58544921875 0.03564453125 0.0517578125
0 0.4580078125 0.6689453125 0.0166015625 0.029296875
0 0.48557225256853 0.7000555272758131 0.02125460083632663 0.04614748986821415
0 0.514704364810212 0.6741266977314606 0.01940374237597231 0.06356618267117087
0 0.5352913924016292 0.6055280938496748 0.02527732106203423 0.06648588551230039
0 0.517333984375 0.991943359375 0.02783203125 0.01611328125
0 0.87548828125 0.98193359375 0.0400390625 0.0361328125
0 0.8017234873204746 0.849827264598285 0.030580237118937093 0.05520557405416904
0 0.8197270718012728 0.756615307970195 0.02038030487597231 0.0636458987696924
0 0.8119824239438406 0.6837518122312831 0.03737640429796385 0.048927649243820204
0 0.8526713641644168 0.6309475446191897 0.03295914715026482 0.04466267680047309
0 0.80615234375 0.42822265625 0.0380859375 0.0166015625
0 0.9691493309623805 0.6863321978432583 0.029558222823538927 0.047313357955647506
0 0.9438638132392386 0.702325985531697 0.029549700611901875 0.04584851420564773
0 0.9304355905384445 0.5753131137509164 0.023210566573538927 0.04679520331525722
0 0.9566777856010997 0.5559810734109992 0.026109005964202847 0.041663257860822034
0 0.9092700292072899 0.7961358934849201 0.036964822952697984 0.06207138494455933