0 0.49065170465760555 0.048859238785669834 0.04221735558845929 0.059746823761914536
0 0.5634375461413763 0.42020978718191004 0.048175816292687745 0.0403434184757443
0 0.5658718051202347 0.3224768303536122 0.048790407413285 0.0491324809757443
0 0.7029795231796402 0.23540552049070318 0.05239270800219087 0.06577665838035418
0 0.9526137506783005 0.11216594383523992 0.05150496527243931 0.05308134588035418
0 0.7648649320590429 0.24528552454871677 0.03876189673811048 0.038228356838226674
0 0.9401239843442648 0.3187430045089279 0.04305734228388225 0.05781074472375858
0 0.565185546875 0.015625 0.04931640625 0.03125
0 0.98876953125 0.205810546875 0.0224609375 0.02880859375
0 0.991455078125 0.17041015625 0.01708984375 0.0341796875
0 0.07289139200004202 0.5764259486585076 0.018991639080100375 0.034469468851347385
0 0.13362594498815256 0.5398425271382234 0.018776509439254796 0.038367195870425364
0 0.165599887746958 0.5580002148409181 0.015891231824378904 0.03197692471581548
0 0.2617707621289982 0.5459903211207044 0.013948372758358918 0.025115418273049528
0 0.04201028316422012 0.6125527095150327 0.01677562840492608 0.023701712408581432
0 0.5735983765264585 0.7845503581536828 0.04005936688159362 0.056783044338226674
0 0.629245025821337 0.6809019457649589 0.043624177370150674 0.051968415685602454
0 0.38720703125 0.845703125 0.0146484375 0.033203125
0 0.44111393144108313 0.8614359456139676 0.034763480818657544 0.029867914721772748