0 0.25 0.2764423076923077 0.04807692307692308 0.052884615384615384
0 0.30288461538461536 0.24879807692307693 0.04807692307692308 0.05048076923076923
0 0.45913461538461536 0.25 0.05048076923076923 0.06971153846153846
0 0.5432692307692307 0.036057692307692304 0.04807692307692308 0.057692307692307696
0 0.6454326923076923 0.08052884615384616 0.04326923076923077 0.0673076923076923
0 0.6923076923076923 0.14182692307692307 0.03365384615384615 0.04567307692307692
0 0.7740384615384616 0.23798076923076922 0.040865384615384616 0.057692307692307696
0 0.6682692307692307 0.23197115384615385 0.04807692307692308 0.04807692307692308
0 0.7019230769230769 0.26802884615384615 0.03125 0.036057692307692304
0 0.6454326923076923 0.3173076923076923 0.040865384615384616 0.052884615384615384
0 0.6754807692307693 0.4026442307692308 0.036057692307692304 0.06009615384615385
0 0.7295673076923077 0.4026442307692308 0.04807692307692308 0.04567307692307692
0 0.7740384615384616 0.3701923076923077 0.038461538461538464 0.04326923076923077
0 0.7704326923076923 0.39903846153846156 0.03125 0.052884615384615384
0 0.5432692307692307 0.35096153846153844 0.05048076923076923 0.055288461538461536
0 0.5889423076923077 0.45072115384615385 0.040865384615384616 0.052884615384615384
0 0.6105769230769231 0.515625 0.04326923076923077 0.04567307692307692
0 0.6610576923076923 0.5612980769230769 0.021634615384615384 0.028846153846153848
0 0.7319711538461539 0.6346153846153846 0.03365384615384615 0.057692307692307696
0 0.7800480769230769 0.6382211538461539 0.03365384615384615 0.038461538461538464
0 0.7944711538461539 0.6658653846153846 0.028846153846153848 0.036057692307692304
0 0.7740384615384616 0.6923076923076923 0.04326923076923077 0.052884615384615384
0 0.8713942307692307 0.7259615384615384 0.04326923076923077 0.055288461538461536
0 0.875 0.7896634615384616 0.021634615384615384 0.026442307692307692
0 0.7596153846153846 0.8257211538461539 0.03125 0.05048076923076923
0 0.7391826923076923 0.8353365384615384 0.036057692307692304 0.055288461538461536
0 0.7139423076923077 0.78125 0.04807692307692308 0.04326923076923077
0 0.671875 0.8293269230769231 0.04326923076923077 0.06490384615384616
0 0.65625 0.7560096153846154 0.036057692307692304 0.055288461538461536
0 0.6538461538461539 0.7235576923076923 0.036057692307692304 0.04567307692307692
0 0.6610576923076923 0.7067307692307693 0.038461538461538464 0.04807692307692308
0 0.7127403846153846 0.6947115384615384 0.03125 0.0673076923076923
0 0.5144230769230769 0.6646634615384616 0.021634615384615384 0.03125
0 0.42908653846153844 0.5120192307692307 0.03365384615384615 0.06009615384615385
0 0.38221153846153844 0.47596153846153844 0.03125 0.0673076923076923
0 0.3701923076923077 0.18269230769230768 0.02403846153846154 0.03365384615384615
0 0.2860576923076923 0.35697115384615385 0.026442307692307692 0.038461538461538464
0 0.2848557692307692 0.3894230769230769 0.038461538461538464 0.04807692307692308
0 0.2548076923076923 0.4110576923076923 0.038461538461538464 0.06009615384615385
0 0.23677884615384615 0.47836538461538464 0.026442307692307692 0.02403846153846154
0 0.30649038461538464 0.46033653846153844 0.04807692307692308 0.040865384615384616
0 0.2620192307692308 0.6730769230769231 0.03365384615384615 0.028846153846153848
0 0.25841346153846156 0.7115384615384616 0.038461538461538464 0.0625
0 0.29927884615384615 0.7283653846153846 0.03365384615384615 0.04807692307692308
0 0.3161057692307692 0.7884615384615384 0.040865384615384616 0.052884615384615384
0 0.4543269230769231 0.9086538461538461 0.040865384615384616 0.04326923076923077
0 0.546875 0.8677884615384616 0.04567307692307692 0.05048076923076923
0 0.16346153846153846 0.8353365384615384 0.052884615384615384 0.057692307692307696
0 0.11298076923076923 0.8834134615384616 0.038461538461538464 0.05048076923076923
0 0.17908653846153846 0.11057692307692307 0.04807692307692308 0.06490384615384616