0 0.39783653846153844 0.41346153846153844 0.08173076923076923 0.09615384615384616
0 0.5384615384615384 0.4362980769230769 0.055288461538461536 0.057692307692307696
0 0.6634615384615384 0.43509615384615385 0.07932692307692307 0.09134615384615384
0 0.5913461538461539 0.5180288461538461 0.08653846153846154 0.08653846153846154
0 0.5432692307692307 0.234375 0.09134615384615384 0.09375
0 0.828125 0.15745192307692307 0.09615384615384616 0.0985576923076923
0 0.9002403846153846 0.49399038461538464 0.10096153846153846 0.09134615384615384
0 0.5276442307692307 0.6262019230769231 0.08413461538461539 0.07932692307692307
0 0.9891826923076923 0.7367788461538461 0.016826923076923076 0.10336538461538461
0 0.4387019230769231 0.21634615384615385 0.06971153846153846 0.09375
0 0.6502403846153846 0.2860576923076923 0.0889423076923077 0.10096153846153846
0 0.7740384615384616 0.9314903846153846 0.0889423076923077 0.07932692307692307