0 0.591796875 0.1070971069426329 0.03369140625 0.052873519954293347
0 0.958984375 0.09731523004946425 0.04345703125 0.05868830834684221
0 0.9130859375 0.4280598958333333 0.0341796875 0.022786458333333332
0 0.8369140625 0.3340625849563244 0.03466796875 0.049678957126881564
0 0.54833984375 0.06747812362280847 0.04052734375 0.05850637182907755
0 0.73828125 0.0446148643877341 0.04248046875 0.050164121174253985
0 0.3828125 0.5565421870731505 0.04345703125 0.055433100013508874
0 0.349609375 0.6217551759411498 0.04150390625 0.06442639233499925
0 0.279296875 0.7634914440341678 0.02978515625 0.06630281293060729
0 0.259765625 0.5088449791525989 0.04150390625 0.06833264233499925
0 0.1953125 0.6541236242100876 0.0322265625 0.03585546836207776
0 0.08056640625 0.7536973878225361 0.02978515625 0.04416739626394062
0 0.216796875 0.4541015625 0.0439453125 0.029296875
0 0.2900390625 0.958984375 0.0302734375 0.08203125
0 0.1259765625 0.8387679967971842 0.03271484375 0.050859749448371794
0 0.8125 0.5145474517532043 0.04248046875 0.05276828784092066
0 0.685546875 0.9299834508563388 0.02978515625 0.05849031293060728
0 0.673828125 0.7907372385940641 0.0458984375 0.030194088778312828
0 0.69677734375 0.47876519420490765 0.0322265625 0.05343359336207776
0 0.8544921875 0.7228771949985777 0.041015625 0.045515861248704916
0 0.95458984375 0.9354110306416191 0.04296875 0.06061111059388136
0 0.94677734375 0.6260003613556581 0.0283203125 0.07142017800505822
0 0.97705078125 0.6586255590054234 0.01318359375 0.07048017266327422
0 0.97705078125 0.7582349340054234 0.03564453125 0.0627604359661363