0 0.02739698316904604 0.060144822462692094 0.04958153450325131 0.04084453449442793
0 0.3916481573119283 0.2491128556922536 0.03321230095479921 0.03551151148343701
0 0.10331153895078188 0.2027045955530935 0.028509754915170604 0.021612123329257216
0 0.15146675608297963 0.17148349033730337 0.025518373329257382 0.028737268069350286
0 0.14622341066223699 0.19922538835711778 0.023423052607895123 0.026182105242260167
0 0.4189453125 0.06884765625 0.0185546875 0.037109375
0 0.579345703125 0.283935546875 0.05712890625 0.03173828125
0 0.8276816872441215 0.053072847735593176 0.06113400979504746 0.08044737823560455
0 0.9661246821701298 0.19248069160912074 0.04336644237987697 0.05946091608034121
0 0.798828125 0.2734375 0.0556640625 0.052734375
0 0.73974609375 0.2841796875 0.0517578125 0.03125
0 0.24163043066703171 0.4968368128705826 0.0521603206772453 0.051700478571517716
0 0.32321192579597813 0.4254537126229034 0.05971205258142498 0.05603331573560455
0 0.3228702004247713 0.4700579412385381 0.043968480206966865 0.06144248022461357
0 0.36968923341610105 0.3654240136571132 0.05183304269814348 0.07114641113870038
0 0.39404296875 0.57275390625 0.03125 0.072265625
0 0.34779525624180074 0.5783522537561849 0.059351519660682195 0.08326330915851465
0 0.07526917577833131 0.45851236370185433 0.0637224275637781 0.07475863810123928
0 0.08789407387755621 0.38085683740231846 0.042660279570433945 0.03898154272461357
0 0.10704233828777887 0.7937388850950431 0.037587569015326006 0.0688568322047991
0 0.156832578395674 0.8158257535620702 0.04696467759024836 0.0460449933787932
0 0.1493989632260151 0.8564335989475192 0.05645072694489206 0.03345862165851465
0 0.18738032010372452 0.8860673835213577 0.05135920884024836 0.04630094567724541
0 0.232177734375 0.975341796875 0.03466796875 0.04931640625
0 0.9140723909927313 0.7343323097055653 0.032899470367802275 0.030140417733437008
0 0.9367700176017102 0.7707355218961223 0.025233981886532808 0.023854455569350175
0 0.99609375 0.93505859375 0.0078125 0.04296875
0 0.9044175293322023 0.5433290235227479 0.04579385687770943 0.03429780423452078
0 0.5419316640919563 0.6790868290927223 0.04312012167616153 0.038521700618886046
0 0.8168445507165676 0.545489942847517 0.03442119240634711 0.031202297666254264
0 0.8408097696253887 0.37653545439271774 0.03642637989752373 0.040564958849071686