0 0.06840720305260184 0.15132365285349714 0.050960490342341735 0.038642740839829326
0 0.350830078125 0.2666015625 0.05029296875 0.0263671875
0 0.52783203125 0.006103515625 0.0556640625 0.01220703125
0 0.7536461653520401 0.0449692470212244 0.04358642888421049 0.04392292792210206
0 0.7490234375 0.262939453125 0.048828125 0.03369140625
0 0.884793967252188 0.20863902783858312 0.04381559252090472 0.05270630875536908
0 0.9635666806992311 0.20967740449457795 0.04185248286203436 0.05853727542170428
0 0.917236328125 0.261474609375 0.03955078125 0.03662109375
0 0.722435620470195 0.16556369452679237 0.0336214330516853 0.06527094292051117
0 0.0637048396882613 0.43696421288193343 0.05432853579798935 0.06795097917329507
0 0.156005859375 0.30224609375 0.04638671875 0.044921875
0 0.474365234375 0.3681640625 0.05126953125 0.0537109375
0 0.5458984375 0.299560546875 0.0439453125 0.03955078125
0 0.6299614003914251 0.37326640746838213 0.0526445130701656 0.0532968600065622
0 0.5352547266229449 0.3865870453980406 0.053491516763512714 0.05769707292329518
0 0.5786218153568893 0.4628153949763363 0.034249338353429915 0.031131027087641927
0 0.513427734375 0.482666015625 0.02685546875 0.07275390625
0 0.7051361794701358 0.5517610995434962 0.04543994905416904 0.03077342417249973
0 0.7644374702841809 0.5417849107853432 0.022131927274600782 0.050014909169119104
0 0.8183880395970726 0.40039856744312763 0.03485711316499107 0.05650460708744298
0 0.906982421875 0.31201171875 0.04638671875 0.064453125
0 0.8617151091093138 0.5240356516052869 0.03572416676230039 0.025294378754573632
0 0.5563597651720873 0.5852606974807111 0.06829938646055589 0.059820647925283854
0 0.6182517486018626 0.6309712978894899 0.044214173013512714 0.05758912125536897
0 0.6569157486954759 0.601685444133922 0.036919908240124144 0.03994281625457363
0 0.7456732661203429 0.6172699882887236 0.037697180493820204 0.037512773338039374
0 0.6965163726536072 0.5958484537118199 0.04667554858125367 0.04591014292249973
0 0.99072265625 0.68310546875 0.0185546875 0.0498046875
0 0.9448314634773505 0.8417302715975317 0.04947559668837975 0.07423613708923282
0 0.955334180336901 0.9344696190971339 0.0541093568201656 0.05331390500676103
0 0.6007526144243936 0.8476889716442624 0.038623900285688906 0.042889548754772466
0 0.9667554052263156 0.5115722611742364 0.05595289233125378 0.04601809459042583
0 0.8692389404505025 0.43059780118656543 0.054039544794293404 0.0703867037565622