0 0.18967018488487475 0.07780957506315067 0.03781467473848754 0.035032052918294365
0 0.3652855698673224 0.04098064756085018 0.03527096154661713 0.03204554105707469
0 0.5615141857919239 0.09065664715776839 0.0371109307501416 0.04282182317380645
0 0.20250968539141057 0.2915517489684675 0.03453311524431468 0.038858748812586885
0 0.13245604354817636 0.2306314662103729 0.044145279831509066 0.03469151500746537
0 0.3482220910769578 0.14009078469509495 0.044219686761795884 0.05079343138522141
0 0.7216673656880277 0.10606863868999561 0.05620660872121869 0.08668798982458759
0 0.7296782979675887 0.2515082619565321 0.045520221244385484 0.060093504879709325
0 0.91326117841479 0.1069847025203774 0.046571190674672414 0.07621815100195306
0 0.9417628720373725 0.251458719902669 0.055070383506039766 0.06812193745234385
0 0.6035528802106276 0.6496063825057287 0.0259595154826604 0.030853045984440053
0 0.27723376779838904 0.820908714381597 0.029093816866401 0.036780610217903575
0 0.3217123127169508 0.807167833635156 0.018266373581509066 0.0340891767785374
0 0.1145709977225653 0.7528590487276041 0.031518171959422636 0.03634915332912325
0 0.05196869078069495 0.7513840648748263 0.04540550969776838 0.028866234624197018
0 0.04461194616507354 0.9465378649199001 0.03771236779661713 0.032102365418294365
0 0.19410970869982375 0.9034753381465277 0.034799731453595495 0.03252245743483062
0 0.19605354059536048 0.9591394006465277 0.03513455229078999 0.0281392910570748
0 0.3311167312219274 0.5587004583621308 0.04382130784891958 0.025414171257465368
0 0.2228903610418531 0.6081325546170137 0.023739774273379366 0.03714387787322049
0 0.1988917493099015 0.7885246766961369 0.04671689303496285 0.02450579799092889
0 0.7708396046296855 0.593379383727886 0.03220021823855834 0.05588040332912314