0 0.10186781432929137 0.13919300142923563 0.03262937012895617 0.035808331220946066
0 0.15430158606740185 0.09811266216251785 0.02247789573238901 0.036556151996915975
0 0.5847721882263471 0.34547217455859636 0.055558057010996365 0.05101668402243931
0 0.4588083278640667 0.06225832865188402 0.052952623303684 0.09019188180985205
0 0.14202581194238084 0.5079196429208348 0.028415824568657544 0.031140648361791756
0 0.16482818895382378 0.5014662086681974 0.013914228807214601 0.0252676612786073
0 0.2046690800453671 0.4598087683812311 0.020101431235473033 0.016468332844627342
0 0.23983559597934706 0.46415219744769776 0.027405118117513227 0.030584079209503234
0 0.2549823531769607 0.40041274927252335 0.017410751393483137 0.019681437887761638
0 0.1816854898578566 0.39241903609645573 0.049842177600348814 0.024864626163284914
0 0.06184837375178631 0.4246076535233745 0.030857230818657544 0.03131136811751323
0 0.31706235982924935 0.3950999049771982 0.026087116106070285 0.0256329788072146
0 0.34390421649606484 0.40731385601197356 0.021317001393483137 0.019954589496915975
0 0.31562831388118906 0.4156077174771982 0.027811499382040195 0.015549792312936073
0 0.378173828125 0.4130859375 0.02294921875 0.0322265625
0 0.36958517882397446 0.4361293695467489 0.038953148361791756 0.02896212778696622
0 0.31950399356561554 0.46441196446003385 0.05433914070378165 0.026636765473583512
0 0.36659412320646123 0.4650062511990375 0.023543278002637447 0.02399741530149313
0 0.3065049591408877 0.5182833557817754 0.024168135057214712 0.025984684252637447
0 0.28702838495999183 0.5327644196752584 0.029231933246915975 0.021965736465224595
0 0.22670690553481743 0.5476721692148622 0.039099990100348814 0.02411345923811048
0 0.041248622818699565 0.5037911160088475 0.04072528767209038 0.03345909089039911
0 0.1000784893002375 0.6561350934952137 0.029573372758358918 0.026848548965224595
0 0.1392434211536704 0.6519387336536704 0.025974418318657433 0.030969928606070285
0 0.17484019636934156 0.6640263748178484 0.01629761308890587 0.017660024985473033
0 0.21367395464531147 0.6715146210251608 0.020784310258358918 0.026233957844627342
0 0.20819373674346947 0.7151423720308823 0.0378297441232347 0.033742508433533325
0 0.27179326296486206 0.7228424017298356 0.0464139429163688 0.03142741205413058
0 0.28177044397013695 0.6774425114138156 0.02705341267209027 0.03250306025835892
0 0.29071638665630783 0.6189956031523727 0.039386753792687745 0.04211157758582185
0 0.3223317041849151 0.6046375029802822 0.02921140137895617 0.03556932356293607
0 0.3318547478913343 0.5587834753654064 0.045143696939254685 0.04105646124955342
0 0.37646484375 0.5263671875 0.0263671875 0.0341796875
0 0.3744789397170529 0.651038061299833 0.024635884439254685 0.03962241530149313
0 0.3233426381224256 0.6735637130665507 0.039875035042687745 0.042145721536966274
0 0.3261085256514795 0.7034957110551078 0.0397828691232347 0.03387908423811048
0 0.385009765625 0.68701171875 0.00927734375 0.025390625
0 0.10976533297760277 0.5801442041849151 0.04298905438159362 0.05888385984154332
0 0.05513920109511605 0.555296308767653 0.033684486465224595 0.030051388074378904
0 0.04265232593755253 0.6018434813393946 0.034558617111791756 0.028654832226667537
0 0.122849386050642 0.4208279408803379 0.02583784251408039 0.029016803606070285
0 0.05710304700182833 0.7009270849890457 0.028108529008358918 0.026746117111791756
0 0.07749481556521098 0.7150497511386968 0.023089140703781652 0.024451552600348814
0 0.09607003493317079 0.7273558680929252 0.029289955215224595 0.02974409251408039
0 0.13439900869948407 0.9088293469727745 0.036013194927811853 0.03555905762895617
0 0.08223816108416171 0.8765206570009352 0.036067870746915975 0.022443751781244803
0 0.3837890625 0.904296875 0.01171875 0.0380859375
0 0.19293359929934434 0.5650965326915297 0.027596369741194504 0.019421898361791756
0 0.19065599302029046 0.5351303907518283 0.025598834856070285 0.025598834856070285
0 0.23253882888208222 0.5059633992579964 0.028210960861791756 0.028210960861791756
0 0.1416015625 0.385986328125 0.0322265625 0.01220703125
0 0.5594107686237233 0.5995763684806867 0.05528825155104655 0.06800409591900636
0 0.6478372034216858 0.5093333844873014 0.05627173383582185 0.040376928375872145
0 0.8302836711659645 0.4990049530093361 0.04408858060298648 0.046813404396120584
0 0.8928553052174576 0.4727643028662996 0.030566893490747926 0.061902367111791756
0 0.8570335893996932 0.5889683205815243 0.053820061651842055 0.04700800216900636
0 0.8839578010247142 0.7250793992457023 0.030109410042687745 0.04146284251408039
0 0.9288046958240165 0.7647020420335617 0.03285811185298626 0.04602809351980186
0 0.49924373318098 0.8554765797302402 0.035866353189254796 0.04040772617781174
0 0.4871009612249653 0.6677989401897434 0.043893982830100486 0.03708192334726479
0 0.5279179598437763 0.4871076535233745 0.064903688663285 0.05264198159418082
0 0.4072265625 0.603271484375 0.03515625 0.02880859375
0 0.4380159603891014 0.43168571734422284 0.052625023361791756 0.029918158419006385
0 0.4192941267689507 0.48401371107969593 0.04014484050263745 0.025158309640399112
0 0.45448117457089043 0.501960727243874 0.02701926872094612 0.03201477900835892
0 0.5635326032373014 0.7421408813975023 0.04271590277243931 0.05497760984154332
0 0.5608934805515773 0.8424195233372037 0.045143696939254796 0.04105646124955342
0 0.5800580481047726 0.4363299771589452 0.040421338260996365 0.04995822153696622
0 0.594778347142632 0.48291821346660646 0.026291979812936073 0.0285626663072146
0 0.8123031935097407 0.6727545241730677 0.048117794324378904 0.034947812657563415
0 0.408203125 0.648681640625 0.037109375 0.03271484375
0 0.7372351008258028 0.9471888910546612 0.040363316292687745 0.04217986548811048
0 0.6514571447020795 0.6660239097029726 0.050719654396120584 0.04436173221214057
0 0.8885815289714768 0.8535178998636621 0.058716486235026455 0.06144131002816078