0 0.034912109375 0.013427734375 0.05126953125 0.02685546875
0 0.23025581250789706 0.17950775742033365 0.03810765963142271 0.069132879366401
0 0.05145000123659815 0.3376473036464581 0.06965601783113406 0.08047805966301813
0 0.17138460477672174 0.10086966696084015 0.05601778301490723 0.0643926784246015
0 0.596235847683423 0.24328346199523598 0.06897781353084542 0.0906978635990614
0 0.7289706170816086 0.3123062970654451 0.09083305221523702 0.05390161172704566
0 0.6759460446351961 0.18314272396062758 0.05717528614901024 0.03711713305251507
0 0.7706322740162065 0.26888492387954366 0.08417658753125767 0.07659506312236974
0 0.9101580688334643 0.2527825121823424 0.0724810274807628 0.09374690919791018
0 0.8923465765203301 0.1267997473799689 0.07403111643068039 0.09672775016884527
0 0.5229449908034436 0.12170452154732592 0.10905051621461859 0.07648810962826791
0 0.47213467958160854 0.30333738849481073 0.059387904047814466 0.0796317041164718
0 0.6162109375 0.473388671875 0.048828125 0.07275390625
0 0.7607421875 0.48095703125 0.068359375 0.0576171875
0 0.98779296875 0.288818359375 0.0244140625 0.13525390625
0 0.991943359375 0.145751953125 0.01611328125 0.05224609375
0 0.65673828125 0.024169921875 0.0419921875 0.04833984375
0 0.1770916297169487 0.9743893485021972 0.033348957632247433 0.03969959511057386
0 0.08980588186967031 0.8747598108449353 0.03302218436589688 0.02846912636057386
0 0.07264206481690749 0.9722052446588212 0.03095539909934031 0.0244946717326604
0 0.214599609375 0.992919921875 0.03857421875 0.01416015625
0 0.11912283567531978 0.6753039003973795 0.02277726053208262 0.04518384465704928
0 0.02770727459397948 0.6013827574203336 0.029286424765732066 0.034192092104746774
0 0.005126953125 0.60009765625 0.01025390625 0.0322265625
0 0.3256854125834642 0.7061135990234503 0.052596056965855675 0.030616016389709566
0 0.29577614583263945 0.7343362511338116 0.052315663598515486 0.054507695325752836
0 0.31290796602740245 0.920780635151293 0.06290156823200002 0.04951172702927753
0 0.3895852654468869 0.823462317488771 0.05128749608237115 0.03593595666877447
0 0.455322265625 0.9697265625 0.05126953125 0.060546875