0 0.5480769230769231 0.5865384615384616 0.04807692307692308 0.052884615384615384
0 0.4375 0.625 0.040865384615384616 0.04326923076923077
0 0.4723557692307692 0.6165865384615384 0.036057692307692304 0.040865384615384616
0 0.3245192307692308 0.5817307692307693 0.04567307692307692 0.04567307692307692
0 0.11778846153846154 0.6418269230769231 0.04807692307692308 0.04567307692307692
0 0.25961538461538464 0.46153846153846156 0.040865384615384616 0.040865384615384616
0 0.2860576923076923 0.4795673076923077 0.04326923076923077 0.04567307692307692
0 0.3161057692307692 0.49399038461538464 0.038461538461538464 0.038461538461538464
0 0.3485576923076923 0.4519230769230769 0.04807692307692308 0.04807692307692308
0 0.40384615384615385 0.5024038461538461 0.040865384615384616 0.038461538461538464
0 0.44350961538461536 0.8389423076923077 0.036057692307692304 0.038461538461538464
0 0.5348557692307693 0.9170673076923077 0.04807692307692308 0.05048076923076923
0 0.5504807692307693 0.9603365384615384 0.04567307692307692 0.02403846153846154
0 0.5913461538461539 0.9495192307692307 0.038461538461538464 0.038461538461538464
0 0.2932692307692308 0.3762019230769231 0.040865384615384616 0.038461538461538464
0 0.4387019230769231 0.1502403846153846 0.03125 0.036057692307692304
0 0.9314903846153846 0.4206730769230769 0.057692307692307696 0.0625
0 0.6442307692307693 0.39783653846153844 0.03365384615384615 0.03365384615384615
0 0.4579326923076923 0.3233173076923077 0.038461538461538464 0.038461538461538464
0 0.4951923076923077 0.08173076923076923 0.04326923076923077 0.04567307692307692
0 0.4074519230769231 0.14423076923076922 0.040865384615384616 0.04567307692307692
0 0.9158653846153846 0.22596153846153846 0.040865384615384616 0.04326923076923077
0 0.6442307692307693 0.14182692307692307 0.04807692307692308 0.052884615384615384
0 0.3269230769230769 0.8822115384615384 0.03125 0.03365384615384615
0 0.2824519230769231 0.828125 0.04807692307692308 0.04326923076923077
0 0.21514423076923078 0.7620192307692307 0.040865384615384616 0.038461538461538464
0 0.5180288461538461 0.6286057692307693 0.038461538461538464 0.038461538461538464
0 0.4723557692307692 0.4639423076923077 0.04567307692307692 0.04807692307692308
0 0.3581730769230769 0.3401442307692308 0.038461538461538464 0.038461538461538464
0 0.22115384615384615 0.6634615384615384 0.040865384615384616 0.040865384615384616
0 0.18629807692307693 0.6177884615384616 0.04567307692307692 0.05048076923076923
0 0.22716346153846154 0.6141826923076923 0.04326923076923077 0.04326923076923077
0 0.5865384615384616 0.27884615384615385 0.040865384615384616 0.04567307692307692
0 0.4951923076923077 0.8052884615384616 0.040865384615384616 0.040865384615384616