0 0.18658826390042416 0.043835483929943096 0.056426652143318545 0.08256247576022076
0 0.2585003209844492 0.25555726182984456 0.057121600284930185 0.07680938889158284
0 0.37015222037075435 0.125535416243722 0.05613922877445576 0.0462635746239306
0 0.3801128942414169 0.19115781813700014 0.03122377004891108 0.08370523434480585
0 0.0087890625 0.09993489583333333 0.017578125 0.051432291666666664
0 0.02392578125 0.3557942708333333 0.0478515625 0.051432291666666664
0 0.01806640625 0.2975260416666667 0.0361328125 0.052083333333333336
0 0.41357421875 0.2692057291666667 0.0078125 0.08528645833333333
0 0.6536755561784786 0.04703744074930046 0.03886164211886323 0.04049728232509361
0 0.603759765625 0.3779296875 0.03271484375 0.024088541666666668
0 0.6972498737310804 0.3531601528675737 0.05016705833564061 0.05338520177007681
0 0.7500271572362947 0.2858904998347726 0.03337119544227596 0.06774805707222538
0 0.7090930371908442 0.5382272270003156 0.057371924159053345 0.08201772222491617
0 0.8430385521121713 0.5204105446703727 0.04094573806639912 0.07375355139077462
0 0.9341208065072434 0.44443836284778265 0.03905519403492996 0.07484305846138373
0 0.7836364888623552 0.8973236235865959 0.039643155748200654 0.10728885366335501
0 0.573369773676863 0.5627137581939682 0.04395618204365098 0.11617754785547015
0 0.5128236471541608 0.6198191520100139 0.04540285028493002 0.07553393131523745