0 0.41777340852252887 0.15608306889650375 0.05783420598848732 0.03780938367478792
0 0.3234173249238219 0.11137591523048285 0.050993621936255895 0.06514076717654127
0 0.22566961683655662 0.12175067136166567 0.04681455342460161 0.057077943302418
0 0.13732788300440962 0.33924399145787254 0.05703900391287642 0.0289890306905225
0 0.10598331341686079 0.438046371354744 0.05261657265129299 0.041859719597868494
0 0.07186718399254272 0.40600830023763435 0.0549107207908609 0.05175050653492996
0 0.0536721058410371 0.5066320857096719 0.0573118224245307 0.0368015306905225
0 0.024088472672687933 0.42888331999815466 0.0316716323722282 0.04197907252445554
0 0.49853515625 0.49267578125 0.0419921875 0.0546875
0 0.3082154716498046 0.3364924954665016 0.05455264649431457 0.04149660028492996
0 0.37751266028361624 0.31401769451365946 0.04768260668035784 0.04008197100521427
0 0.2684569650157804 0.4239894591465957 0.05522849047107692 0.046898984519195386
0 0.5643693214742818 0.4552061020383449 0.03604446591301813 0.0695418559143135
0 0.672837519352337 0.41811340559247023 0.060793349250212625 0.06674313936184939
0 0.929443359375 0.00634765625 0.04248046875 0.0126953125
0 0.6108785512198012 0.06228303323412754 0.05623450873280211 0.07570757826919539
0 0.302094147690949 0.792728189576414 0.054933974250212625 0.06636765355066454
0 0.40839222277871046 0.6355998105850891 0.04758650204086079 0.051281149270948845
0 0.09536515126613476 0.8969301386062676 0.06757193097690406 0.05158749662583073
0 0.0665999529345549 0.9498966619716699 0.04911334811640122 0.039199279958010536
0 0.47705078125 0.969482421875 0.0458984375 0.06103515625
0 0.06393845809217114 0.7598490177706271 0.032473036750212625 0.06492829127445554
0 0.17517823650518927 0.6994439832618141 0.06100881198855834 0.05896192984611498
0 0.54345703125 0.868896484375 0.0478515625 0.04443359375
0 0.6321164519695885 0.85639417074451 0.04772291129668793 0.055187399270948845
0 0.8488358085390181 0.9706038353982112 0.03349455041877447 0.05232685022725203
0 0.746826171875 0.994140625 0.04345703125 0.01171875
0 0.5775669376737511 0.652744538477068 0.040637408744385484 0.061553979506967615
0 0.757753567778356 0.6779938926552708 0.03447111291877436 0.052389431195782654
0 0.877360776319146 0.658253730331766 0.04448630297107714 0.04621059386535631
0 0.8479135317084304 0.7307515036971683 0.044701765709422636 0.03842938434962173