0 0.44591346153846156 0.6081730769230769 0.05048076923076923 0.052884615384615384
0 0.41586538461538464 0.7139423076923077 0.036057692307692304 0.038461538461538464
0 0.40865384615384615 0.5072115384615384 0.04326923076923077 0.04326923076923077
0 0.25961538461538464 0.421875 0.055288461538461536 0.057692307692307696
0 0.21394230769230768 0.47836538461538464 0.04567307692307692 0.04807692307692308
0 0.34375 0.055288461538461536 0.036057692307692304 0.038461538461538464
0 0.3701923076923077 0.021634615384615384 0.04326923076923077 0.04326923076923077
0 0.6634615384615384 0.13701923076923078 0.04326923076923077 0.04567307692307692
0 0.7283653846153846 0.28125 0.06009615384615385 0.057692307692307696
0 0.46274038461538464 0.15264423076923078 0.04807692307692308 0.052884615384615384
0 0.4831730769230769 0.11658653846153846 0.036057692307692304 0.038461538461538464