0 0.38134765625 0.177734375 0.0166015625 0.045572916666666664
0 0.27551765835858943 0.4865706635354264 0.02243923979078999 0.03862898478632223
0 0.25465488306232664 0.3906313552720202 0.016624815959351835 0.02115923858974152
0 0.779944756870598 0.4386246637141146 0.07880239972690406 0.07094565370239907
0 0.9716796875 0.035481770833333336 0.056640625 0.06315104166666667
0 0.953186960929153 0.257492950015612 0.04733693698855834 0.07815567617715047
0 0.614013671875 0.5091145833333334 0.06982421875 0.041666666666666664
0 0.06926302422527386 0.8095852273310791 0.041296201564169355 0.08923309733876739
0 0.2556252432599533 0.8712718607965261 0.044083277505968965 0.06548988658507622
0 0.2761981902839705 0.5692079531197599 0.058345740697839155 0.07082679322454617
0 0.26953125 0.9765625 0.0634765625 0.046875
0 0.7179950197479447 0.9283587892230868 0.026125380500212625 0.08640169139082825
0 0.525390625 0.5686848958333334 0.052734375 0.07747395833333333