0 0.250244140625 0.174560546875 0.05908203125 0.05322265625
0 0.2436119977372826 0.2789945386320397 0.0695080048199257 0.049245110819996496
0 0.3116102283368401 0.07931546948820398 0.02918527495366638 0.05368923979078999
0 0.37704767388935523 0.020946475331012952 0.03404483399431463 0.039228365017552294
0 0.3979259445924546 0.13531124132511493 0.0213216214827312 0.051951577529135706
0 0.4158543858364857 0.18052763254597926 0.041669771267552336 0.03413008977920662
0 0.292724609375 0.201416015625 0.02587890625 0.09619140625
0 0.3148018440975021 0.3649879007497874 0.03732174693625584 0.06323940205244427
0 0.3690878743825358 0.31871278204612097 0.03775887471532066 0.061791609459422636
0 0.43284034619628 0.37842259460403804 0.03985305552337948 0.03796813515129305
0 0.54401349642972 0.11362843404555398 0.039552337000141824 0.04332217774431463
0 0.5712890625 0.02880859375 0.0400390625 0.0576171875
0 0.5894655130461919 0.05498197482447706 0.021560337680428754 0.058787515029135706
0 0.6525312920285686 0.10642510844635086 0.03789528397114783 0.06569785945942264
0 0.7022801795054019 0.07835280524851163 0.0423177152327312 0.05268477727920656
0 0.8068390158831737 0.11469176668420045 0.03510200572697508 0.06950180251755234
0 0.8054671652723873 0.20983840580628688 0.04054750640726201 0.0857855953373362
0 0.8478236293713068 0.18397499496312353 0.029895221244385484 0.060053947197768354
0 0.9277979123774883 0.0724282957244943 0.02945809346532058 0.06150173979078999
0 0.9328806715108038 0.19222151124190484 0.043345431203666296 0.05418372334316335
0 0.9315010628475021 0.34345228948607776 0.043594996255968965 0.047364837000141824
0 0.958251953125 0.3857421875 0.03955078125 0.0478515625
0 0.78759765625 0.396728515625 0.0478515625 0.02587890625
0 0.708740234375 0.381103515625 0.03857421875 0.05712890625
0 0.6598849251439066 0.3846369117021071 0.049237352767481424 0.013423865697839266
0 0.6504835767428263 0.36058092349865334 0.04727958121524978 0.041153590005968965
0 0.603515625 0.368896484375 0.044921875 0.08154296875
0 0.27685546875 0.604736328125 0.005859375 0.02783203125
0 0.16997452212649605 0.6976918625280726 0.024193953209422636 0.03644593562798448
0 0.1990264786264252 0.7176478357023907 0.02086124024431457 0.038767983779135706
0 0.07265622516216766 0.46797647493540534 0.023842081215249777 0.04033513447100606
0 0.005859375 0.742431640625 0.01171875 0.03759765625
0 0.052986968759811515 0.8217478672900812 0.020673677517552336 0.033396890029135706
0 0.04999836973636121 0.879399157104038 0.02257564904661713 0.03200025090704939
0 0.07073714038154358 0.9279312101330319 0.020372958994314627 0.03875093262215734
0 0.05429063544087809 0.5749333221447571 0.017358015709422636 0.03620721943028693
0 0.04711832135354188 0.6127355922784978 0.01476314904661713 0.031727432395394994
0 0.1453713204513984 0.8994775791792947 0.02170139348848743 0.034895836093092436
0 0.11631471739923763 0.8517236770689334 0.02099764950014177 0.042674233779135484
0 0.22345757158520996 0.8699280276267087 0.01841983399431457 0.03868272799424366
0 0.24594640909679333 0.8823102169987243 0.022138521267552225 0.0334480435000708
0 0.25261187642339666 0.5797122512545514 0.02146267729078999 0.028059898593092436
0 0.22795136037137764 0.48986385470231975 0.028486177517552225 0.03366970854078999
0 0.1422525765690752 0.48602892083051685 0.019697115017552225 0.03336278771517892
0 0.16131259647605356 0.4848756444583595 0.021974212000141713 0.042708336093092436
0 0.25054401917858593 0.7646173845917459 0.0235181092326604 0.031057790721006118
0 0.23181882010880206 0.7701481410569248 0.012021024273379366 0.036996219203524694
0 0.23196918971951763 0.6960146468418167 0.015438993023379366 0.03711557730237336
0 0.2398343989405946 0.6523359505510976 0.015756762703595495 0.032249815959351835
0 0.2596043651382921 0.6448179667719619 0.018198168953595495 0.03233507174424366
0 0.20594613685936902 0.6032877162605202 0.01437717473848743 0.03464006873841652
0 0.18804866573081758 0.7945978616210233 0.02156498423266029 0.030989586093092436
0 0.7653180170798081 0.8315676744685254 0.06247365573855834 0.05729012471532069
0 0.6232622963419585 0.681931967626 0.06055463305251507 0.05819848258740712
0 0.5601314035337579 0.7021809219692342 0.056467022628126196 0.06683408467460161
0 0.4383540722026741 0.6142608619057026 0.053014951564169355 0.06573816407575284
0 0.35235303482518576 0.49339188844670523 0.06243955342460161 0.05631356221532066
0 0.286865234375 0.64501953125 0.01416015625 0.0537109375
0 0.35093308014916674 0.966984396330375 0.06101966084316335 0.04358414740136407
0 0.5240063076898859 0.9546006305100241 0.056921201564169355 0.06587457333157998
0 0.5835037690097407 0.926675585422617 0.05086806153503365 0.04615576060481752
0 0.856147643382465 0.7303709861193932 0.06052053073855834 0.05722192008740712
0 0.8958736034526742 0.598283927816949 0.038168102482802 0.07351035945942264
0 0.7472237522146119 0.511789962637229 0.06903677472690406 0.04971634091301813
0 0.9716796875 0.435791015625 0.056640625 0.05029296875
0 0.543701171875 0.433349609375 0.07275390625 0.04736328125