0 0.2644230769230769 0.6418269230769231 0.0985576923076923 0.09134615384615384
0 0.3713942307692308 0.5588942307692307 0.09615384615384616 0.09375
0 0.27524038461538464 0.5264423076923077 0.10096153846153846 0.09134615384615384
0 0.19831730769230768 0.5096153846153846 0.08653846153846154 0.0625
0 0.3173076923076923 0.4639423076923077 0.11538461538461539 0.0889423076923077
0 0.32091346153846156 0.7103365384615384 0.055288461538461536 0.06009615384615385
0 0.6105769230769231 0.6766826923076923 0.10336538461538461 0.07932692307692307
0 0.7512019230769231 0.640625 0.11057692307692307 0.11538461538461539
0 0.59375 0.46153846153846156 0.08413461538461539 0.09615384615384616
0 0.6995192307692307 0.38341346153846156 0.11298076923076923 0.08173076923076923
0 0.875 0.38100961538461536 0.09615384615384616 0.07211538461538461
0 0.7367788461538461 0.33052884615384615 0.10336538461538461 0.10096153846153846
0 0.8930288461538461 0.9411057692307693 0.08173076923076923 0.08173076923076923
0 0.7680288461538461 0.4326923076923077 0.06971153846153846 0.0889423076923077