0 0.46376326127043677 0.2205210116876285 0.021433382651510957 0.04495927248282472
0 0.312255859375 0.013916015625 0.02490234375 0.02783203125
0 0.200202962127077 0.1945727110968039 0.02626404953379724 0.025124439165979395
0 0.16235799376170895 0.37252918151278336 0.019872108921908604 0.03078490869950512
0 0.009765625 0.385986328125 0.01953125 0.02490234375
0 0.029315634061828244 0.4051453941924328 0.017030990145685987 0.019009328566226724
0 0.27783203125 0.41015625 0.0263671875 0.01953125
0 0.35549479368304093 0.4019882106516286 0.021181669087992017 0.03520785501614432
0 0.4780169643269774 0.3667548762050099 0.026212480550695805 0.03730305534934031
0 0.3922723242861821 0.34099191970253573 0.020138391727853033 0.02786942873282472
0 0.4370187917424646 0.2198375822702059 0.024384924015149245 0.02604417153270111
0 0.38674327540795184 0.07319023146847392 0.02262408233974167 0.022095298932742313
0 0.4396283209149694 0.33328034025385533 0.025990482106640123 0.03437336784934031
0 0.19967710450178866 0.22723072471352557 0.021573520358389775 0.021090321366103115
0 0.708984375 0.26123046875 0.0185546875 0.0791015625
0 0.7981237650291841 0.04417098970734007 0.027818038642186904 0.045632251665979395
0 0.7622863738199794 0.07347162200639168 0.04286618866840963 0.057763020132247433
0 0.815545453176043 0.10359024445795861 0.06170172821677933 0.04272052899835055
0 0.8404175051719673 0.14184291505874214 0.029364166494751487 0.04031798804925768
0 0.8784288665560032 0.1738668147932163 0.03398855744463236 0.06919761946585568
0 0.9461172681410729 0.04571127457818536 0.0415639131235388 0.047006625098927834
0 0.971923828125 0.100830078125 0.05615234375 0.05908203125
0 0.968017578125 0.3984375 0.06005859375 0.04296875
0 0.9763278155944722 0.25140701644614416 0.04526388719113328 0.09583475009892783
0 0.85546875 0.38037109375 0.0634765625 0.0791015625
0 0.24184585281473092 0.8245714733443298 0.03149500557691853 0.04914967314921648
0 0.20221991881415435 0.8910098957100205 0.029541880576918533 0.0490928430159383
0 0.5071160012850093 0.8022367603184327 0.02613848106934391 0.03632649284934031
0 0.5053411670017887 0.7613632106516286 0.02689304512528823 0.033425220415979284
0 0.6303530646999003 0.506815332171278 0.03520111099650114 0.027333299765731955
0 0.562507649627077 0.7270571231698347 0.03403226517190849 0.03119692716577327
0 0.4816268513957056 0.5213741210171131 0.020966955265149245 0.025944718799463917
0 0.20179683414920446 0.5558253949759586 0.036725384985427434 0.041019382299051554
0 0.35607510346449245 0.7637575908474225 0.003003686981351894 0.001061807699917483
0 0.37408936409677873 0.7832088207646389 0.026219765171908604 0.030969606632659796
0 0.32791735916962167 0.7752954002133194 0.025583484959204816 0.029002274099340197
0 0.13740869410550655 0.64685735265767 0.020818956302445346 0.023991593799463917
0 0.98046875 0.69970703125 0.0390625 0.0478515625
0 0.98974609375 0.952392578125 0.0205078125 0.05322265625
0 0.962391387692365 0.9047991882756288 0.03856751076339959 0.03961136868232984
0 0.8591449286713712 0.7499490411390515 0.03735438057691853 0.049320163549051554
0 0.8837136981206752 0.7857745130231546 0.036754523470278355 0.01568558743232995
0 0.8214167258741547 0.6048854194710103 0.04763014069055671 0.030618175598721598
0 0.8993354499417492 0.5538977494064329 0.0424367610227237 0.03923674769888663
0 0.8238374315297412 0.521502985987567 0.042577475364214745 0.04752332141556703
0 0.7493075377272959 0.5470574084521855 0.03381026672785292 0.02826723966577316
0 0.9324511594871966 0.47693025254053595 0.029830017246501028 0.027177016899216477
0 0.71630859375 0.43212890625 0.033203125 0.0244140625