0 0.4358021554175231 0.12423276674885986 0.038013809291752354 0.046141083339961884
0 0.4498876692716305 0.40947234786094305 0.0347550080322383 0.05129638778378739
0 0.3794698956738548 0.32508601229310274 0.044341569605441555 0.04558852389666631
0 0.10309857587840626 0.20887211002147632 0.02910537117388784 0.04209847333837106
0 0.9853515625 0.3779296875 0.029296875 0.057942708333333336
0 0.9426322990013012 0.32427588395791346 0.04645386209592761 0.0508271594525754
0 0.8538720467198503 0.3743066978304521 0.03380912024709115 0.03631485389481037
0 0.8668044488348059 0.4142020528325732 0.02897687839825469 0.021923757227348222
0 0.7552052797764205 0.06823287114761196 0.05353932961019858 0.043128292787234436
0 0.9579306994294321 0.0902493595175345 0.030859536810780352 0.035618358894280076
0 0.9136637287069135 0.14292267395367128 0.041042976473306014 0.049441745007158776
0 0.993896484375 0.1875 0.01220703125 0.05859375
0 0.6862174994053737 0.2701912355784459 0.04328542336019858 0.042969206118711765
0 0.6939164177037311 0.3464464416905291 0.02519912117388784 0.04203786889321955
0 0.7791642064159485 0.1974497189290133 0.02993188334117053 0.05317375722734822
0 0.7902239198430187 0.03233512893192984 0.04823870244767292 0.02938066223079505
0 0.618493941800446 0.4975478005649238 0.029136045888740636 0.027132090560681554
0 0.877903101567626 0.4579733556121186 0.0298721955322383 0.05122063222734822
0 0.782888069747605 0.25542272948492234 0.030501409957186865 0.02389960889428
0 0.7597581259500349 0.28109319392503623 0.03722708899709115 0.036367882784317906
0 0.1182038108596517 0.7521688895077244 0.05340751359301865 0.08672535778696933
0 0.197021484375 0.6575520833333334 0.05517578125 0.015625
0 0.3798828125 0.6630859375 0.04296875 0.026692708333333332
0 0.41696146927217737 0.7704694290061688 0.05255198833165653 0.05873056612030266
0 0.45923300893442964 0.9559334290127973 0.028955320841170584 0.05315860611606027
0 0.508544921875 0.9921875 0.03173828125 0.015625
0 0.05291918883004887 0.8357513039398841 0.042896621791752354 0.04621683889640119
0 0.1382133723850114 0.9437948306213985 0.04119136518525002 0.07026750278484813
0 0.3812016946997614 0.8779363012213207 0.04719167336019847 0.0430298105638632
0 0.2183561700562638 0.8513326750808675 0.04952282115010276 0.05542990445310562