0 0.4483173076923077 0.3557692307692308 0.04567307692307692 0.05048076923076923
0 0.44471153846153844 0.3016826923076923 0.036057692307692304 0.038461538461538464
0 0.3942307692307692 0.078125 0.04567307692307692 0.0625
0 0.6598557692307693 0.13221153846153846 0.040865384615384616 0.04326923076923077
0 0.7055288461538461 0.04807692307692308 0.04807692307692308 0.055288461538461536
0 0.5661057692307693 0.5757211538461539 0.06009615384615385 0.06009615384615385
0 0.16947115384615385 0.6262019230769231 0.06009615384615385 0.06490384615384616
0 0.49278846153846156 0.6237980769230769 0.04807692307692308 0.052884615384615384
0 0.7932692307692307 0.3473557692307692 0.055288461538461536 0.06971153846153846
0 0.6237980769230769 0.8004807692307693 0.055288461538461536 0.06490384615384616
0 0.8112980769230769 0.12139423076923077 0.052884615384615384 0.07211538461538461
0 0.7632211538461539 0.17427884615384615 0.04567307692307692 0.052884615384615384
0 0.7463942307692307 0.13221153846153846 0.04567307692307692 0.057692307692307696
0 0.6490384615384616 0.057692307692307696 0.05048076923076923 0.055288461538461536