0 0.47475961538461536 0.9867788461538461 0.04567307692307692 0.021634615384615384
0 0.5745192307692307 0.9903846153846154 0.057692307692307696 0.014423076923076924
0 0.42427884615384615 0.9627403846153846 0.04326923076923077 0.04807692307692308
0 0.31971153846153844 0.8966346153846154 0.040865384615384616 0.040865384615384616
0 0.3786057692307692 0.8509615384615384 0.04326923076923077 0.04807692307692308
0 0.4182692307692308 0.8677884615384616 0.05048076923076923 0.055288461538461536
0 0.41225961538461536 0.7824519230769231 0.052884615384615384 0.055288461538461536
0 0.36538461538461536 0.7223557692307693 0.05048076923076923 0.07211538461538461
0 0.31850961538461536 0.7391826923076923 0.057692307692307696 0.06009615384615385
0 0.2800480769230769 0.7548076923076923 0.04326923076923077 0.055288461538461536
0 0.2824519230769231 0.7860576923076923 0.04567307692307692 0.05048076923076923
0 0.48677884615384615 0.7115384615384616 0.0673076923076923 0.07451923076923077
0 0.5877403846153846 0.7716346153846154 0.052884615384615384 0.06009615384615385
0 0.7295673076923077 0.7127403846153846 0.06009615384615385 0.06009615384615385
0 0.7127403846153846 0.5997596153846154 0.038461538461538464 0.04567307692307692
0 0.7043269230769231 0.5769230769230769 0.052884615384615384 0.055288461538461536
0 0.7175480769230769 0.5348557692307693 0.04807692307692308 0.057692307692307696
0 0.6610576923076923 0.5132211538461539 0.055288461538461536 0.055288461538461536
0 0.5889423076923077 0.5228365384615384 0.06009615384615385 0.07692307692307693
0 0.5360576923076923 0.515625 0.055288461538461536 0.0625
0 0.3798076923076923 0.5793269230769231 0.055288461538461536 0.06009615384615385
0 0.2860576923076923 0.42908653846153844 0.06009615384615385 0.06490384615384616
0 0.28125 0.390625 0.052884615384615384 0.0625
0 0.24278846153846154 0.3245192307692308 0.055288461538461536 0.0625
0 0.22115384615384615 0.3870192307692308 0.052884615384615384 0.055288461538461536
0 0.17908653846153846 0.3389423076923077 0.052884615384615384 0.0673076923076923
0 0.1658653846153846 0.3737980769230769 0.04567307692307692 0.06490384615384616
0 0.2439903846153846 0.4651442307692308 0.0625 0.08653846153846154
0 0.24759615384615385 0.5348557692307693 0.055288461538461536 0.0673076923076923
0 0.1971153846153846 0.5360576923076923 0.057692307692307696 0.06971153846153846
0 0.18990384615384615 0.49158653846153844 0.055288461538461536 0.0625
0 0.10697115384615384 0.5012019230769231 0.06971153846153846 0.07692307692307693
0 0.5516826923076923 0.2127403846153846 0.057692307692307696 0.07692307692307693
0 0.39783653846153844 0.16706730769230768 0.0673076923076923 0.07451923076923077
0 0.3449519230769231 0.23918269230769232 0.07211538461538461 0.08173076923076923
0 0.5889423076923077 0.2668269230769231 0.04326923076923077 0.05048076923076923
0 0.6826923076923077 0.10336538461538461 0.0673076923076923 0.06971153846153846
0 0.703125 0.040865384615384616 0.055288461538461536 0.036057692307692304
0 0.7572115384615384 0.0625 0.055288461538461536 0.055288461538461536
0 0.7668269230769231 0.6706730769230769 0.052884615384615384 0.057692307692307696
0 0.3245192307692308 0.5625 0.04567307692307692 0.057692307692307696
0 0.6262019230769231 0.2608173076923077 0.04326923076923077 0.052884615384615384