0 0.8151854679007522 0.333984375 0.027849315920309592 0.050130208333333336
0 0.7413809807482081 0.46875 0.020294789546507208 0.044270833333333336
0 0.6162786218042959 0.4661458333333333 0.022350273490419403 0.046875
0 0.6390016854633276 0.435546875 0.02168078782215599 0.0546875
0 0.7947592516804934 0.4602864583333333 0.024610475322155878 0.0546875
0 0.8300372215611325 0.5006510416666666 0.020062405656287696 0.05078125
0 0.13641577305159913 0.8841145833333334 0.03714809687345344 0.07552083333333333
0 0.10954717216412369 0.8092447916666666 0.049001024352595124 0.041666666666666664
0 0.2304362042762993 0.8040364583333334 0.029904799864221898 0.052734375
0 0.23828950241616986 0.8671875 0.02540998593672672 0.037760416666666664
0 0.29311117989531144 0.8333333333333334 0.04337195697639751 0.047526041666666664
0 0.3929287507769972 0.6647135416666666 0.0394145275044413 0.046223958333333336
0 0.12149140271611902 0.6907552083333334 0.03987514275204629 0.057942708333333336
0 0.464111328125 0.9700520833333334 0.01123046875 0.059895833333333336
0 0.44873046875 0.8688151041666666 0.0419921875 0.07096354166666667
0 0.39065053708647957 0.9173177083333334 0.027561600025299837 0.080078125
0 0.43994690786077995 0.73046875 0.04707348908857312 0.042317708333333336
0 0.1767578125 0.587890625 0.0322265625 0.055989583333333336
0 0.523625555106989 0.611328125 0.04683695266551935 0.07356770833333333
0 0.48974609375 0.7760416666666666 0.0400390625 0.032552083333333336
0 0.4950804365939666 0.87890625 0.046683414249651056 0.06966145833333333
0 0.7251252169533982 0.955078125 0.0458389529623755 0.048177083333333336
0 0.6961188613032965 0.6022135416666666 0.04905012755813409 0.055338541666666664
0 0.78271484375 0.5859375 0.048828125 0.052083333333333336
0 0.99560546875 0.7106119791666666 0.0087890625 0.06705729166666667
0 0.9111638511972595 0.78125 0.04434436694356325 0.072265625
0 0.7843497307482081 0.8717447916666666 0.03532292055334374 0.07877604166666667
0 0.78076171875 0.9694010416666666 0.0380859375 0.061197916666666664