0 0.011962890625 0.3551432291666667 0.02392578125 0.054036458333333336
0 0.040015871135229086 0.2366672534092067 0.02596571778503376 0.060760929314705336
0 0.3251302607687572 0.17832515715014172 0.026663259471006118 0.03155502257358774
0 0.13362790612926023 0.1813822735698909 0.026754717558271413 0.053660116487293553
0 0.34298276003055317 0.24573205799784725 0.027260049965249777 0.05434148090692107
0 0.5992017443790476 0.39304751964094947 0.049096296959422636 0.050497671456822456
0 0.6204396244306414 0.10577406206563511 0.03189329741294733 0.06372896901690132
0 0.7704892262910734 0.10209263664422015 0.03991041129668815 0.07202663306427375
0 0.7673750875645946 0.20654647194202422 0.03359685736064488 0.07293452060911698
0 0.6972532617916405 0.32113868399790807 0.059770279831508955 0.048560605355292864
0 0.57861328125 0.039713541666666664 0.017578125 0.06510416666666667
0 0.6412636508607157 0.04466890870183073 0.04127294810481752 0.06821135132315603
0 0.8568917747799153 0.29270341138866945 0.04337333121524978 0.05534213175462662
0 0.4412528309835817 0.9146299465784025 0.03510665227920651 0.05612872828762683
0 0.346332503454446 0.8827359885903064 0.03293806454086079 0.06639378118948953
0 0.518855447419625 0.9181491809658322 0.03690631686640122 0.05039064429946979
0 0.554931640625 0.943359375 0.02978515625 0.078125
0 0.5075490159891962 0.8400990903262441 0.0352368592326604 0.04248717604058753
0 0.12218504474481073 0.7375196875853699 0.04329892428496285 0.03388807950758732
0 0.0965712196521435 0.8763253224077235 0.03698537034891963 0.03479596705243063
0 0.04396082860503026 0.6358144525431166 0.03956938815712015 0.05900579973094037
0 0.4590277911166136 0.6440409903127352 0.03021763747683326 0.036975615177646436
0 0.577880859375 0.6279296875 0.01611328125 0.050130208333333336
0 0.6873884413500536 0.6817854445782806 0.04267578952927753 0.08454803849574422
0 0.587890625 0.71875 0.0361328125 0.07552083333333333
0 0.8791279771353 0.8366888711348454 0.07166574370366652 0.0746486536733908
0 0.74560546875 0.5787760416666666 0.0478515625 0.037760416666666664