0 0.29638671875 0.260009765625 0.0263671875 0.03955078125
0 0.28436566634057203 0.3630137718555878 0.03340161408857312 0.03266177091577316
0 0.07673064400918433 0.2989553466446805 0.032553000268463306 0.03507476209913407
0 0.13877760663877653 0.48748727145987636 0.042290959266068184 0.04413376773220623
0 0.30419921875 0.49658203125 0.0107421875 0.048828125
0 0.877685546875 0.01611328125 0.04345703125 0.0322265625
0 0.33349609375 0.2021484375 0.0478515625 0.078125
0 0.06268738056801626 0.6128589568071547 0.03144848908857312 0.03260494078249487
0 0.1240234375 0.60009765625 0.037109375 0.041015625
0 0.175048828125 0.588134765625 0.03662109375 0.01708984375
0 0.7607421875 0.988525390625 0.041015625 0.02294921875
0 0.6590488827157228 0.9455385282227218 0.05375173563987057 0.048855072248556564
0 0.4125146055933161 0.7253115909126805 0.049126896766068184 0.044332673198680395
0 0.3736844894835356 0.7193063832804331 0.03678984056976084 0.05079921483237115
0 0.332275390625 0.66015625 0.04541015625 0.06640625
0 0.4175523582366286 0.6074743016790309 0.0625940538782438 0.040824234131628945
0 0.8453060941733553 0.6481977907670312 0.061404468424751 0.07394211393171135
0 0.857666015625 0.6015625 0.07080078125 0.0439453125
0 0.980712890625 0.5966796875 0.03857421875 0.0341796875
0 0.975341796875 0.68359375 0.04931640625 0.0810546875
0 0.641586301446609 0.6588463968061239 0.030574285532485312 0.034529650715855675
0 0.5743162292226066 0.6125232011246187 0.03707340393193648 0.04690717236569075
0 0.6081570213556408 0.6349594808570311 0.03848914447639751 0.03671009624896904
0 0.3398111516268008 0.9567261988650722 0.053031070499651084 0.053709469681917366