0 0.3401442307692308 0.43509615384615385 0.08413461538461539 0.09375
0 0.27403846153846156 0.3701923076923077 0.08413461538461539 0.07211538461538461
0 0.19471153846153846 0.265625 0.06971153846153846 0.055288461538461536
0 0.9387019230769231 0.41466346153846156 0.07692307692307693 0.04567307692307692
0 0.6658653846153846 0.09735576923076923 0.09615384615384616 0.09375
0 0.8040865384615384 0.8365384615384616 0.055288461538461536 0.05048076923076923
0 0.9098557692307693 0.7067307692307693 0.040865384615384616 0.057692307692307696
0 0.9423076923076923 0.6358173076923077 0.0889423076923077 0.057692307692307696
0 0.7728365384615384 0.7403846153846154 0.06971153846153846 0.0625
0 0.6947115384615384 0.8137019230769231 0.10336538461538461 0.06490384615384616
0 0.4651442307692308 0.6862980769230769 0.04807692307692308 0.0625
0 0.1971153846153846 0.6586538461538461 0.04807692307692308 0.0625
0 0.14543269230769232 0.8617788461538461 0.055288461538461536 0.0625
0 0.22596153846153846 0.8137019230769231 0.08173076923076923 0.06971153846153846
0 0.34615384615384615 0.8149038461538461 0.06490384615384616 0.04807692307692308
0 0.8990384615384616 0.9326923076923077 0.0889423076923077 0.055288461538461536
0 0.9471153846153846 0.2536057692307692 0.08653846153846154 0.08653846153846154
0 0.0733173076923077 0.2848557692307692 0.0985576923076923 0.0673076923076923
0 0.09735576923076923 0.2247596153846154 0.06009615384615385 0.040865384615384616
0 0.3762019230769231 0.8858173076923077 0.07211538461538461 0.04567307692307692