0 0.1298828125 0.2744140625 0.047119140625 0.082763671875
0 0.187744140625 0.428955078125 0.040771484375 0.078857421875
0 0.3671875 0.6328125 0.024658203125 0.057861328125
0 0.10205078125 0.015625 0.0341796875 0.03125
0 0.36572265625 0.352783203125 0.013427734375 0.03564453125
0 0.325927734375 0.392578125 0.031005859375 0.063720703125
0 0.2958984375 0.358154296875 0.034423828125 0.05029296875
0 0.6396484375 0.454833984375 0.0400390625 0.10400390625
0 0.32161908612103696 0.8096976392904158 0.02022670758721068 0.031194667995209535
0 0.16895195496527893 0.8269333909295886 0.02020235994936337 0.02536088273118775
0 0.130445245758132 0.8615162854059861 0.0284177030513888 0.024819345742814747
0 0.1882392857557882 0.8453642822825326 0.01724832481151617 0.019373559051297562
0 0.4368295563142084 0.8483756187117724 0.0267208924953124 0.02764667429890233
0 0.5143440940439536 0.8345924051632188 0.02158774175309608 0.035640378717165966
0 0.5517578125 0.773193359375 0.0205078125 0.02685546875
0 0.59912109375 0.7705078125 0.0263671875 0.021484375
0 0.10441339181730436 0.8312877985786908 0.019396673745312454 0.027262828259231764
0 0.62548828125 0.828857421875 0.01171875 0.03955078125
0 0.6516297015781839 0.8333052351881225 0.028069531426764938 0.048617178312924114
0 0.6807373288460947 0.8283774720154177 0.02969927527100691 0.039467783242814525
0 0.634033203125 0.869140625 0.02880859375 0.0419921875
0 0.7339185945151633 0.9427265875882715 0.02383990027100691 0.03916070641107794
0 0.801367145233942 0.8162230219648179 0.04127149661290508 0.0439625971703097
0 0.8278638184489596 0.9300264480164644 0.03528396439094328 0.04219067658857312
0 0.9759155182900183 0.809991583984677 0.03267765804670131 0.05128889218672672
0 0.99658203125 0.808837890625 0.0068359375 0.05126953125