0 0.17022060871360964 0.21911068993645583 0.052519155842215504 0.06633312347773002
0 0.22491276411324107 0.34361882838042795 0.048181441259545044 0.07113922914943216
0 0.15324337203116717 0.3355943628259592 0.055437480008749596 0.06540769886326192
0 0.09680160536682048 0.319493184862909 0.05796945083744298 0.031279149248793825
0 0.16795930535389492 0.41344662743645577 0.07379330917309634 0.04864172838829717
0 0.22540241371937642 0.1756756473231939 0.027412272089829215 0.04832032645070894
0 0.4135086416146331 0.3300750514945432 0.06400495750616453 0.04651814376985752
0 0.5002913416017075 0.4237557586785866 0.053297202095595964 0.09124399020865193
0 0.353759765625 0.51123046875 0.03759765625 0.037109375
0 0.660888671875 0.190673828125 0.03759765625 0.05908203125
0 0.8225803774467071 0.28554548701723986 0.02525460708744287 0.030708109527021077
0 0.9210196711887528 0.34240907189007763 0.028769164171903228 0.039068551643475
0 0.983642578125 0.323486328125 0.03271484375 0.03271484375
0 0.8056743995663644 0.01831680423504109 0.022790474170511166 0.028712369622411138
0 0.4951171875 0.97802734375 0.037109375 0.0439453125
0 0.5974710157742074 0.9384797940383036 0.0398067983420165 0.06464668222375858
0 0.3981868224856825 0.6119472291018478 0.04004508625576686 0.04317083020468049
0 0.7976726941190079 0.7945190769595054 0.03698472042090889 0.031889223569148584
0 0.7629027974568485 0.761929606585888 0.03936931000357935 0.027049025973758467
0 0.7120132536998887 0.8140770048708521 0.03404366958744298 0.03086152318361668
0 0.7416684157930984 0.7408202427464552 0.041208801668920325 0.01731749289744644
0 0.7893328253799449 0.714114607347023 0.03058024750357935 0.026895612317162865
0 0.69580078125 0.62060546875 0.0322265625 0.0244140625
0 0.7560000483121885 0.5999736452424836 0.03597974958724415 0.029430771357304653
0 0.8761900712126154 0.7174803292429104 0.04148720333883493 0.04124327414744644