0 0.052916725607898674 0.24571533910528687 0.0334352128732347 0.031613626670908834
0 0.013916015625 0.328369140625 0.02783203125 0.03173828125
0 0.1971371064120293 0.1996397436694639 0.02589586448238901 0.03542897000318157
0 0.14742458483148224 0.19192417409295792 0.029505084856070285 0.024249636253778295
0 0.61181640625 0.037353515625 0.0244140625 0.06787109375
0 0.6598049995273096 0.08370891828454771 0.04624656930985205 0.04737498667249973
0 0.726806640625 0.0322265625 0.04248046875 0.064453125
0 0.970947265625 0.150390625 0.05810546875 0.0537109375
0 0.2420795132799891 0.6919916699156857 0.027019268720946066 0.030563202503380626
0 0.337103332892674 0.7494320415688965 0.031017684640399112 0.038903755420511166
0 0.5077558429498885 0.7230521223792954 0.038625320933533214 0.03606497458823843
0 0.5161657483517306 0.6795325927952328 0.027517815904925857 0.023738628336846368
0 0.4013207963838685 0.7311209815603458 0.035422481824378904 0.03212463458784076
0 0.4568750522729279 0.5645940065543802 0.036296612470946066 0.030671154171306614
0 0.8517238637672064 0.5871916461450049 0.0571389446976136 0.0636019012571587
0 0.6408925967425763 0.7067370378391797 0.06922993201099636 0.04813030625894843
0 0.617431640625 0.761474609375 0.03564453125 0.03662109375
0 0.69140625 0.97314453125 0.0458984375 0.0537109375
0 0.9183805247910275 0.9386682369659429 0.05533266143617066 0.058702043756959865
0 0.615478515625 0.572265625 0.03173828125 0.0634765625