0 0.21427889614473877 0.0696278517326499 0.08425372548721732 0.12740861881113896
0 0.421142578125 0.2421875 0.03759765625 0.0478515625
0 0.07006498015265109 0.14655426193360088 0.0915165761197041 0.09919454426218177
0 0.08853062039603647 0.22826024059270011 0.0909838849845799 0.10547961954365093
0 0.6556206593643872 0.23261054519079827 0.07294827653651959 0.083907930578627
0 0.21835206477852326 0.6993950536925516 0.037276521120150674 0.0534285746643135
0 0.19189453125 0.636474609375 0.041015625 0.01318359375
0 0.29682496910200906 0.8115884427083322 0.04655721101935528 0.07492531616256004
0 0.40129305109847846 0.8676738934339225 0.03867642311706665 0.0734481059143135
0 0.03749294953290494 0.8414498645717972 0.06608511487015067 0.05527471323597277
0 0.140380859375 0.648193359375 0.04345703125 0.03662109375
0 0.7292551610729973 0.913162560729281 0.030655713260996365 0.049115548368863116
0 0.6564398867054839 0.8888910871977659 0.04527000680985205 0.04956598164682546
0 0.8712155762895617 0.8040095880283301 0.031700563663284775 0.05015469183739385
0 0.5385898120641918 0.9430378460455883 0.03707165741328494 0.0504988871643135
0 0.5684943584000137 0.9779066726767252 0.036668849784328716 0.01693264285137519
0 0.4795185017209041 0.7996825194721295 0.047458793318657544 0.03220689003668342
0 0.5503228566064748 0.7460982408637868 0.042214009439254796 0.04062046672549846
0 0.4697736360752301 0.7164367495962528 0.04230617535870773 0.04888995749123304
0 0.5723401502279652 0.6681740987449236 0.029675804611791756 0.02815074510312854