0 0.5985576923076923 0.6418269230769231 0.06971153846153846 0.09375
0 0.5901442307692307 0.7680288461538461 0.06009615384615385 0.07932692307692307
0 0.6658653846153846 0.8161057692307693 0.0673076923076923 0.07692307692307693
0 0.7283653846153846 0.8341346153846154 0.08173076923076923 0.0985576923076923
0 0.4230769230769231 0.5901442307692307 0.08413461538461539 0.09134615384615384
0 0.15504807692307693 0.7091346153846154 0.07211538461538461 0.09134615384615384
0 0.6682692307692307 0.5649038461538461 0.0673076923076923 0.08653846153846154
0 0.6959134615384616 0.6346153846153846 0.06009615384615385 0.07692307692307693
0 0.8004807692307693 0.6610576923076923 0.052884615384615384 0.07692307692307693
0 0.75 0.47475961538461536 0.0625 0.08173076923076923
0 0.7295673076923077 0.36177884615384615 0.06009615384615385 0.06490384615384616
0 0.6141826923076923 0.20673076923076922 0.09375 0.11298076923076923
0 0.0985576923076923 0.6105769230769231 0.06971153846153846 0.08173076923076923
0 0.025240384615384616 0.5144230769230769 0.05048076923076923 0.1201923076923077
0 0.016826923076923076 0.39663461538461536 0.03365384615384615 0.07692307692307693
0 0.03365384615384615 0.359375 0.0673076923076923 0.0673076923076923
0 0.03245192307692308 0.22596153846153846 0.06490384615384616 0.07692307692307693
0 0.3641826923076923 0.3858173076923077 0.07932692307692307 0.0889423076923077
0 0.13701923076923078 0.23197115384615385 0.09375 0.0985576923076923