0 0.2024876982128384 0.46174177800661226 0.028022360643229494 0.04578116663137314
0 0.18299370334712883 0.3397443964530516 0.016212707052433384 0.02403778068132123
0 0.2412206726962023 0.5402961200623406 0.029473000707167518 0.042639714875129485
0 0.3551303767211973 0.1811789159725595 0.021592323014070436 0.026408013130650627
0 0.34964435128058424 0.6548718172926833 0.016703829039645735 0.02472674120701779
0 0.10308504592828327 0.6305144601492317 0.022109011636194276 0.03295634865634719
0 0.048475222484605895 0.2726381663607889 0.019630675802433273 0.024303212694530767
0 0.1980597292173487 0.2451788372239497 0.02016440884783144 0.0347577982202274
0 0.6856560359986356 0.4909557867054783 0.01681745852814087 0.05076840787368445
0 0.6913165593937689 0.5369837296805041 0.019661923911769463 0.0314646710278641
0 0.9521484375 0.6995442708333334 0.0205078125 0.020182291666666668
0 0.869140625 0.7027994791666666 0.0244140625 0.013671875
0 0.8026261014354001 0.10211817910321008 0.01778265807929147 0.04824007892507772
0 0.7675657853995621 0.3012867756377811 0.02267399279092852 0.050572392515377075
0 0.948006080760843 0.1427148740941313 0.023622147918804792 0.044137813566770344
0 0.7278082814341172 0.1217072186716297 0.010938198367654306 0.04575608989865865
0 0.6743949702403583 0.2732109402297298 0.02163777480946849 0.036824679797317295
0 0.15981657451907938 0.7865152537259129 0.031414762758318115 0.04018722364458268
0 0.18010565025372616 0.8382380541385036 0.024056455161769463 0.03180594075913371
0 0.44406979563607196 0.9036740318736997 0.026032306059468713 0.037165949528586616
0 0.5224614993835062 0.9605602181775196 0.029490045130442066 0.046545964875129485
0 0.5791015625 0.84765625 0.021484375 0.06640625
0 0.5167274423713804 0.8194422730101304 0.029473000707167518 0.042639714875129485
0 0.5194497560548766 0.8671958278309765 0.02658024279092852 0.0508757433876165
0 0.46817705851713476 0.9758824748251964 0.03631746041880479 0.04512370390154885