0 0.06622431219531938 0.09977463854325996 0.03541051778167015 0.05967011693361668
0 0.12986907561418537 0.17905024096772748 0.04119885511507215 0.05733098645468049
0 0.22584590104630908 0.1377349492665918 0.03552417804822683 0.06357636693361668
0 0.38007402786068023 0.05884262758332792 0.031712155664330055 0.08351919135531882
0 0.3277627677164121 0.2616462256457397 0.041426175648185515 0.06514348645468049
0 0.2938971137675255 0.30062596717396706 0.05453873173158774 0.06293220068957384
0 0.8671597310885566 0.1457495294712723 0.05078876459810311 0.06823511059219811
0 0.923928223888433 0.1423436640082221 0.04154359321379397 0.1027240967428365
0 0.9511783924275256 0.34751307046091684 0.05323017084810311 0.0682777254968081
0 0.834716796875 0.416015625 0.05419921875 0.0478515625
0 0.994140625 0.15576171875 0.01171875 0.05859375
0 0.974365234375 0.25341796875 0.05126953125 0.08203125
0 0.10844088459226792 0.6517540485472315 0.03322108983237115 0.03474220424085073
0 0.09532163557364937 0.5821538986386501 0.046722474432536076 0.029121472706666207
0 0.13405442667113399 0.49342913047687664 0.038459090665360796 0.04703446530007055
0 0.25735703727088655 0.48678785916921596 0.03682375651552583 0.04114952135730465
0 0.2693231866096493 0.6799657802324073 0.03896680456581447 0.030938230011914536
0 0.14560480024457712 0.734475660001912 0.035041121915360796 0.04697480443361668
0 0.21189885779610285 0.7898595731000674 0.0320830193487216 0.045947104048084775
0 0.2736690484796699 0.799242772927159 0.04193388954863919 0.04904725116652453
0 0.31942998960841223 0.6368727658246054 0.030300384748556675 0.05177238712439691
0 0.3119509558099792 0.6924345525535416 0.03061817559872171 0.04592153510531882
0 0.4091796875 0.586181640625 0.021484375 0.03271484375
0 0.409423828125 0.511474609375 0.02099609375 0.05615234375
0 0.324649379453835 0.47428363255552736 0.03880529658216503 0.042160175780992515
0 0.1257474231334224 0.9300292748051745 0.051182818231999994 0.048232625304042154
0 0.435791015625 0.55615234375 0.03173828125 0.04296875
0 0.4587472503878144 0.5902146740539683 0.03022036466577327 0.03224966010531888
0 0.6004221400353814 0.5062179423667329 0.03273280858237104 0.03473368125992879
0 0.6695412072365361 0.5484608766194983 0.039464068232000216 0.048028073761914536
0 0.7205961576686597 0.5063614706735403 0.03192673648220623 0.0405760102980848
0 0.8082205968346392 0.48346449877765296 0.045323443232000216 0.04813034953297832
0 0.8271281831866597 0.5556083307072982 0.05310752816536102 0.047290154727730016
0 0.7324703688722886 0.6355404560630438 0.05302604026449487 0.07803482751588608
0 0.6655526476727834 0.6519594556576542 0.03753935829863919 0.04897054433822656
0 0.599076827824268 0.7035602741950308 0.04179181421544331 0.04416443866652453
0 0.5772282820750927 0.7324906610153856 0.033462617898804115 0.04304298549085073
0 0.5175570490237731 0.684550288400138 0.031765228498556786 0.051797956067162865
0 0.4973528198406184 0.6905485024323367 0.027716903165360796 0.04684695971978703
0 0.695982192531608 0.9661263796123347 0.058492829448680395 0.047872188767871915
0 0.694666938712907 0.8938010937458809 0.054226165998556564 0.05219001318957395
0 0.6113129202961028 0.8874608515082221 0.05583831019888663 0.04050535511326192
0 0.6562744822598967 0.7861430466175126 0.03426346488183496 0.05379369597177275
0 0.4543316431615875 0.8427072181895001 0.04552234869847416 0.054966287032978345
0 0.8716230105241854 0.7053864100494963 0.045902194799051665 0.034475520494822276
0 0.8546004471417319 0.736355151679071 0.04640468358237104 0.0349723247257443
0 0.8388011994428453 0.7756502435014114 0.03961136868232984 0.03631784674283656
0 0.8029435551930514 0.7823522846441069 0.040147497649422714 0.021198173954680488
0 0.9716796875 0.74853515625 0.056640625 0.03515625
0 0.8801914454262885 0.7802809468797799 0.035415742898804226 0.0430770774145387