0 0.2756419892488876 0.3566427492632169 0.038748149942866794 0.05910183939529867
0 0.32884863484909177 0.2560965086400353 0.04242697929566086 0.05453789128938502
0 0.08072276339105044 0.4059199421537255 0.034238562086278845 0.03538533305047309
0 0.14500464976415361 0.42538121895541087 0.034079367633234825 0.03196736430047309
0 0.8837007144340757 0.14808739224976333 0.04731914340354382 0.023806045929775255
0 0.8593976696917087 0.1858047032337669 0.04033740190733748 0.051448771592341846
0 0.6851080443553842 0.1078596688520993 0.046695756048205306 0.0417528780319929
0 0.6254935940089279 0.08289773949376106 0.04968297185149917 0.05367091827829684
0 0.53271484375 0.1982421875 0.0263671875 0.0458984375
0 0.6235189284811686 0.4199512648730632 0.048218128101499225 0.05355134413051443
0 0.540771484375 0.525634765625 0.04248046875 0.07177734375
0 0.9405259685178102 0.10665305626697208 0.05054582402789631 0.05130922812681843
0 0.9912109375 0.2109375 0.017578125 0.0458984375
0 0.9892578125 0.365478515625 0.021484375 0.04638671875
0 0.970666847732418 0.4066269994504434 0.050351843336278845 0.03670064867607925
0 0.9390061442844626 0.4339409566462743 0.07533445745429335 0.050900582389118876
0 0.952392578125 0.657958984375 0.05029296875 0.06396484375
0 0.34729223221844696 0.8888088397064458 0.03283124663957282 0.046944650853429915
0 0.18588786122478496 0.8604392486018626 0.03313759137180816 0.04307825890269079
0 0.15439839640372632 0.8735531914984327 0.04072267072460223 0.03883317519086338
0 0.09831165865493008 0.7307560486930513 0.033750280836278845 0.03534547500121232
0 0.13485914107882846 0.819513485531697 0.03886051398348478 0.040626867993820204
0 0.08752660721844696 0.8676043574997042 0.049625443548205306 0.04199202632755772
0 0.250732421875 0.7138671875 0.03857421875 0.0478515625
0 0.22924861145697473 0.771342736292726 0.03419442423982266 0.055325148201951446
0 0.34459804306356245 0.7572320198197514 0.054441376137028374 0.06184214072164396
0 0.01123046875 0.69921875 0.0224609375 0.0185546875
0 0.371337890625 0.986572265625 0.04443359375 0.02685546875
0 0.5078125 0.74365234375 0.0234375 0.0517578125
0 0.3793061108110638 0.843388618211354 0.03515894256596974 0.044702534849733855
0 0.44551164870452165 0.9688766577026905 0.044845643480940334 0.05424890028568896
0 0.5650323021358705 0.7286245697991425 0.028504941583734567 0.0480507721600828
0 0.9578164520013406 0.7352001003062979 0.03876019411671949 0.0698041688460378
0 0.98974609375 0.815673828125 0.0205078125 0.08154296875
0 0.997802734375 0.892822265625 0.00439453125 0.04248046875
0 0.9765971414925496 0.9318079466141631 0.04132600858119018 0.06223081714160261
0 0.83837890625 0.986572265625 0.0263671875 0.02685546875
0 0.8395158647400053 0.9073843829726196 0.04341558596951378 0.06531993683864568
0 0.8762265804659026 0.9294964215157007 0.030038011527896202 0.0496351900578651
0 0.7837581414151531 0.9469453100539325 0.03407001602535198 0.06309779015269068
0 0.8223337788211499 0.75011804300958 0.03748798477535198 0.06337679649751626