0 0.09056273388374114 0.15185546875 0.03301322694489206 0.0302734375
0 0.23848351348946872 0.15234375 0.04036106904179615 0.0390625
0 0.07802452013714567 0.224609375 0.03182795884024836 0.04345703125
0 0.1074177110845117 0.390625 0.0298652022455117 0.06005859375
0 0.1103242308775449 0.44970703125 0.027784328916254375 0.03271484375
0 0.3896484375 0.29736328125 0.01953125 0.072265625
0 0.6683457491145396 0.35400390625 0.041493819015326006 0.06689453125
0 0.7122761585824974 0.27880859375 0.03580507888096074 0.06982421875
0 0.6686782985309472 0.43212890625 0.035947274602323054 0.072265625
0 0.5414320617733608 0.52099609375 0.051899552581424924 0.052734375
0 0.7666521949153124 0.43505859375 0.03655412822678117 0.06591796875
0 0.6532865387623699 0.537109375 0.037009610175077756 0.0234375
0 0.8490146274119079 0.3623046875 0.05099386012213736 0.0791015625
0 0.8880915748040128 0.38720703125 0.04916412329396369 0.064453125
0 0.97900390625 0.280517578125 0.0419921875 0.06591796875
0 0.9873046875 0.35986328125 0.025390625 0.0634765625
0 0.9363518281984384 0.49755859375 0.04530557562770943 0.03173828125
0 0.910400390625 0.52734375 0.04541015625 0.044921875
0 0.5469268030931819 0.041015625 0.03210753448560455 0.056640625
0 0.8751673822300211 0.240234375 0.028030649619969816 0.0537109375
0 0.6647640432540174 0.07177734375 0.045172555861146435 0.06298828125
0 0.629150390625 0.02392578125 0.03173828125 0.0478515625
0 0.13509264358110717 0.8232421875 0.0724358042256974 0.05322265625
0 0.019775390625 0.886474609375 0.03955078125 0.05517578125
0 0.6687826829112951 0.67529296875 0.1284594883665653 0.12646484375