0 0.6754807692307693 0.007211538461538462 0.04807692307692308 0.014423076923076924
0 0.7175480769230769 0.019230769230769232 0.06009615384615385 0.038461538461538464
0 0.7079326923076923 0.07211538461538461 0.05048076923076923 0.04567307692307692
0 0.7524038461538461 0.23677884615384615 0.04567307692307692 0.05048076923076923
0 0.7127403846153846 0.24879807692307693 0.052884615384615384 0.055288461538461536
0 0.6875 0.20793269230769232 0.038461538461538464 0.040865384615384616
0 0.5865384615384616 0.3485576923076923 0.04807692307692308 0.055288461538461536
0 0.5372596153846154 0.36778846153846156 0.028846153846153848 0.040865384615384616
0 0.5456730769230769 0.35336538461538464 0.036057692307692304 0.036057692307692304
0 0.5480769230769231 0.32091346153846156 0.03365384615384615 0.038461538461538464
0 0.39663461538461536 0.3713942307692308 0.04326923076923077 0.04807692307692308
0 0.3737980769230769 0.42908653846153844 0.040865384615384616 0.04326923076923077
0 0.3485576923076923 0.41947115384615385 0.040865384615384616 0.04807692307692308
0 0.3449519230769231 0.3786057692307692 0.04567307692307692 0.05048076923076923
0 0.4831730769230769 0.36899038461538464 0.03125 0.040865384615384616
0 0.49158653846153844 0.41947115384615385 0.03365384615384615 0.04567307692307692
0 0.32211538461538464 0.484375 0.052884615384615384 0.052884615384615384
0 0.1971153846153846 0.4795673076923077 0.04807692307692308 0.06009615384615385
0 0.04447115384615385 0.2956730769230769 0.052884615384615384 0.06009615384615385
0 0.2283653846153846 0.546875 0.040865384615384616 0.038461538461538464
0 0.25 0.5612980769230769 0.036057692307692304 0.038461538461538464
0 0.2704326923076923 0.5973557692307693 0.03365384615384615 0.036057692307692304
0 0.23317307692307693 0.6045673076923077 0.03125 0.036057692307692304
0 0.19951923076923078 0.6081730769230769 0.04326923076923077 0.04807692307692308
0 0.25 0.6634615384615384 0.04567307692307692 0.04326923076923077
0 0.2980769230769231 0.7175480769230769 0.05048076923076923 0.06009615384615385
0 0.3016826923076923 0.6502403846153846 0.036057692307692304 0.04326923076923077
0 0.2980769230769231 0.6189903846153846 0.036057692307692304 0.03125
0 0.37259615384615385 0.5973557692307693 0.04807692307692308 0.04807692307692308
0 0.37259615384615385 0.6622596153846154 0.04807692307692308 0.06009615384615385
0 0.4074519230769231 0.5504807692307693 0.04567307692307692 0.055288461538461536
0 0.49158653846153844 0.5048076923076923 0.026442307692307692 0.036057692307692304
0 0.5456730769230769 0.5444711538461539 0.040865384615384616 0.040865384615384616
0 0.6286057692307693 0.5817307692307693 0.040865384615384616 0.04807692307692308
0 0.7379807692307693 0.5925480769230769 0.04807692307692308 0.055288461538461536
0 0.6646634615384616 0.4362980769230769 0.04567307692307692 0.040865384615384616
0 0.6237980769230769 0.4050480769230769 0.04567307692307692 0.05048076923076923
0 0.8822115384615384 0.41346153846153844 0.05048076923076923 0.04567307692307692
0 0.8665865384615384 0.30528846153846156 0.052884615384615384 0.0673076923076923
0 0.9134615384615384 0.53125 0.06009615384615385 0.057692307692307696
0 0.9074519230769231 0.5925480769230769 0.04567307692307692 0.055288461538461536
0 0.9435096153846154 0.6177884615384616 0.038461538461538464 0.040865384615384616
0 0.9459134615384616 0.5901442307692307 0.040865384615384616 0.036057692307692304
0 0.8557692307692307 0.6129807692307693 0.052884615384615384 0.05048076923076923
0 0.8425480769230769 0.5612980769230769 0.04807692307692308 0.052884615384615384
0 0.8653846153846154 0.5432692307692307 0.05048076923076923 0.055288461538461536
0 0.8389423076923077 0.4254807692307692 0.03125 0.038461538461538464
0 0.8858173076923077 0.6730769230769231 0.05048076923076923 0.057692307692307696
0 0.8629807692307693 0.6959134615384616 0.057692307692307696 0.06009615384615385
0 0.8293269230769231 0.6514423076923077 0.06490384615384616 0.06490384615384616
0 0.9399038461538461 0.7427884615384616 0.057692307692307696 0.06009615384615385
0 0.7391826923076923 0.7668269230769231 0.052884615384615384 0.04326923076923077
0 0.7199519230769231 0.7163461538461539 0.03365384615384615 0.038461538461538464
0 0.65625 0.6862980769230769 0.04807692307692308 0.04567307692307692
0 0.6274038461538461 0.7235576923076923 0.036057692307692304 0.04326923076923077
0 0.6622596153846154 0.8064903846153846 0.04326923076923077 0.057692307692307696
0 0.5036057692307693 0.6959134615384616 0.040865384615384616 0.04807692307692308
0 0.5540865384615384 0.7560096153846154 0.040865384615384616 0.04567307692307692
0 0.4338942307692308 0.8641826923076923 0.04567307692307692 0.05048076923076923
0 0.4699519230769231 0.9074519230769231 0.04567307692307692 0.040865384615384616
0 0.36177884615384615 0.875 0.04567307692307692 0.055288461538461536