0 0.02587890625 0.059326171875 0.0517578125 0.06689453125
0 0.07238715088004155 0.40102566609511103 0.04698719244847438 0.0549918559757443
0 0.6708984375 0.007568359375 0.0205078125 0.01513671875
0 0.5312817017181858 0.09788662388517899 0.020483154732412412 0.03305576298687929
0 0.5319816281498972 0.15552085734702303 0.02239365713245367 0.03162501116056715
0 0.5558775265151755 0.20444520647461184 0.020151156348927834 0.03841833375595716
0 0.512939453125 0.30615234375 0.00634765625 0.037109375
0 0.6288549959992373 0.17727933010539276 0.021502339832371153 0.03453765269872333
0 0.5966725239172787 0.12898815290347754 0.020753097865484627 0.04233310673687907
0 0.6276040869119179 0.31897464539553444 0.02375382303208251 0.044825650872411194
0 0.650894286461588 0.33029281529220134 0.023526502498969037 0.037013150872411194
0 0.679154011529258 0.2941369051868825 0.01921721644888663 0.03986613154411334
0 0.5733906606285983 0.31943241502787445 0.022104281348927834 0.03845242567964524
0 0.70522201916666 0.14907723036971965 0.018198031348927834 0.038384241832269295
0 0.728554841316289 0.16186024401638655 0.021947998482412356 0.03308133192964524
0 0.7946140637365982 0.031246926494543192 0.02447464993232995 0.036053634334255125
0 0.8207756528349075 0.09087937119844414 0.02566955054925768 0.026801859527020966
0 0.906494140625 0.013427734375 0.01904296875 0.02685546875
0 0.98974609375 0.25341796875 0.0205078125 0.0439453125
0 0.8863221117453199 0.31201605925688436 0.02214690394888663 0.03991726942964524
0 0.8760435477277323 0.34492693156809007 0.029158556965855675 0.02930292664347478
0 0.7256191070362683 0.044175939785464524 0.023341804565814472 0.030665494622411194
0 0.7072064948694642 0.04938262556049988 0.011807752498969037 0.036808599330283576
0 0.6649054989354848 0.07308186663163418 0.021388679565814472 0.03063140269872311
0 0.30109839469496913 0.4741738474046837 0.044602616331752554 0.05690236607113436
0 0.488037109375 0.473876953125 0.04345703125 0.06005859375
0 0.34087062520575273 0.682570136721067 0.04477310673158774 0.0627617410711343
0 0.7138680091628866 0.5578513950914924 0.051580629164948544 0.0619045003040421
0 0.665143915858062 0.7301756417429103 0.0389189568487216 0.046066425780992626
0 0.9089667500078971 0.7317820492628416 0.03810765963142271 0.06850179433822667
0 0.7301609387365982 0.8995374713395067 0.06965601783113406 0.07930117136723336
0 0.8500955422767218 0.6561105587997915 0.05601778301490723 0.0634460508823399