0 0.37548828125 0.137939453125 0.0087890625 0.03271484375
0 0.3525257462479737 0.2186798449972196 0.02850211968159244 0.032899470367802275
0 0.39599609375 0.177734375 0.0322265625 0.087890625
0 0.8545451848554468 0.05599114423715923 0.04125992840026482 0.044381075618886046
0 0.5385814387595194 0.12941633203715475 0.05413136660743234 0.07539393086996982
0 0.1878054974168193 0.5741976642507773 0.06979045545398088 0.08216335848668832
0 0.294306973560008 0.738657400990717 0.059516664043494205 0.07814816770696686
0 0.8762110414865097 0.5830644945466023 0.023630670130441844 0.034568203925077645
0 0.7970018565229687 0.5129992265301925 0.01871092804668084 0.027936156232353238
0 0.8247316212333231 0.5321983827537222 0.013351197245530466 0.02957645064535619
0 0.6803708154660659 0.4944835210490762 0.02553834333504379 0.02686946050216754
0 0.5701694864877926 0.5461901823377744 0.024062136636194276 0.024831018069350175
0 0.6004599684110669 0.5450237217826664 0.021649137758318115 0.02957163484798797
0 0.6326836901738545 0.5473889865546483 0.019179324136194276 0.024546626626625656
0 0.643190096485227 0.5885419914786423 0.027505672021105765 0.029424623329257438
0 0.7130966966143859 0.578448632859603 0.025015973238495248 0.020981646357895123
0 0.5609770393036346 0.6150142152408702 0.0264836577257076 0.02155524504071249
0 0.5881070829116471 0.8212535293586725 0.0172063139757076 0.02101490129953576
0 0.8767384419564241 0.7442826244794196 0.023042963078008682 0.017449921030805227
0 0.6829816892972204 0.7173672842032559 0.023548288751282787 0.020408047675077756
0 0.6072548333879757 0.8883090638795705 0.021158015771105654 0.02905491445371533
0 0.5583673784570452 0.8117062415580528 0.016283725482742817 0.030235366760990923
0 0.7629426929704539 0.9100764634024829 0.023630670130441844 0.03456820392507787
0 0.8700934849507126 0.5431440044210604 0.022588770674557113 0.023280856886532808
0 0.7572348536942984 0.6318178449883962 0.024090544008318115 0.029713830569350175
0 0.6041613597812461 0.6644202990811185 0.0240422514757076 0.021413049319350175
0 0.625 0.400634765625 0.0224609375 0.02197265625
0 0.5753310167851353 0.41461019713622643 0.02215446343159233 0.03252976149226039
0 0.6094141192199144 0.4332024997352981 0.02164061554668084 0.028106791097987915
0 0.7743382500293015 0.798397437076477 0.019690331283893303 0.028481315770898075
0 0.9274755423631439 0.4190015389066649 0.022591611411769463 0.023769138136532808