0 0.5264423076923077 0.7175480769230769 0.0625 0.06971153846153846
0 0.6286057692307693 0.7932692307692307 0.052884615384615384 0.05048076923076923
0 0.7487980769230769 0.7415865384615384 0.04807692307692308 0.04807692307692308
0 0.8569711538461539 0.8341346153846154 0.052884615384615384 0.06971153846153846
0 0.9242788461538461 0.5709134615384616 0.038461538461538464 0.052884615384615384
0 0.8653846153846154 0.5324519230769231 0.04326923076923077 0.055288461538461536
0 0.49759615384615385 0.25841346153846156 0.06490384615384616 0.0673076923076923
0 0.5745192307692307 0.28725961538461536 0.04567307692307692 0.0625
0 0.4723557692307692 0.7391826923076923 0.06971153846153846 0.08653846153846154
0 0.4891826923076923 0.8990384615384616 0.06490384615384616 0.07932692307692307
0 0.6129807692307693 0.890625 0.052884615384615384 0.06490384615384616
0 0.3016826923076923 0.35216346153846156 0.0673076923076923 0.08413461538461539
0 0.5084134615384616 0.37259615384615385 0.06009615384615385 0.07451923076923077
0 0.43149038461538464 0.22355769230769232 0.04807692307692308 0.06009615384615385
0 0.5396634615384616 0.19591346153846154 0.04807692307692308 0.0625
0 0.6887019230769231 0.11778846153846154 0.06009615384615385 0.07692307692307693
0 0.7932692307692307 0.06490384615384616 0.052884615384615384 0.055288461538461536
0 0.49278846153846156 0.4567307692307692 0.04807692307692308 0.0625
0 0.6502403846153846 0.5625 0.05048076923076923 0.04807692307692308
0 0.7512019230769231 0.3713942307692308 0.03125 0.03365384615384615
0 0.421875 0.43028846153846156 0.07932692307692307 0.08413461538461539
0 0.4495192307692308 0.19110576923076922 0.040865384615384616 0.04807692307692308
0 0.4266826923076923 0.3798076923076923 0.055288461538461536 0.0625
0 0.5865384615384616 0.5228365384615384 0.03125 0.03365384615384615
0 0.5841346153846154 0.703125 0.05048076923076923 0.0625