0 0.008056640625 0.052978515625 0.01611328125 0.02197265625
0 0.20258332297300874 0.16735603819616146 0.01695382583744287 0.030370022565220922
0 0.2112527283825829 0.11505597043912624 0.028547579169317938 0.019696012758318115
0 0.2721003896303955 0.09858759703757869 0.0237045383364487 0.023085574136194276
0 0.69384765625 0.411376953125 0.0205078125 0.03662109375
0 0.6859767629843435 0.3521144904532375 0.0376434516728974 0.04611433352814087
0 0.726338996310054 0.2957235247773975 0.03320346708903388 0.042182516893229494
0 0.6789171879475554 0.08114112260093653 0.0381317329228974 0.04611717426535328
0 0.623315281692584 0.044841032155935545 0.024738259592812062 0.06996341487340663
0 0.6015642104451692 0.06401183408049266 0.03006390000894843 0.06608841298274282
0 0.7529143529449702 0.06166636179465468 0.028014186674488295 0.0577762687838933
0 0.9174310441945726 0.05777934585408245 0.024630307924885964 0.060686071123406626
0 0.9784665425336063 0.09941928193974725 0.026872855839232823 0.0436104310594686
0 0.9657033921218448 0.1356287943444815 0.026736495837641705 0.03189168105946849
0 0.9449459283746289 0.1562587585446139 0.03230644792329507 0.04901277291880479
0 0.9382353296317876 0.2090357446027996 0.02284160917110789 0.03284551766176946
0 0.9140879633792024 0.19013197197620624 0.04013031125676103 0.05003478721420285
0 0.8983429641997428 0.09597891284257767 0.021075979173295067 0.048947435962920005
0 0.982666015625 0.41796875 0.03466796875 0.0234375
0 0.995849609375 0.332763671875 0.00830078125 0.05908203125
0 0.9176777504873264 0.3727406372645692 0.023528748756761253 0.049938202148982036
0 0.8430840104829516 0.34094586682085093 0.029819588339431657 0.04509231923274282
0 0.8179036071520707 0.3591599914058947 0.029802543339232823 0.04362747548274282
0 0.8037424246349691 0.2332572880734166 0.023471932089431657 0.045055389648981814
0 0.8298596187987193 0.21161951326394812 0.02633912125536897 0.03970134032225614
0 0.002685546875 0.5166015625 0.00537109375 0.0302734375
0 0.4560546875 0.734130859375 0.0126953125 0.03076171875
0 0.46142578125 0.85302734375 0.0234375 0.048828125
0 0.4917584300405663 0.6900530824353185 0.029405168756959865 0.051437134745530466
0 0.4865467650481228 0.745751233781867 0.029825270006164528 0.04558060048274282
0 0.5912481479501406 0.6372246375567805 0.044314620837641705 0.031993947599114225
0 0.6634338875268454 0.5879732427121358 0.030268097922300896 0.04167719121995522
0 0.8228404996071297 0.5645833841436874 0.03468535583923282 0.04365588285486666
0 0.8644406521025559 0.5306476744934226 0.039914407920908834 0.03148009971420285
0 0.8242495529569016 0.6856771341436874 0.03911397708963049 0.046611136989778035
0 0.9014892392136626 0.7350358259013436 0.03771731334042583 0.05246198977814087
0 0.9364476571451108 0.8437265337836893 0.04622831625954493 0.07057668856075139
0 0.5884257279399989 0.56252896925563 0.0436107783408235 0.055425766124689524
0 0.4903547162684935 0.5274525854481061 0.038080597922300896 0.04172264301535333
0 0.7176070925664174 0.8791817122920482 0.024408722922300896 0.04164310237340674
0 0.6955328504932919 0.9545105394410301 0.033152332088437264 0.037787985643229494
0 0.6554934459042581 0.9127484516552329 0.028695302504374798 0.032391325258318115
0 0.6257995384110191 0.9627292648624005 0.040522004172300896 0.0417368467014152