0 0.43006665709815795 0.07406829112173055 0.029119235459503123 0.027462610477852922
0 0.3405915707759699 0.033909214874652885 0.05034072478432883 0.018385411308270455
0 0.4592099980611918 0.11358264926566697 0.027859255416369022 0.03028129875582508
0 0.5271257291826822 0.19530448536705872 0.029402653002637447 0.02456992271852887
0 0.45477820419720916 0.20503924197837076 0.030652367111791756 0.028550172199880763
0 0.4250988259498465 0.18021032107511026 0.035422481824379126 0.03425426361596429
0 0.39540606310566573 0.23980977205996112 0.040134574568657655 0.03218285477272376
0 0.4111814784797936 0.29500069918699895 0.027306032413284775 0.05015283104312129
0 0.46186029662636074 0.30031351596729716 0.04284913242781174 0.03627410347610338
0 0.5033300589252164 0.30394677517475255 0.02449930863467764 0.037797800830417505
0 0.5132356058789982 0.2816265520162436 0.030925518720946066 0.03245642219988076
0 0.29681431434158534 0.25982757340612406 0.04893724915184183 0.0469350068735388
0 0.23138439935521915 0.18467539199878796 0.0370921892812448 0.03729495033799213
0 0.07754166165407489 0.17350875493586526 0.048117794324379015 0.0352162568735388
0 0.04435929600840094 0.25493286320801234 0.027166110459503234 0.027314611515149134
0 0.0435501071149178 0.2735245504486883 0.04013457456865743 0.032182854772723646
0 0.01416015625 0.29638671875 0.0283203125 0.0380859375
0 0.055180264831035664 0.3318374484003186 0.04250769291636902 0.03139129097610338
0 0.1246050221012841 0.34986072355765463 0.03720823321786204 0.05284595085664012
0 0.17053425740322375 0.37395751090322127 0.040090164683533325 0.0384935112820477
0 0.339025432604368 0.3862341401864223 0.0390453142812448 0.037442949300695805
0 0.359375 0.5146484375 0.0419921875 0.0302734375
0 0.41357421875 0.504638671875 0.0361328125 0.05029296875
0 0.44023645464531147 0.4621341776631024 0.035753655401842055 0.04593601387528823
0 0.4862578558667041 0.4778931840179931 0.03861505499955342 0.04518144981934391
0 0.473876953125 0.51025390625 0.03662109375 0.0390625
0 0.01611328125 0.517333984375 0.0263671875 0.02490234375
0 0.025394653608303175 0.189192031905567 0.036081482830100375 0.036732669606640234
0 0.38154696509028774 0.4169448665879333 0.02704314673811048 0.03944764328379724
0 0.8849234151316356 0.09593377296324124 0.026759729194976267 0.04234033104312129
0 0.8283374659507398 0.1048993962761835 0.032134169094180765 0.06363242271852887
0 0.8342383596593919 0.2732235744405175 0.021808628792687745 0.040993771136361934
0 0.819921323223221 0.33055204863632265 0.025168575574379015 0.0334772690617694
0 0.8756710868306311 0.43884064018351965 0.041613030401842055 0.04638001076339959
0 0.9718660667162019 0.4952167122814124 0.024260300976667537 0.034379832080417394
0 0.7832104997575078 0.034230891477237096 0.020309641091543318 0.04039449066433404
0 0.3399640500312868 0.6013351584673168 0.04395200479840922 0.04510016571677933
0 0.023681640625 0.6689453125 0.04736328125 0.076171875
0 0.8162536259084987 0.6524089465850501 0.04347733563159362 0.05914932274475149
0 0.8602297362104384 0.6763577349679131 0.031430758203335074 0.06746467323717698
0 0.8439870264270029 0.7752641148950701 0.06968406930985205 0.05190696473192857
0 0.697557554732473 0.8476160020803979 0.055558057010996365 0.05132225350232611
0 0.9708649437399388 0.757880579758112 0.04380516305985205 0.04994597847610338
0 0.575439453125 0.9921875 0.04833984375 0.015625
0 0.6262675822870083 0.5614371753146722 0.04303011811751323 0.03191657196677933
0 0.7183786726320822 0.5919786255244536 0.031550375775523276 0.0344465469405566
0 0.7746470603186996 0.5805345962208354 0.05189081466900636 0.05444422432691853
0 0.9425303366976557 0.5593861020599807 0.05177477073238901 0.03889322380827043