0 0.24639423076923078 0.23197115384615385 0.02403846153846154 0.04927884615384615
0 0.453125 0.24879807692307693 0.028846153846153848 0.036057692307692304
0 0.7451923076923077 0.578125 0.018028846153846152 0.05889423076923077
0 0.5769230769230769 0.29086538461538464 0.021634615384615384 0.046875
0 0.5961538461538461 0.1466346153846154 0.016826923076923076 0.04447115384615385
0 0.47836538461538464 0.5336538461538461 0.025240384615384616 0.03245192307692308
0 0.4543269230769231 0.7692307692307693 0.018028846153846152 0.040865384615384616
0 0.30288461538461536 0.78125 0.018028846153846152 0.03245192307692308
0 0.2668269230769231 0.8257211538461539 0.026442307692307692 0.03125
0 0.3233173076923077 0.8076923076923077 0.015625 0.025240384615384616
0 0.5733173076923077 0.8293269230769231 0.025240384615384616 0.036057692307692304
0 0.6502403846153846 0.8161057692307693 0.019230769230769232 0.046875
0 0.7704326923076923 0.7740384615384616 0.02403846153846154 0.04927884615384615
0 0.6826923076923077 0.7355769230769231 0.018028846153846152 0.037259615384615384
0 0.7788461538461539 0.2704326923076923 0.02283653846153846 0.04447115384615385
0 0.7487980769230769 0.24519230769230768 0.016826923076923076 0.038461538461538464
0 0.7403846153846154 0.17427884615384615 0.021634615384615384 0.04447115384615385
0 0.6358173076923077 0.17548076923076922 0.02403846153846154 0.040865384615384616
0 0.5853365384615384 0.21033653846153846 0.027644230769230768 0.039663461538461536
0 0.7175480769230769 0.5757211538461539 0.02283653846153846 0.03485576923076923
0 0.65625 0.37740384615384615 0.020432692307692308 0.028846153846153848
0 0.7295673076923077 0.7283653846153846 0.02403846153846154 0.04447115384615385
0 0.4807692307692308 0.5769230769230769 0.020432692307692308 0.027644230769230768
0 0.23798076923076922 0.7824519230769231 0.018028846153846152 0.036057692307692304