0 0.8173076923076923 0.4182692307692308 0.055288461538461536 0.0985576923076923
0 0.890625 0.4543269230769231 0.036057692307692304 0.08774038461538461
0 0.9350961538461539 0.30528846153846156 0.039663461538461536 0.08533653846153846
0 0.7800480769230769 0.2704326923076923 0.056490384615384616 0.05889423076923077
0 0.53125 0.28725961538461536 0.056490384615384616 0.04567307692307692
0 0.43509615384615385 0.23557692307692307 0.04927884615384615 0.0829326923076923
0 0.33774038461538464 0.25841346153846156 0.04447115384615385 0.07211538461538461
0 0.25721153846153844 0.5552884615384616 0.056490384615384616 0.03485576923076923
0 0.22956730769230768 0.6887019230769231 0.051682692307692304 0.051682692307692304
0 0.19471153846153846 0.6490384615384616 0.052884615384615384 0.06490384615384616
0 0.18028846153846154 0.7848557692307693 0.056490384615384616 0.04447115384615385
0 0.14783653846153846 0.6838942307692307 0.030048076923076924 0.054086538461538464
0 0.6298076923076923 0.7283653846153846 0.054086538461538464 0.06850961538461539
0 0.75 0.7788461538461539 0.051682692307692304 0.06610576923076923
0 0.796875 0.8365384615384616 0.03245192307692308 0.04807692307692308
0 0.8822115384615384 0.9435096153846154 0.052884615384615384 0.06490384615384616
0 0.7932692307692307 0.9771634615384616 0.046875 0.036057692307692304
0 0.7548076923076923 0.9375 0.04567307692307692 0.04927884615384615
0 0.3004807692307692 0.9242788461538461 0.046875 0.054086538461538464
0 0.484375 0.9447115384615384 0.052884615384615384 0.08413461538461539
0 0.42788461538461536 0.5372596153846154 0.054086538461538464 0.051682692307692304
0 0.4963942307692308 0.5012019230769231 0.046875 0.05048076923076923
0 0.3918269230769231 0.65625 0.054086538461538464 0.05889423076923077
0 0.23197115384615385 0.9543269230769231 0.04807692307692308 0.052884615384615384