0 0.06722212701794716 0.3522873021460926 0.038473898883234714 0.029944621550070605
0 0.8020278799646533 0.37021623173276014 0.02631235176267599 0.030708109527021077
0 0.8984199259481837 0.43054014685992237 0.030116935612925833 0.039068551643475
0 0.9622269215281245 0.41406148639885787 0.03468135920683757 0.03231784395269477
0 0.7944710001815314 0.10228866451495891 0.02377997725379366 0.028712369622411138
0 0.46237803828325885 0.527994823455813 0.029514944039322977 0.03661862241255287
0 0.507891206965994 0.5160836252006351 0.01865904621572012 0.03398971058226952
0 0.3055648717971842 0.453421941963403 0.03193360822460237 0.036172956067162865
0 0.2432013241855077 0.4494013129053894 0.04572989143907308 0.028607622513900255
0 0.229248046875 0.643798828125 0.01904296875 0.03173828125
0 0.3726880976043631 0.6070611850635442 0.035169640456837736 0.03232636693361668
0 0.37009550222621695 0.6627252475635441 0.035453243124352496 0.02794035866453859
0 0.5375105820940489 0.26835210049474845 0.044105853236029 0.025164084821134303
0 0.4254640626308731 0.3133094297873027 0.024166592354043503 0.037013150872411194
0 0.3868215453136995 0.49246850497013983 0.04699005660658784 0.024238660206666207
0 0.212158203125 0.734375 0.01513671875 0.0478515625
0 0.09445478688730241 0.8150750492070191 0.05445207402789631 0.048275240208651926
0 0.6005859375 0.80712890625 0.05029296875 0.021728515625
0 0.623779296875 0.770263671875 0.0458984375 0.017578125
0 0.614013671875 0.748779296875 0.052978515625 0.010498046875
0 0.318115234375 0.81396484375 0.046630859375 0.01611328125
0 0.309814453125 0.878662109375 0.03857421875 0.011962890625
0 0.577880859375 0.871826171875 0.03759765625 0.015625
0 0.560302734375 0.847412109375 0.041259765625 0.013671875
0 0.826904296875 0.8818359375 0.05322265625 0.015625
0 0.844970703125 0.9306640625 0.0595703125 0.025634765625
0 0.645263671875 0.9072265625 0.046630859375 0.02197265625
0 0.746337890625 0.926513671875 0.03857421875 0.021484375
0 0.466552734375 0.77392578125 0.051513671875 0.014404296875
0 0.875 0.7919921875 0.038818359375 0.017578125
0 0.892822265625 0.885498046875 0.03662109375 0.02197265625
0 0.3876953125 0.967041015625 0.052734375 0.01806640625
0 0.3740234375 0.909912109375 0.067626953125 0.015625
0 0.255859375 0.878662109375 0.053466796875 0.013427734375
0 0.50390625 0.8544921875 0.04443359375 0.010986328125
0 0.639892578125 0.984375 0.057861328125 0.01220703125