0 0.65625 0.38221153846153844 0.07451923076923077 0.07451923076923077
0 0.7776442307692307 0.359375 0.057692307692307696 0.057692307692307696
0 0.8774038461538461 0.46033653846153844 0.055288461538461536 0.055288461538461536
0 0.984375 0.42908653846153844 0.026442307692307692 0.07451923076923077
0 0.9795673076923077 0.6923076923076923 0.036057692307692304 0.057692307692307696
0 0.9206730769230769 0.6995192307692307 0.057692307692307696 0.057692307692307696
0 0.4807692307692308 0.7728365384615384 0.07692307692307693 0.07451923076923077
0 0.5637019230769231 0.7824519230769231 0.06009615384615385 0.0625
0 0.6117788461538461 0.33774038461538464 0.08653846153846154 0.0889423076923077
0 0.6790865384615384 0.203125 0.08173076923076923 0.08173076923076923
0 0.7944711538461539 0.26802884615384615 0.0673076923076923 0.0673076923076923
0 0.3233173076923077 0.6009615384615384 0.08413461538461539 0.08413461538461539
0 0.5288461538461539 0.6778846153846154 0.07692307692307693 0.07451923076923077
0 0.4074519230769231 0.7764423076923077 0.06009615384615385 0.0625
0 0.5012019230769231 0.8485576923076923 0.0625 0.0625
0 0.6201923076923077 0.9711538461538461 0.07692307692307693 0.052884615384615384
0 0.5408653846153846 0.5949519230769231 0.06009615384615385 0.0625
0 0.7247596153846154 0.5745192307692307 0.055288461538461536 0.055288461538461536
0 0.7608173076923077 0.7896634615384616 0.036057692307692304 0.036057692307692304
0 0.46274038461538464 0.5865384615384616 0.09134615384615384 0.09134615384615384
0 0.41346153846153844 0.8125 0.052884615384615384 0.052884615384615384
0 0.453125 0.6334134615384616 0.0673076923076923 0.0673076923076923
0 0.6514423076923077 0.5805288461538461 0.036057692307692304 0.036057692307692304
0 0.7067307692307693 0.4206730769230769 0.0625 0.06490384615384616