0 0.12086337611482101 0.03260127817242081 0.019571393567162865 0.031160378024102653
0 0.5535765343421244 0.07165973932346592 0.046932189529006796 0.03341049614845515
0 0.5573219566731875 0.1464804808970689 0.03464598011326192 0.05625670246572012
0 0.619611353487585 0.10937514474602372 0.03832816127184335 0.07155261566876414
0 0.6762593924999262 0.02858535669777279 0.046767781554042154 0.05194244158373451
0 0.8369140625 0.0234375 0.0546875 0.046875
0 0.7982989399819806 0.2840661942954327 0.05693398665737526 0.07534650162814627
0 0.8059662959060214 0.47177087287791786 0.059497185977730016 0.05448686026646965
0 0.6750887659755966 0.38078328822696417 0.06293220068957406 0.05562261721951378
0 0.146728515625 0.589111328125 0.03759765625 0.01904296875
0 0.11862490563779671 0.8465046995161958 0.030680069246808106 0.05265679719795546
0 0.11476237951098744 0.9326803180542693 0.024616142704680488 0.040665142421308476
0 0.064208984375 0.991455078125 0.02685546875 0.01708984375
0 0.022752429987937917 0.9161977786368003 0.03172728693163096 0.028799242142117265
0 0.03259970449112981 0.865428572810653 0.03535833020468049 0.041165467845161174
0 0.0474708484636821 0.9627222960581087 0.044576013088226674 0.03817959832485229
0 0.2743415381457397 0.8791273010973403 0.035057554534964064 0.05188491328044065
0 0.20942212053247777 0.8214605906189443 0.048482263088226674 0.03836153484261695
0 0.301025390625 0.994873046875 0.04736328125 0.01025390625
0 0.25841712484488966 0.7773935624704434 0.0311172126112762 0.04974985176267599
0 0.527587890625 0.588134765625 0.04443359375 0.01708984375
0 0.7080078125 0.591064453125 0.0615234375 0.02294921875
0 0.47509765625 0.697265625 0.05078125 0.0498046875
0 0.4916932624739638 0.9125977286230118 0.0491519982750353 0.020828893972058005
0 0.5647273181258083 0.8481834287105401 0.04005363712439691 0.030650700992367108
0 0.619140625 0.977783203125 0.0419921875 0.04443359375
0 0.8522081239803477 0.8269332781456825 0.06358241857709168 0.06492270303423431