0 0.22741407067015906 0.029421552326709066 0.029267736515149245 0.03406627504519107
0 0.2619643322115309 0.07914691621844872 0.028024891209204705 0.03796116209634156
0 0.34097847925697833 0.18127756366092482 0.029534019321093563 0.03016381269480754
0 0.2708364087179327 0.2009068584835814 0.03080657974650114 0.03537972132737396
0 0.23788442064683912 0.17071653224145825 0.035608108143936334 0.04257526850725579
0 0.21715576297200823 0.25255082446139987 0.04030592194055682 0.03935793667008758
0 0.24075698444636218 0.32431691377939353 0.027588755576918533 0.06463871983120884
0 0.29164923366839 0.3266639543395103 0.043043326115964176 0.044585208251503396
0 0.33319013965906596 0.32763694622358014 0.024710637060019858 0.04834752756607615
0 0.33975193309729645 0.29710237793372735 0.031102577671908715 0.040588054660707286
0 0.12254806094986115 0.2882592031706648 0.04919141442015906 0.05829874739728499
0 0.04694459803320106 0.19461482329255433 0.03729495033799202 0.04649288145610534
0 0.01708984375 0.451171875 0.0341796875 0.048177083333333336
0 0.1826162458595233 0.4520645770641149 0.03924807533799202 0.04650803205457136
0 0.29345703125 0.5315755208333334 0.0361328125 0.035807291666666664
0 0.34130859375 0.5403645833333334 0.0390625 0.018229166666666668
0 0.22912182508737633 0.4888675865125503 0.0272630425320477 0.050319590814158786
0 0.8493785736596426 0.32171653476234335 0.02249851387528823 0.04377508530094346
0 0.8913859070366803 0.34807257634718014 0.027166612552445457 0.031446957780058384
0 0.9252707498804975 0.4290290019908373 0.02394092712703788 0.02621589854902595
0 0.9190049543676746 0.46477190361402326 0.027773177645685987 0.024944116412624655
0 0.7367140565471577 0.5206242634264172 0.01722327347027841 0.019656242437344613
0 0.14413672718528864 0.7627418494638296 0.05916446862178937 0.07920025842371547
0 0.12102263369170996 0.6050799242916175 0.05769962487178937 0.07918889547486592
0 0.440185546875 0.6946614583333334 0.05908203125 0.053385416666666664
0 0.43638560633157075 0.5977649085934978 0.04907313057691853 0.06480537641433519
0 0.393310546875 0.5660807291666666 0.05126953125 0.033203125
0 0.024658203125 0.9215494791666666 0.04931640625 0.048828125
0 0.6843797590792446 0.6049259328594586 0.0654902710081513 0.10462875991988056
0 0.5830078125 0.5849609375 0.0751953125 0.07096354166666667
0 0.7000804884644336 0.7351986562362726 0.0880179233682904 0.1145648291526234