0 0.1831659360235921 0.15624817337898667 0.042646333767552225 0.048137037249556425
0 0.091796875 0.5068359375 0.0478515625 0.046223958333333336
0 0.2018524069253812 0.40497260835434634 0.03707682843618498 0.05856701679471706
0 0.407470703125 0.5201822916666666 0.04443359375 0.01953125
0 0.3405568284891962 0.3655374552048096 0.055443953209422636 0.05342503295726401
0 0.186279296875 0.5166015625 0.04541015625 0.026692708333333332
0 0.26539717405329477 0.41448550355955033 0.03182509278503365 0.06253972373889205
0 0.37320189116294733 0.10617024952497515 0.04446925181409833 0.061968344446599634
0 0.8526538154430043 0.17488853500283832 0.03992126015129305 0.05563067285547015
0 0.9009781430879741 0.030835366697378037 0.04682540227920651 0.05897885644167156
0 0.7317445373676768 0.26170350305219775 0.046620788395465906 0.05116635644167156
0 0.233154296875 0.544921875 0.04150390625 0.029947916666666668
0 0.30419921875 0.564453125 0.03515625 0.06901041666666667
0 0.3524616061640104 0.5965248702246007 0.038842390709422636 0.05161813472410796
0 0.23022856084493526 0.8558791928191208 0.0301106839827312 0.0714417308095013
0 0.358642578125 0.9697265625 0.04736328125 0.060546875
0 0.419677734375 0.9303385416666666 0.02001953125 0.0703125
0 0.21491977477500956 0.7918911589800511 0.02547123423266029 0.04302178661738617
0 0.07047689206018504 0.8910760261443721 0.04923270621524978 0.057942493436743625
0 0.023859215165002667 0.9515699719752808 0.03657149602920656 0.057862831062369224
0 0.17757168357731207 0.7787376266549574 0.026567154831509066 0.047685366415414876