0 0.20673076923076922 0.5841346153846154 0.052884615384615384 0.057692307692307696
0 0.34134615384615385 0.515625 0.0625 0.04807692307692308
0 0.3605769230769231 0.35096153846153844 0.0625 0.07692307692307693
0 0.5612980769230769 0.5829326923076923 0.0625 0.06971153846153846
0 0.59375 0.5048076923076923 0.055288461538461536 0.07692307692307693
0 0.6682692307692307 0.41466346153846156 0.07692307692307693 0.06971153846153846
0 0.17668269230769232 0.7307692307692307 0.06490384615384616 0.057692307692307696
0 0.23076923076923078 0.6862980769230769 0.057692307692307696 0.06971153846153846
0 0.13221153846153846 0.23197115384615385 0.06971153846153846 0.055288461538461536
0 0.06009615384615385 0.36658653846153844 0.07211538461538461 0.07451923076923077
0 0.5949519230769231 0.1935096153846154 0.0625 0.07211538461538461
0 0.9086538461538461 0.6334134615384616 0.06971153846153846 0.07451923076923077
0 0.14423076923076922 0.5216346153846154 0.06971153846153846 0.06009615384615385
0 0.11899038461538461 0.7475961538461539 0.07451923076923077 0.0889423076923077
0 0.04326923076923077 0.6153846153846154 0.0625 0.0625
0 0.06610576923076923 0.45552884615384615 0.057692307692307696 0.0625
0 0.6298076923076923 0.3173076923076923 0.07932692307692307 0.09615384615384616
0 0.36899038461538464 0.7463942307692307 0.06971153846153846 0.06490384615384616
0 0.5204326923076923 0.20793269230769232 0.07451923076923077 0.07692307692307693