0 0.5654712378599056 0.22675253835390138 0.034617964869426476 0.07237310397688039
0 0.5076846335039918 0.22424965526113963 0.03107051789899473 0.04624049780632896
0 0.7409833855877292 0.1991049376321866 0.04911695483125378 0.06266121846532065
0 0.7480088704338264 0.28317198239957353 0.04261985104308108 0.0519717332869997
0 0.8092230252675046 0.13425497567065614 0.03877342841008269 0.036861365697839155
0 0.3804820532046719 0.6053239882149005 0.026406964963039625 0.03368882713189277
0 0.3415995188230043 0.8427888570134602 0.020049324054169038 0.04118303886829603
0 0.18898674713704922 0.8622291951071667 0.020059308713039625 0.033393273744267184
0 0.15067172658657615 0.9075086327197303 0.028280373864518038 0.03247768330244405
0 0.20838851891661758 0.8872932621070723 0.017139605871910213 0.02546709936441142
0 0.4570732032910114 0.8971373806098231 0.02656639716008291 0.036292993798559436
0 0.37976468890419884 0.6488528403776824 0.021693569318953276 0.028275879914818763
0 0.12445390603852768 0.8665322820686973 0.0192421784100828 0.03595197065899155
0 0.495361328125 0.8997395833333334 0.03076171875 0.09505208333333333
0 0.6413439760248967 0.7555493012777182 0.044961571876818485 0.06636285458157998
0 0.7226677657970728 0.7712383572385871 0.050731246119426365 0.07312335488392978
0 0.9736328125 0.7213541666666666 0.052734375 0.0703125
0 0.975341796875 0.8356119791666666 0.04931640625 0.068359375