0 0.37667732619551386 0.027713152913492856 0.01950318375536908 0.04043772177410265
0 0.36574730160429264 0.08534103830436068 0.023318527087641816 0.0328071582918672
0 0.42753106950690695 0.19179038965331552 0.03907988708923271 0.04525365436292583
0 0.5265722778336117 0.24525789585631397 0.02235332792110789 0.033738236662426146
0 0.8798897286760261 0.1908565463437749 0.04624536125974377 0.07389235576901387
0 0.8918744907453734 0.2944979258412306 0.046489330840226994 0.05291900408373462
0 0.9697265625 0.335205078125 0.060546875 0.05029296875
0 0.7822265625 0.009033203125 0.0498046875 0.01806640625
0 0.7466003107594921 0.18367140017505645 0.058889538759147264 0.07008911820174912
0 0.9343282616068778 0.08884324389831821 0.04366759500815309 0.06205989544541102
0 0.8766625419717097 0.4682002963437749 0.0640848429294596 0.09717200759895483
0 0.988037109375 0.47216796875 0.02392578125 0.1044921875
0 0.2512071162128142 0.7096842109934337 0.021388128754573632 0.03466931503298487
0 0.2831158474648028 0.6965140077002715 0.022943879172300896 0.04255004122714667
0 0.2599954945347466 0.7941234272878454 0.03122193375536908 0.040983531327396516
0 0.19497454495048527 0.7979346701800082 0.02430645292110767 0.033829204921308476
0 0.13332008702659348 0.8483145683399356 0.029473006668721435 0.016501242633234825
0 0.2686933082779855 0.8443602140175364 0.021774140003380515 0.02590299459770562
0 0.3153189991198033 0.783997968101271 0.03013741958744287 0.03166070344795546
0 0.14020318830562628 0.6346520594224208 0.04129402666991466 0.0258361146865288
0 0.06397347037119527 0.762031898520172 0.039840546253380515 0.026744450992366997
0 0.0661812441070766 0.8661949992232161 0.023772718337244148 0.029900212856587838
0 0.11090994243815622 0.8848888316775094 0.02516370041971583 0.02362078280074964
0 0.3272348970102874 0.9775285817281678 0.042804323753778295 0.02981059088069049
0 0.21651471035071324 0.9200972972218754 0.034503542503778295 0.029423975780440648
0 0.2108204457750027 0.8636493066305079 0.04969707792110778 0.03501179228677864
0 0.17857047243000324 0.9481313144883907 0.026270941254573632 0.034896735680190805
0 0.14692877951446337 0.9383522990315529 0.014881385836051031 0.02070179319161758
0 0.15826117617662272 0.9721012335848469 0.02223401291971583 0.023484330412426146
0 0.3096701878779563 0.7236437275099034 0.018270946252386233 0.01841958139466149
0 0.33849548453912137 0.7655355951431382 0.019321370419914663 0.024812721774102653
0 0.39049760870863826 0.7469501602535198 0.04011894792329507 0.050670232242367
0 0.4315757320427007 0.7434893999400485 0.028689620837641927 0.03305732100379366
0 0.106201171875 0.603515625 0.02783203125 0.02734375
0 0.08023550122335354 0.6240422854617894 0.03065979083784076 0.03461313301267599
0 0.02399019827142329 0.8813290254072461 0.02081462250357935 0.027322354218264344
0 0.28795717785250297 0.9102340449210802 0.028644167503778295 0.02915107100379366
0 0.1274724174490932 0.8050501714985681 0.025589483335653362 0.018272431115470167
0 0.15770608328196256 0.809878148261244 0.018770590835852197 0.019418885959382015
0 0.634765625 0.802001953125 0.0302734375 0.05517578125
0 0.775634765625 0.611083984375 0.04443359375 0.04248046875
0 0.7344294220440928 0.7156507096481356 0.033283352512329056 0.09232128877155832
0 0.947971728273213 0.8794885539399115 0.05823648917389157 0.055906219887028374
0 0.8756158807835535 0.7999053692318244 0.04459870417428946 0.05819912957485229
0 0.9011669608082113 0.6193563633384123 0.04986752792309623 0.04966022978677864