0 0.296875 0.5913461538461539 0.0625 0.06009615384615385
0 0.35096153846153844 0.6526442307692307 0.057692307692307696 0.04807692307692308
0 0.125 0.23677884615384615 0.06009615384615385 0.055288461538461536
0 0.10697115384615384 0.4675480769230769 0.04326923076923077 0.057692307692307696
0 0.19951923076923078 0.6081730769230769 0.06009615384615385 0.06009615384615385
0 0.34134615384615385 0.45072115384615385 0.052884615384615384 0.0673076923076923
0 0.6105769230769231 0.34615384615384615 0.052884615384615384 0.040865384615384616
0 0.6995192307692307 0.4074519230769231 0.055288461538461536 0.057692307692307696
0 0.6081730769230769 0.4567307692307692 0.07211538461538461 0.06490384615384616
0 0.5637019230769231 0.5264423076923077 0.055288461538461536 0.057692307692307696
0 0.6358173076923077 0.5637019230769231 0.06971153846153846 0.06009615384615385
0 0.6129807692307693 0.13942307692307693 0.0625 0.052884615384615384
0 0.703125 0.328125 0.07932692307692307 0.0673076923076923
0 0.3798076923076923 0.7043269230769231 0.0889423076923077 0.08653846153846154
0 0.14543269230769232 0.6802884615384616 0.06009615384615385 0.057692307692307696
0 0.06971153846153846 0.7548076923076923 0.04807692307692308 0.05048076923076923
0 0.5709134615384616 0.38341346153846156 0.07932692307692307 0.04807692307692308
0 0.7980769230769231 0.6165865384615384 0.08653846153846154 0.07451923076923077