0 0.4206730769230769 0.20552884615384615 0.06490384615384616 0.0625
0 0.15264423076923078 0.1658653846153846 0.04567307692307692 0.04567307692307692
0 0.3004807692307692 0.40384615384615385 0.06971153846153846 0.0673076923076923
0 0.3173076923076923 0.4579326923076923 0.057692307692307696 0.055288461538461536
0 0.4170673076923077 0.3605769230769231 0.055288461538461536 0.052884615384615384
0 0.33052884615384615 0.26802884615384615 0.04807692307692308 0.04567307692307692
0 0.43509615384615385 0.15625 0.057692307692307696 0.052884615384615384
0 0.5901442307692307 0.5516826923076923 0.0625 0.0625
0 0.5637019230769231 0.6826923076923077 0.057692307692307696 0.055288461538461536
0 0.5396634615384616 0.6995192307692307 0.05048076923076923 0.05048076923076923
0 0.3125 0.5216346153846154 0.055288461538461536 0.055288461538461536
0 0.35697115384615385 0.5504807692307693 0.038461538461538464 0.03365384615384615
0 0.11298076923076923 0.45552884615384615 0.055288461538461536 0.052884615384615384
0 0.18509615384615385 0.14302884615384615 0.04326923076923077 0.04326923076923077
0 0.20072115384615385 0.203125 0.04807692307692308 0.04567307692307692
0 0.23798076923076922 0.1622596153846154 0.05048076923076923 0.05048076923076923
0 0.27524038461538464 0.10576923076923077 0.04807692307692308 0.05048076923076923
0 0.25 0.10697115384615384 0.04326923076923077 0.04326923076923077
0 0.28725961538461536 0.15504807692307693 0.055288461538461536 0.052884615384615384
0 0.057692307692307696 0.5733173076923077 0.06971153846153846 0.06490384615384616
0 0.7980769230769231 0.5228365384615384 0.0625 0.057692307692307696
0 0.8401442307692307 0.38341346153846156 0.06971153846153846 0.06971153846153846