0 0.016826923076923076 0.5120192307692307 0.03365384615384615 0.11057692307692307
0 0.028846153846153848 0.7307692307692307 0.057692307692307696 0.09375
0 0.10216346153846154 0.6045673076923077 0.08173076923076923 0.08413461538461539
0 0.11778846153846154 0.7391826923076923 0.07932692307692307 0.07692307692307693
0 0.051682692307692304 0.765625 0.07451923076923077 0.07692307692307693
0 0.0673076923076923 0.6730769230769231 0.08653846153846154 0.08413461538461539
0 0.04807692307692308 0.3605769230769231 0.09615384615384616 0.10576923076923077
0 0.08413461538461539 0.23918269230769232 0.07932692307692307 0.08413461538461539
0 0.18269230769230768 0.26322115384615385 0.052884615384615384 0.05048076923076923
0 0.3112980769230769 0.21995192307692307 0.08173076923076923 0.08173076923076923
0 0.38341346153846156 0.2512019230769231 0.06009615384615385 0.057692307692307696
0 0.4362980769230769 0.21875 0.08173076923076923 0.07692307692307693
0 0.4170673076923077 0.039663461538461536 0.07451923076923077 0.036057692307692304
0 0.6105769230769231 0.484375 0.09615384615384616 0.0985576923076923
0 0.6875 0.5324519230769231 0.09375 0.09375
0 0.8064903846153846 0.5925480769230769 0.07451923076923077 0.07692307692307693
0 0.7872596153846154 0.65625 0.057692307692307696 0.055288461538461536
0 0.7824519230769231 0.7752403846153846 0.0625 0.0625
0 0.65625 0.7884615384615384 0.07692307692307693 0.08173076923076923
0 0.5012019230769231 0.7860576923076923 0.09134615384615384 0.09375
0 0.4375 0.90625 0.07451923076923077 0.07692307692307693
0 0.43990384615384615 0.9651442307692307 0.07692307692307693 0.06490384615384616
0 0.4891826923076923 0.96875 0.06971153846153846 0.057692307692307696
0 0.27524038461538464 0.9471153846153846 0.0889423076923077 0.08653846153846154
0 0.3125 0.9050480769230769 0.06009615384615385 0.057692307692307696
0 0.35697115384615385 0.8617788461538461 0.08413461538461539 0.07451923076923077
0 0.46033653846153844 0.5540865384615384 0.09615384615384616 0.0889423076923077
0 0.5288461538461539 0.5432692307692307 0.08653846153846154 0.07932692307692307
0 0.2824519230769231 0.5252403846153846 0.0625 0.0625
0 0.6899038461538461 0.484375 0.07211538461538461 0.06490384615384616
0 0.6526442307692307 0.41346153846153844 0.0625 0.0625
0 0.25721153846153844 0.5048076923076923 0.055288461538461536 0.057692307692307696
0 0.23317307692307693 0.7259615384615384 0.0625 0.0625
0 0.30288461538461536 0.08052884615384616 0.07451923076923077 0.08413461538461539