0 0.2131320411443593 0.22815815795807337 0.03756168518193648 0.0489742108270832
0 0.030425626837922548 0.19019218732323506 0.053751735639870596 0.05184878401866311
0 0.13091751045967875 0.22028368178590885 0.049794306167914526 0.05053046892676494
0 0.19384765625 0.492431640625 0.0361328125 0.01513671875
0 0.135009765625 0.490234375 0.04931640625 0.01953125
0 0.075439453125 0.4912109375 0.05126953125 0.017578125
0 0.6879447849542379 0.3828297663756374 0.05919752233138764 0.06301816225853574
0 0.7397537242766955 0.03417902527051597 0.06439156419595848 0.05083547864638299
0 0.826904296875 0.027587890625 0.07568359375 0.05517578125
0 0.9406925408475031 0.1230424507239018 0.07229604180778493 0.0996452322102429
0 0.8826956598406666 0.15387676955642482 0.04048929641551924 0.05846514994701957
0 0.8484841538054373 0.12965151195749536 0.035114050132685204 0.07646448948518514
0 0.8490900550527405 0.4241402200159155 0.05860480587105821 0.07025694286056117
0 0.816162109375 0.490478515625 0.05615234375 0.01904296875
0 0.344649118753093 0.03326510117216451 0.05387968431976084 0.05429019026866308
0 0.35712315588343035 0.3053296146028648 0.04585623763268515 0.07740430911290508
0 0.17627025843847144 0.6140324881592025 0.04252126688987046 0.05086624531695594
0 0.2548828125 0.8740234375 0.029296875 0.037109375
0 0.23201872067310103 0.7559399460408578 0.051412688333782874 0.05358831364872674
0 0.2456808888799884 0.5972669112269977 0.0438858279623755 0.03980665286290497
0 0.07090594364880065 0.630541307816465 0.047124668560529215 0.03668771763081591
0 0.012939453125 0.9130859375 0.02587890625 0.0361328125
0 0.18058111714231306 0.6987127635774317 0.039028605198353494 0.03986774337303234
0 0.10042970092824022 0.8369565621755218 0.031058414249651056 0.05472380004126154
0 0.12934688242140369 0.8601868858383113 0.015921695499651056 0.0533995087476562
0 0.1254316528167625 0.9348939170883113 0.038024376695958484 0.04852864865107054
0 0.82666015625 0.522216796875 0.05078125 0.04443359375
0 0.613407902251443 0.6497662196037912 0.04984340937345344 0.0607416561027776
0 0.4599609375 0.52783203125 0.0439453125 0.0556640625
0 0.30397524522444586 0.8318856070039353 0.060792391027694986 0.05635310105448488
0 0.677978515625 0.99267578125 0.06396484375 0.0146484375
0 0.866742925643756 0.9445019466888323 0.05904190764910222 0.0693230994345484
0 0.9032270384597261 0.6749587442854179 0.056879912228443796 0.0837152224906248