0 0.5564903846153846 0.4326923076923077 0.021634615384615384 0.04567307692307692
0 0.5973557692307693 0.4639423076923077 0.025240384615384616 0.042067307692307696
0 0.45552884615384615 0.6959134615384616 0.028846153846153848 0.05889423076923077
0 0.3004807692307692 0.71875 0.025240384615384616 0.038461538461538464
0 0.49759615384615385 0.4098557692307692 0.030048076923076924 0.028846153846153848
0 0.8233173076923077 0.390625 0.028846153846153848 0.038461538461538464
0 0.8088942307692307 0.32091346153846156 0.036057692307692304 0.036057692307692304
0 0.8689903846153846 0.4014423076923077 0.038461538461538464 0.03485576923076923
0 0.8617788461538461 0.28966346153846156 0.025240384615384616 0.028846153846153848
0 0.7151442307692307 0.3401442307692308 0.039663461538461536 0.03485576923076923
0 0.8257211538461539 0.6550480769230769 0.026442307692307692 0.06009615384615385
0 0.8137019230769231 0.7403846153846154 0.04326923076923077 0.038461538461538464
0 0.7692307692307693 0.7740384615384616 0.036057692307692304 0.051682692307692304
0 0.6478365384615384 0.8004807692307693 0.03365384615384615 0.042067307692307696
0 0.21995192307692307 0.7247596153846154 0.04447115384615385 0.028846153846153848
0 0.24759615384615385 0.7704326923076923 0.039663461538461536 0.04447115384615385
0 0.1622596153846154 0.7932692307692307 0.030048076923076924 0.04447115384615385
0 0.4795673076923077 0.24759615384615385 0.030048076923076924 0.039663461538461536
0 0.48677884615384615 0.33774038461538464 0.026442307692307692 0.0733173076923077
0 0.7728365384615384 0.07451923076923077 0.046875 0.04567307692307692
0 0.6586538461538461 0.24639423076923078 0.036057692307692304 0.046875
0 0.7572115384615384 0.49278846153846156 0.038461538461538464 0.03125
0 0.8846153846153846 0.6598557692307693 0.025240384615384616 0.04567307692307692
0 0.9098557692307693 0.3954326923076923 0.03125 0.07211538461538461
0 0.9651442307692307 0.703125 0.03485576923076923 0.051682692307692304
0 0.5625 0.8293269230769231 0.03365384615384615 0.037259615384615384
0 0.41346153846153844 0.6213942307692307 0.030048076923076924 0.05048076923076923
0 0.8389423076923077 0.2536057692307692 0.02283653846153846 0.02403846153846154
0 0.9290865384615384 0.26802884615384615 0.026442307692307692 0.057692307692307696