0 0.9098557692307693 0.25600961538461536 0.04567307692307692 0.04807692307692308
0 0.6442307692307693 0.17307692307692307 0.055288461538461536 0.05048076923076923
0 0.8545673076923077 0.32211538461538464 0.038461538461538464 0.04326923076923077
0 0.6346153846153846 0.5492788461538461 0.06009615384615385 0.055288461538461536
0 0.5600961538461539 0.41346153846153844 0.052884615384615384 0.06009615384615385
0 0.3317307692307692 0.47836538461538464 0.06009615384615385 0.0625
0 0.28365384615384615 0.3701923076923077 0.07211538461538461 0.052884615384615384
0 0.84375 0.46033653846153844 0.07692307692307693 0.0625
0 0.2439903846153846 0.04326923076923077 0.06490384615384616 0.07692307692307693
0 0.4423076923076923 0.328125 0.06971153846153846 0.06009615384615385
0 0.5408653846153846 0.5408653846153846 0.057692307692307696 0.057692307692307696
0 0.5540865384615384 0.6382211538461539 0.07451923076923077 0.08653846153846154
0 0.49759615384615385 0.40024038461538464 0.04807692307692308 0.06490384615384616
0 0.25961538461538464 0.4266826923076923 0.052884615384615384 0.0673076923076923
0 0.23197115384615385 0.3269230769230769 0.04807692307692308 0.052884615384615384
0 0.4807692307692308 0.0625 0.06009615384615385 0.0673076923076923