0 0.9346686748165831 0.1381560778365946 0.041928858054171236 0.03756959000536908
0 0.98779296875 0.069580078125 0.0244140625 0.07666015625
0 0.984375 0.133544921875 0.03125 0.04052734375
0 0.992431640625 0.221923828125 0.01513671875 0.06689453125
0 0.9557929244128358 0.28818875783241865 0.05292136942829462 0.04160083667349401
0 0.8286237599321692 0.445314076598327 0.06591647179540439 0.07688208334161906
0 0.7731408828499895 0.42790674368934933 0.0511181393618495 0.05914487167309623
0 0.5056937287975255 0.40613499830920563 0.050730287052418 0.045478678339829326
0 0.47111813454572615 0.3289584945645747 0.04580381756990595 0.0371267620892326
0 0.5348924202888504 0.5063061741377002 0.04138455332341273 0.021461990422102062
0 0.8987904982465851 0.03562303909236138 0.043393701804171236 0.03758663500556794
0 0.240234375 0.968994140625 0.04296875 0.06201171875
0 0.2698087311104179 0.8718730307626738 0.022578793471991654 0.05539736625258507
0 0.24229316828165304 0.730209312017645 0.04562188367478792 0.05712924833903388
0 0.27917620392672515 0.6800125895130714 0.03598797809962173 0.043843384587840706
0 0.3074084539844033 0.6582157228427591 0.035524429846115035 0.059451339587641816
0 0.28136504087070846 0.5697178436804009 0.04097702855066454 0.053171863338437264
0 0.15235704378345238 0.8088346407791787 0.031367855971991654 0.055499636253778295
0 0.10652924169435102 0.8996325687012807 0.03159344684962173 0.04379224958724415
0 0.429443359375 0.88232421875 0.02099609375 0.0595703125
0 0.6954976066122173 0.825698244126962 0.06516550017303446 0.06516333334161895
0 0.7212412298588023 0.9493296466223884 0.08602987449820065 0.07857987542766987
0 0.5769085923080459 0.8641598558094046 0.11424394904715779 0.0696377500149139