0 0.3847622147325136 0.5194923087267389 0.043652667371560705 0.055879352957455275
0 0.3405242571040743 0.5757416590909537 0.0406541749048599 0.04202247925407554
0 0.4563480546564014 0.5454143460694028 0.04171943830787139 0.05621963524475149
0 0.3607668194619109 0.37535348663174883 0.03569011703884328 0.06355113861596429
0 0.16587298669130823 0.24416457377333955 0.03797401741913076 0.035978105550695805
0 0.09500919439082917 0.29606425388405533 0.03771370862631773 0.05348223106934391
0 0.16109212454753707 0.3552191313461825 0.05062787642573596 0.05981531807691853
0 0.18956661967570293 0.42897873858103336 0.03820198987631773 0.05351923081001997
0 0.1324957396138618 0.4587723327214708 0.049392666753696246 0.05339366234556664
0 0.17749643281817284 0.03659289690562578 0.04386240551321019 0.04908041519813128
0 0.09764542770848811 0.21651869449594402 0.05603876204835745 0.06119887772435395
0 0.3148816096586432 0.6195616914438066 0.06026334702932945 0.06930737564976153
0 0.48583984375 0.617919921875 0.0283203125 0.04345703125
0 0.19399101658665396 0.2851353377768385 0.05619959115961681 0.041253345955705845
0 0.01904296875 0.493408203125 0.0380859375 0.06787109375
0 0.8249390924896656 0.316134200847932 0.042406678920978935 0.061139447485427434
0 0.7259920773041422 0.40003902164920446 0.04135053267573596 0.05911232300407554
0 0.7016625834117054 0.331842791488946 0.03959802865961681 0.039995354772723646
0 0.5949751964344296 0.3820489214190058 0.05304026958165653 0.047342004020974215
0 0.617062243439974 0.455312962782644 0.014198286501848123 0.02590133674825057
0 0.759376779918584 0.22167507442310103 0.027839486786995327 0.03813079849650103
0 0.935546875 0.006591796875 0.0234375 0.01318359375
0 0.9264742410163596 0.2717061618153076 0.03233349771854899 0.04090520241258444
0 0.8725717996902473 0.3071371325116894 0.0279190705322383 0.04008392349650114
0 0.8590756648754974 0.3605672179633196 0.016390162737577096 0.03190871071095436
0 0.877156982199488 0.43168585100236534 0.01671927649709115 0.028039460451630305
0 0.8973812667288174 0.49529526658803125 0.031666153041752354 0.036473671421908715
0 0.9024903900652309 0.5365401746532996 0.02587724462922658 0.025812768024473076
0 0.9454608016860042 0.5092844167424646 0.02074490211495561 0.03126514587703788
0 0.9588275911582496 0.5969233281789457 0.029713028041752354 0.03632567245920493
0 0.9611927369045533 0.5467856430128621 0.021253079301266298 0.031790426867713606
0 0.934187217821836 0.5571584097407152 0.028277197385831787 0.04887298599650114
0 0.830092949048051 0.5748419792453674 0.016270787119712637 0.028979023210954136
0 0.7938689649703641 0.4551396501486278 0.031646257105441555 0.035985390171908715
0 0.7040782562962029 0.5594115691084094 0.029861416753696246 0.05191367271852876
0 0.5754629898038688 0.5402599076748309 0.024531776497091096 0.028631456302445457
0 0.5961879959825136 0.5680767930477931 0.020327087452429893 0.02101123962703788
0 0.563232421875 0.6650390625 0.02587890625 0.029296875
0 0.9872971884500349 0.1657109775554069 0.025398080536995327 0.03794579979312129
0 0.98681640625 0.291748046875 0.0263671875 0.03662109375
0 0.984296181795689 0.3324665973689258 0.02160208899709115 0.028409457858389664
0 0.7878711274700907 0.5844086129341746 0.02389344491437384 0.03685823807109356
0 0.9283717669899061 0.6428223423135582 0.02960276958165653 0.04556601646852876
0 0.9750860249045863 0.750959475090377 0.04575584270427813 0.047763570410835066