0 0.2512019230769231 0.7992788461538461 0.038461538461538464 0.04326923076923077
0 0.23557692307692307 0.8185096153846154 0.019230769230769232 0.021634615384615384
0 0.6442307692307693 0.4206730769230769 0.040865384615384616 0.05048076923076923
0 0.6742788461538461 0.3786057692307692 0.040865384615384616 0.040865384615384616
0 0.6754807692307693 0.2932692307692308 0.03365384615384615 0.036057692307692304
0 0.65625 0.2668269230769231 0.036057692307692304 0.036057692307692304
0 0.5877403846153846 0.15985576923076922 0.04567307692307692 0.05048076923076923
0 0.6201923076923077 0.15625 0.038461538461538464 0.040865384615384616
0 0.8846153846153846 0.3293269230769231 0.036057692307692304 0.04326923076923077
0 0.8834134615384616 0.2764423076923077 0.03125 0.038461538461538464
0 0.4495192307692308 0.2091346153846154 0.040865384615384616 0.04567307692307692
0 0.6286057692307693 0.0985576923076923 0.03125 0.036057692307692304
0 0.6538461538461539 0.140625 0.036057692307692304 0.04567307692307692
0 0.7944711538461539 0.09975961538461539 0.02403846153846154 0.03365384615384615
0 0.78125 0.0733173076923077 0.028846153846153848 0.036057692307692304
0 0.7800480769230769 0.11298076923076923 0.040865384615384616 0.04807692307692308
0 0.8112980769230769 0.11658653846153846 0.03365384615384615 0.04326923076923077
0 0.8834134615384616 0.20552884615384615 0.028846153846153848 0.03125
0 0.46153846153846156 0.3076923076923077 0.02403846153846154 0.026442307692307692
0 0.1502403846153846 0.8858173076923077 0.040865384615384616 0.052884615384615384