0 0.4388216340167188 0.23015284022770008 0.025177602046507097 0.04481630411234002
0 0.3558027656456604 0.14106092904065612 0.019962122978792518 0.03623912270004707
0 0.38455602739087014 0.16514617559072672 0.014693388172704935 0.03871828564652461
0 0.2384893932321872 0.12271993912018475 0.026721291270858427 0.03444509334392398
0 0.13167129056357485 0.19763700317692376 0.025154088576946343 0.031806834753569525
0 0.16179118964770656 0.1944353195998075 0.02296857968672672 0.03826043154742287
0 0.19404334188368466 0.19583638358760855 0.020271276076946343 0.03169319500794302
0 0.20690947746986255 0.25012284936131995 0.028802364950748727 0.037745757575507945
0 0.2759915938764992 0.23286768939044444 0.025925933189121952 0.026621229369361288
0 0.12651597057245761 0.2898803683014628 0.027416366675099946 0.02730636295971589
0 0.44873109063947436 0.445030682151388 0.023793680037275555 0.02201848180444414
0 0.25406456283817686 0.41968585091668587 0.024435499703143848 0.025936095779006685
0 0.4304012091524969 0.17727073355838563 0.02361247561901214 0.02981961782988159
0 0.32308652016821615 0.3016101444089781 0.02540998593672672 0.038317251420236044
0 0.17242961647635013 0.3533917620375379 0.024974960425099946 0.02724954308690286
0 0.177734375 0.007486979166666667 0.0234375 0.014973958333333334
0 0.12915659309950206 0.021958028947987485 0.023610399352595013 0.04217804552198556
0 0.16420633162275566 0.044888923834039085 0.02289181047879263 0.03630730654742287
0 0.349365234375 0.5169270833333334 0.02099609375 0.026041666666666668
0 0.47998046875 0.01171875 0.0234375 0.0234375
0 0.69287109375 0.4205729166666667 0.0458984375 0.059895833333333336
0 0.4351574220505524 0.7936238896739424 0.051178228177146234 0.08574908617380543
0 0.24128973032485274 0.6024338930576799 0.0566240148686632 0.10018564258609859
0 0.18571764543667946 0.6655347050847257 0.06215487583378276 0.06714161322997558
0 0.16628320012031322 0.8537117698171137 0.05588606505813398 0.05658857886855747
0 0.7611176758245038 0.6699604027980111 0.04508854555334374 0.07975334347905398