0 0.06271231432219293 0.5288647960386665 0.03857779905602787 0.05856171103843666
0 0.07534685698715832 0.4405550282449696 0.02502771712638263 0.03672077421327069
0 0.07944691761120237 0.2833786802152538 0.026288009334255014 0.02509589566606696
0 0.1499274058921949 0.3165017972152998 0.02489134943163096 0.02890827421327069
0 0.2462296108941806 0.3166852280650135 0.033243268567162865 0.032369899945782654
0 0.21512313920098802 0.4389301684950615 0.034708112317162865 0.03246377139857892
0 0.3554985014168035 0.4436216745108881 0.030904138088226674 0.03807282252445554
0 0.3254518574959546 0.20651053892695492 0.030708109527020966 0.02684235377445554
0 0.012451171875 0.155029296875 0.02490234375 0.03857421875
0 0.41760916903212497 0.19327241865079192 0.023460597605318823 0.030767527760474422
0 0.5573403650038977 0.21706947438514923 0.027537307223758578 0.040783476634597804
0 0.6651284747832574 0.4453061213201358 0.05757815290141788 0.05734063367478792
0 0.7790651387459546 0.19554632412790585 0.04230259511921919 0.07635886942829462
0 0.8273376542168741 0.4686403772782841 0.04865025136921908 0.07676564572374511
0 0.4512150920726197 0.9524841875230698 0.03174433289347478 0.030322903492986386
0 0.47216796875 0.98828125 0.0244140625 0.0234375
0 0.44934745028212497 0.7614723473202737 0.04449930625992882 0.034554424833887154
0 0.08220120281786858 0.8993857659249258 0.04164632558822662 0.03876121317829462
0 0.36189396864659307 0.7641436565037826 0.03322622260531882 0.031393337445782654
0 0.392333984375 0.607421875 0.03466796875 0.015625
0 0.897370258215315 0.7104225979374293 0.04248404905602787 0.05881203491256004
0 0.9700183083882234 0.643686016063352 0.04609804636723336 0.070261537052418
0 0.9298536191115552 0.8070841099287083 0.05195742136723336 0.07063702286360307
0 0.799943875299923 0.9258841031803697 0.02878660511326192 0.05647105760312865
0 0.7622634605781502 0.8955473362345412 0.032142441659360976 0.08107286300872096