0 0.09495192307692307 0.24158653846153846 0.04326923076923077 0.04567307692307692
0 0.14543269230769232 0.15144230769230768 0.05048076923076923 0.04567307692307692
0 0.0985576923076923 0.3016826923076923 0.04326923076923077 0.04807692307692308
0 0.09735576923076923 0.4266826923076923 0.040865384615384616 0.04326923076923077
0 0.16826923076923078 0.39783653846153844 0.04326923076923077 0.04807692307692308
0 0.17668269230769232 0.3557692307692308 0.052884615384615384 0.055288461538461536
0 0.2439903846153846 0.4050480769230769 0.055288461538461536 0.057692307692307696
0 0.2704326923076923 0.47475961538461536 0.057692307692307696 0.06971153846153846
0 0.23076923076923078 0.5072115384615384 0.06009615384615385 0.0625
0 0.1971153846153846 0.5336538461538461 0.04567307692307692 0.055288461538461536
0 0.17307692307692307 0.5132211538461539 0.04807692307692308 0.052884615384615384
0 0.3449519230769231 0.3762019230769231 0.06971153846153846 0.07692307692307693
0 0.3473557692307692 0.25841346153846156 0.055288461538461536 0.06009615384615385
0 0.4735576923076923 0.16706730769230768 0.0625 0.0625
0 0.5600961538461539 0.23798076923076922 0.040865384615384616 0.04567307692307692
0 0.5745192307692307 0.25961538461538464 0.055288461538461536 0.057692307692307696
0 0.6165865384615384 0.26802884615384615 0.05048076923076923 0.057692307692307696
0 0.6045673076923077 0.3293269230769231 0.055288461538461536 0.057692307692307696
0 0.5588942307692307 0.38461538461538464 0.0673076923076923 0.07692307692307693
0 0.5348557692307693 0.43509615384615385 0.057692307692307696 0.0625
0 0.39783653846153844 0.5372596153846154 0.057692307692307696 0.0625
0 0.47596153846153844 0.6947115384615384 0.0625 0.0673076923076923
0 0.5048076923076923 0.7175480769230769 0.055288461538461536 0.0625
0 0.5408653846153846 0.7836538461538461 0.057692307692307696 0.06490384615384616
0 0.47716346153846156 0.7704326923076923 0.052884615384615384 0.057692307692307696
0 0.49399038461538464 0.8317307692307693 0.057692307692307696 0.0673076923076923
0 0.4579326923076923 0.8245192307692307 0.052884615384615384 0.0625
0 0.421875 0.7127403846153846 0.06971153846153846 0.08413461538461539
0 0.36538461538461536 0.6730769230769231 0.06009615384615385 0.0673076923076923
0 0.33653846153846156 0.7151442307692307 0.0625 0.06971153846153846
0 0.3701923076923077 0.7451923076923077 0.057692307692307696 0.06490384615384616
0 0.31850961538461536 0.8125 0.07211538461538461 0.07932692307692307
0 0.8004807692307693 0.5745192307692307 0.0625 0.07451923076923077
0 0.7560096153846154 0.7319711538461539 0.06971153846153846 0.07692307692307693
0 0.6670673076923077 0.7391826923076923 0.07451923076923077 0.08173076923076923
0 0.7740384615384616 0.515625 0.04326923076923077 0.05048076923076923
0 0.9615384615384616 0.5192307692307693 0.06971153846153846 0.07211538461538461
0 0.5288461538461539 0.15625 0.052884615384615384 0.06009615384615385
0 0.38341346153846156 0.5925480769230769 0.05048076923076923 0.057692307692307696
0 0.7992788461538461 0.48677884615384615 0.04567307692307692 0.052884615384615384