0 0.48197115384615385 0.8040865384615384 0.0625 0.06009615384615385
0 0.3762019230769231 0.7223557692307693 0.040865384615384616 0.038461538461538464
0 0.4411057692307692 0.7403846153846154 0.06009615384615385 0.057692307692307696
0 0.4951923076923077 0.7199519230769231 0.06009615384615385 0.057692307692307696
0 0.6213942307692307 0.9543269230769231 0.06490384615384616 0.06009615384615385
0 0.6237980769230769 0.9182692307692307 0.057692307692307696 0.052884615384615384
0 0.5456730769230769 0.6298076923076923 0.06971153846153846 0.06971153846153846
0 0.6574519230769231 0.6274038461538461 0.057692307692307696 0.057692307692307696
0 0.47716346153846156 0.6370192307692307 0.055288461538461536 0.052884615384615384
0 0.49038461538461536 0.5084134615384616 0.052884615384615384 0.04807692307692308
0 0.3293269230769231 0.6129807692307693 0.057692307692307696 0.05048076923076923
0 0.6899038461538461 0.3401442307692308 0.07692307692307693 0.07451923076923077
0 0.7596153846153846 0.40024038461538464 0.057692307692307696 0.052884615384615384
0 0.8329326923076923 0.3737980769230769 0.057692307692307696 0.052884615384615384
0 0.9230769230769231 0.49399038461538464 0.04567307692307692 0.040865384615384616
0 0.4387019230769231 0.07572115384615384 0.05048076923076923 0.04807692307692308
0 0.47115384615384615 0.054086538461538464 0.0625 0.0625
0 0.4014423076923077 0.40384615384615385 0.0625 0.0625
0 0.2127403846153846 0.47596153846153844 0.06490384615384616 0.06009615384615385
0 0.20192307692307693 0.5168269230769231 0.052884615384615384 0.04807692307692308
0 0.18028846153846154 0.4495192307692308 0.06009615384615385 0.055288461538461536