0 0.006103515625 0.175537109375 0.01220703125 0.06884765625
0 0.030725084015188336 0.30470118464493423 0.052691243907336094 0.07334767697374511
0 0.04198815105771342 0.13663856319213802 0.030481443336242586 0.04957253913459769
0 0.21997864106938314 0.3065254053213836 0.06691753838286285 0.04947791920450362
0 0.30029296875 0.4072265625 0.05859375 0.09375
0 0.147216796875 0.48193359375 0.04248046875 0.0361328125
0 0.6159383117133196 0.055719158695552884 0.06648868737178937 0.06305592275170735
0 0.602509712386401 0.1034331927602446 0.045300310297196944 0.0655853914440293
0 0.5804170423893233 0.19426006274801688 0.055665215769224785 0.06770733536360307
0 0.6994443616288462 0.3328918443440858 0.043961611646262555 0.08639374228843666
0 0.6198708170251086 0.2434003441133732 0.03503125817015906 0.04549091272725203
0 0.5256010907518083 0.34137755339839504 0.06819067544288282 0.08551686025170735
0 0.52392578125 0.46875 0.0439453125 0.0625
0 0.71435546875 0.4638671875 0.0517578125 0.072265625
0 0.897621564172544 0.2558022454261276 0.04551502412003994 0.07483144470976377
0 0.945556640625 0.02734375 0.05126953125 0.0546875
0 0.20838488289922408 0.9405968306570701 0.042214762578668075 0.03769077922549835
0 0.15410726321972135 0.7698061280627085 0.0461652969405566 0.032113018583887154
0 0.27001953125 0.98583984375 0.04296875 0.0283203125
0 0.17213724636365774 0.7390691423092017 0.03234542297785292 0.02928376002445554
0 0.08524100128500933 0.9793173807620439 0.02711504356934391 0.03720905546327058
0 0.15866320940562578 0.8456585407322822 0.021455236515149134 0.026642244370616464
0 0.0107421875 0.853515625 0.021484375 0.03125
0 0.676530624344433 0.8051165850521422 0.041482629020974215 0.05367889853843688
0 0.9053035176253275 0.9134916077023366 0.048718279047196944 0.06580442483388715
0 0.909182935678926 0.75869408495409 0.0663261191666602 0.07373552928317662
0 0.8198577586830017 0.713717683427927 0.03787237694638179 0.0573348246643135
0 0.8542005910227433 0.6943297708737096 0.04266604408799202 0.03723378845976383
0 0.7904088482780114 0.9404744838212916 0.04606944359556664 0.050085553381090886
0 0.677734375 0.98193359375 0.0478515625 0.0361328125
0 0.789019157278588 0.8746380200258413 0.039300220955705845 0.05694041486710977