0 0.07451923076923077 0.4639423076923077 0.055288461538461536 0.0625
0 0.12139423076923077 0.46033653846153844 0.05048076923076923 0.055288461538461536
0 0.2247596153846154 0.3245192307692308 0.052884615384615384 0.06009615384615385
0 0.31490384615384615 0.33653846153846156 0.052884615384615384 0.06009615384615385
0 0.28846153846153844 0.27884615384615385 0.06009615384615385 0.06490384615384616
0 0.3858173076923077 0.3245192307692308 0.05048076923076923 0.052884615384615384
0 0.4014423076923077 0.3894230769230769 0.06009615384615385 0.06490384615384616
0 0.6838942307692307 0.5228365384615384 0.0673076923076923 0.07211538461538461
0 0.5360576923076923 0.06610576923076923 0.06009615384615385 0.0673076923076923
0 0.4963942307692308 0.056490384615384616 0.04807692307692308 0.052884615384615384
0 0.546875 0.7307692307692307 0.04567307692307692 0.05048076923076923
0 0.4050480769230769 0.4987980769230769 0.04326923076923077 0.04567307692307692