0 0.337890625 0.02197265625 0.0498046875 0.0439453125
0 0.4302470568913761 0.07000857688491945 0.03901938488583179 0.049253076804171375
0 0.490234375 0.099609375 0.01953125 0.052734375
0 0.46129064199127334 0.026896489439136778 0.04567625895903493 0.045296612333887154
0 0.4432713961249505 0.6419547395544931 0.03239318552748127 0.04201036300872096
0 0.4156540878789201 0.5649059825177638 0.027978758341170584 0.04124046740033238
0 0.18964535085407433 0.641073366653977 0.03826167768524996 0.05456158958564061
0 0.1490657748321374 0.6784323170508024 0.04933297894476396 0.05137502072374511
0 0.05789232034086407 0.6034981979685767 0.03308954329835745 0.059100206758721185
0 0.054516657651130535 0.42453693659445346 0.056895948930492934 0.05770375298772623
0 0.01611328125 0.340576171875 0.0322265625 0.05126953125
0 0.1558370831738548 0.46014586530430923 0.045546104562628476 0.05405438434962173
0 0.22748265441964471 0.20000625144771988 0.04215714890670785 0.06649937297549846
0 0.4336450861920955 0.3576498901174314 0.045336366420978935 0.06085903136535631
0 0.6147137139014041 0.22906367211724765 0.014925318987577096 0.03163785230943161
0 0.6974686731455861 0.2776116797134545 0.0181534455322383 0.03914981396502404
0 0.8894908881173176 0.14830239580449311 0.023394384885831787 0.048251781307678154
0 0.9233480648279273 0.34244478138842627 0.018294378707186865 0.018704582433554773
0 0.909287388259481 0.3457936116821232 0.02150260931553738 0.02572826283914731
0 0.5068359375 0.267822265625 0.013671875 0.03076171875
0 0.9723801340533549 0.27223345880629246 0.032304484624469554 0.027881497242986386
0 0.8390445457930535 0.20783411185515765 0.03323959363107476 0.050830715992986386
0 0.5570501315586588 0.039384207762319726 0.03121766366437384 0.0370649695401902
0 0.573486328125 0.008544921875 0.03564453125 0.01708984375
0 0.638008619105682 0.27212048455956944 0.028258963070294407 0.024213204618863116
0 0.5509030527795699 0.3090340622116092 0.027172142110198583 0.03339667691606685
0 0.668212890625 0.693359375 0.04248046875 0.033203125
0 0.5130533958406236 0.20914232437592267 0.018412092704278016 0.04549747021502404
0 0.6572347835779273 0.3594980953130762 0.019797352709035043 0.043638216667820195
0 0.9635968654695768 0.33301173369439696 0.027978758341170584 0.04124046740033227
0 0.989013671875 0.232421875 0.02197265625 0.037109375
0 0.7362568058456541 0.06412728398970946 0.024421518036995327 0.03760346526047442
0 0.9114610736926424 0.03870255340416082 0.026264384576899502 0.046974680463270635
0 0.6331539671328898 0.4413284874319393 0.034813034220397165 0.06554173446151723
0 0.7082423444143408 0.39784166265226956 0.023515422124469554 0.027318268526209
0 0.09301542495133608 0.7582668544723594 0.0641389223144766 0.0800831855331765
0 0.035638650307838415 0.7438301443971472 0.04975079360728962 0.06162892697374511
0 0.09292420986067951 0.9242322650020751 0.07630782331262864 0.056025684858342695
0 0.2922656587200907 0.866418710484725 0.08345297863583179 0.05210051087232381
0 0.682861328125 0.719970703125 0.03271484375 0.02001953125
0 0.632080078125 0.970947265625 0.04541015625 0.05810546875
0 0.8129442700559903 0.957220668668096 0.06273542799418219 0.05759095754891119
0 0.5550878458879203 0.8885620734703761 0.047121206772724245 0.04490220253668342