0 0.014404296875 0.06787109375 0.02880859375 0.0625
0 0.21571033808595935 0.029193717821241194 0.04754593571888022 0.05196518364845515
0 0.30084828077343795 0.3688621903453895 0.055210692379709214 0.045981400433984465
0 0.6768098040927955 0.2486713915192879 0.04868119817380645 0.03787325359261684
0 0.5954486732986982 0.2602818163276248 0.04904487408561198 0.05349825359261695
0 0.490234375 0.234375 0.041015625 0.0458984375
0 0.49365234375 0.477294921875 0.029296875 0.04541015625
0 0.68994140625 0.47802734375 0.041015625 0.0439453125
0 0.7005723945664932 0.030532734700773667 0.031353100363172626 0.04779672676267599
0 0.8505859375 0.020263671875 0.0390625 0.04052734375
0 0.8467060915528865 0.09264873979348184 0.03297705232458781 0.054700890456837736
0 0.7755436756735246 0.18541551825156893 0.05937792618483062 0.03642045401646965
0 0.64697265625 0.005126953125 0.0419921875 0.01025390625
0 0.9590396326447053 0.4036771646285571 0.04162973635766054 0.04925087262180816
0 0.9355176794611331 0.14912478520849795 0.042912742151757666 0.04150659881596991
0 0.476318359375 0.078369140625 0.01318359375 0.02294921875
0 0.10499149167519584 0.5823481478770794 0.03488471783561198 0.05283873371572012
0 0.082275390625 0.5126953125 0.03857421875 0.025390625
0 0.3463960402598312 0.6004331849698332 0.0500214365856122 0.053543737722058005
0 0.37507152159481405 0.7613827146690837 0.05518877914819886 0.08695154130454319
0 0.17802019614149367 0.6957725093073159 0.043185907342100815 0.07419870050124944
0 0.2795725560387159 0.7536103860395968 0.0353506775976129 0.07285826496572012
0 0.41061091119919757 0.6081961619914373 0.033420282342100815 0.07374385920683757
0 0.029942697744900604 0.5291415746498871 0.04184526067380645 0.03755486468652869
0 0.19083405644179763 0.9522900579012277 0.05463149215175789 0.042052408369263716
0 0.7297722930506514 0.6802209758873937 0.026401690373220488 0.023666266930190805
0 0.5381391538622616 0.7003890760725818 0.02629981477951393 0.04024508736547017
0 0.7470447912695316 0.7292751752516146 0.026799460901757888 0.040756110680190805