0 0.25600961538461536 0.6286057692307693 0.10096153846153846 0.09615384615384616
0 0.36899038461538464 0.5552884615384616 0.09615384615384616 0.0985576923076923
0 0.27403846153846156 0.515625 0.10336538461538461 0.09615384615384616
0 0.19831730769230768 0.49399038461538464 0.08653846153846154 0.0673076923076923
0 0.31971153846153844 0.4567307692307692 0.11538461538461539 0.09134615384615384
0 0.31009615384615385 0.7007211538461539 0.057692307692307696 0.0625
0 0.6021634615384616 0.6875 0.10336538461538461 0.08413461538461539
0 0.7463942307692307 0.6622596153846154 0.11298076923076923 0.11778846153846154
0 0.5985576923076923 0.4735576923076923 0.08653846153846154 0.09615384615384616
0 0.7091346153846154 0.40625 0.11298076923076923 0.08653846153846154
0 0.8858173076923077 0.41466346153846156 0.09615384615384616 0.07692307692307693
0 0.7487980769230769 0.3545673076923077 0.10576923076923077 0.10576923076923077
0 0.8725961538461539 0.9615384615384616 0.08653846153846154 0.07211538461538461
0 0.7752403846153846 0.4579326923076923 0.07211538461538461 0.0889423076923077