0 0.27318822301417056 0.19225475852111273 0.05609633590175789 0.04244242141551924
0 0.06358442932215636 0.5019731078262011 0.06841783238717447 0.08990598534301464
0 0.27579683629591956 0.3532319563388273 0.0613773271867839 0.08075866653932184
0 0.6291745161124781 0.09265716658064249 0.04101644151297745 0.04409054585019989
0 0.56103515625 0.0107421875 0.0400390625 0.021484375
0 0.429931640625 0.01025390625 0.03662109375 0.0205078125
0 0.4989105389810976 0.4172888303501525 0.047273178785026015 0.04051696241791447
0 0.4373538233773433 0.3734860003949625 0.02776465852951393 0.04046993547879252
0 0.6878137256014538 0.09377480989800818 0.039404262680295066 0.058636624406287696
0 0.7131414023929032 0.41287213470853734 0.03743977280805133 0.0580459842123755
0 0.5267328383848087 0.33514899260698905 0.03721247536317285 0.0482803592123755
0 0.5467385552236323 0.4628165539479574 0.030149240418294365 0.03815647790868271
0 0.4361146440462669 0.4477303401309405 0.02922950227951393 0.04054670468672672
0 0.5709971838206159 0.28173682687305723 0.028264304651757888 0.04098380646477073
0 0.460886324920182 0.16059122286212835 0.03817726473444005 0.026872753420309703
0 0.6277279112855899 0.3228423532184669 0.05389359196888033 0.05256837898562905
0 0.518985669822851 0.47896165373318667 0.025629695573611166 0.032555076534880545
0 0.6064245577285152 0.35594727180738883 0.03748482404053832 0.039028605198353716
0 0.505250912923741 0.20789294330808672 0.018589190373220488 0.02340775773118775
0 0.5707285094516491 0.0832387420132768 0.029740513274001845 0.041548856922704824
0 0.328857421875 0.64794921875 0.02197265625 0.0556640625
0 0.27766557442178785 0.5719716276562403 0.023358354150781357 0.01878084259096824
0 0.2640383423977861 0.6113453570208112 0.027287742151757888 0.040932626992814525
0 0.19742834121037295 0.5746108484558407 0.02122379945136721 0.03183648766107794
0 0.2297218681743703 0.6364351339883259 0.028548426457855935 0.05319083771477073
0 0.10986328125 0.5537109375 0.0302734375 0.0078125
0 0.09543438432159257 0.5668211873864287 0.032953914323611166 0.03293892257455111
0 0.06235463989032081 0.6437967255338337 0.033123979150781246 0.019292637310529215
0 0.007568359375 0.605712890625 0.01513671875 0.03271484375
0 0.0078125 0.6611328125 0.015625 0.0380859375
0 0.00927734375 0.755859375 0.0185546875 0.037109375
0 0.06097744906636232 0.8079871742137239 0.030410224223415827 0.028416442644660922
0 0.1763372459175342 0.787633574668565 0.03126218138522141 0.04406703238063914
0 0.2034971166791878 0.9019875173132259 0.03130764087419702 0.046020157380638915
0 0.24569428013606714 0.87437748862136 0.03602038854702694 0.0599223400044413
0 0.2628417647602642 0.8307883561586356 0.03370358763522141 0.044194981060529104
0 0.25313418889095 0.7647701047311404 0.035077104150781246 0.0193949962544413
0 0.2191704339635846 0.7537014794626771 0.03787163795332038 0.0766006717123755
0 0.2846695354665143 0.6911357661258013 0.024471703374197018 0.04566190107694634
0 0.31714490038641446 0.7451475516582866 0.02340422189624569 0.041704471604990134
0 0.24578356608806362 0.9545579725652722 0.030512508073611055 0.03281097389466092
0 0.33447265625 0.831298828125 0.0107421875 0.04443359375
0 0.15603522588739105 0.7147046927995528 0.03843865679605041 0.0381032221703097
0 0.5479971982472868 0.8258751268508504 0.021450688639756965 0.020631608647056154
0 0.8030074738809023 0.7077317743655229 0.0222799160570748 0.03530563588303415
0 0.8506532439110455 0.7820936814493057 0.018225922717903575 0.028753261745209757
0 0.3901354276710932 0.781913931407985 0.03085304598444011 0.026488907380638915
0 0.408447265625 0.9931640625 0.02294921875 0.013671875
0 0.4627509141717224 0.8966945944986043 0.020474126139756965 0.020580429175099946
0 0.5194126358902553 0.9827731753159701 0.02163252659565973 0.028444108647056154
0 0.5767128317368917 0.9363995887034455 0.01922521496239149 0.029781003717165966
0 0.6075464140287539 0.74588690319626 0.01857782550097653 0.02291947648118775
0 0.6101501945420786 0.5710054464883259 0.02309737034565973 0.028520877854990134
0 0.8786017816789058 0.6315176994982081 0.03171636801848976 0.04262777836661691
0 0.7451743538082678 0.7139895292701133 0.024176216695855013 0.03296658857694634
0 0.427042684509635 0.6665177129264483 0.02325647855707469 0.035356815354990134