0 0.283935546875 0.008544921875 0.02294921875 0.01708984375
0 0.5344730138810938 0.11156182087136002 0.040350206302445346 0.02568419239752373
0 0.5838797187587083 0.1940201136753842 0.037169381873538854 0.04786073845479932
0 0.5641343315704777 0.21822065477337205 0.026212480550695916 0.037986172675077645
0 0.538330078125 0.26416015625 0.03857421875 0.0107421875
0 0.827392578125 0.260009765625 0.02880859375 0.01904296875
0 0.8149483258653485 0.2144020004058762 0.030118730550695916 0.03821368582925744
0 0.8275909161130223 0.16118897575061286 0.02553191597610338 0.04183554438653281
0 0.655029296875 0.005859375 0.02392578125 0.01171875
0 0.5486471627389069 0.0656161366775517 0.02751475609556664 0.048756799319350175
0 0.9138159761479925 0.10172851531020904 0.0339734115675947 0.05059135194489206
0 0.984619140625 0.228271484375 0.03076171875 0.06005859375
0 0.06917394592948317 0.29408015482631245 0.052098671421908604 0.03317423021579019
0 0.03997465417831031 0.374741054463929 0.053186233143936446 0.03469595225433508
0 0.17165530809439378 0.3714854559046392 0.04325803993880717 0.04481247858034115
0 0.20249160296035806 0.40303911053683694 0.031701858143936446 0.03344462990634717
0 0.3351028051107159 0.30850817316918794 0.03432826309731629 0.03602823187770943
0 0.3544452315937976 0.5055178458707359 0.04382032067015906 0.04581748022461363
0 0.3356691222843543 0.5360376040744513 0.03544553993880717 0.044357452271981845
0 0.27108199092946356 0.49271749710850793 0.034158410270974215 0.05303275819489206
0 0.2515434563082508 0.5002311582736785 0.029882162864214745 0.04792243254071249
0 0.0952946095774756 0.5740692008835879 0.0402397837150299 0.05630371542616153
0 0.08087545514274397 0.5714759673174891 0.026730476920159063 0.044822110175077756
0 0.03920169606640206 0.5910684557634649 0.04418245682109345 0.024935143051703412
0 0.056728828717913016 0.6346773143295638 0.04664629356934402 0.03820405423452078
0 0.1525329967744144 0.9022703423616061 0.05536135658799213 0.03773939633142476
0 0.11589062579538861 0.9559003225862196 0.03881922432691853 0.05038746213761658
0 0.1388101294259254 0.9476993061611418 0.028505887837992017 0.03617524339643996
0 0.2707346356497027 0.9282451089190347 0.05205438706001986 0.03900516607151783
0 0.368408203125 0.687744140625 0.02294921875 0.04248046875
0 0.22455015638982162 0.6553098819212022 0.0480522837150299 0.05675874173452078
0 0.9306535296998611 0.47473777521113736 0.04919141442015906 0.046130310811610564
0 0.8550500667832011 0.40900879323637057 0.03729495033799202 0.03668714799334416
0 0.701278472773877 0.41845540493219324 0.048303420643936334 0.034411560811610564
0 0.6802616784294635 0.5035440907614506 0.027314611515149134 0.02686946050216754
0 0.6821559498251495 0.5220703391171782 0.04030592194055671 0.03151512825325131
0 0.6552713425902986 0.5491388736292528 0.03154657456001986 0.03781072201207469
0 0.7021099194842351 0.5782891927504596 0.042673328709204816 0.030680761474613627
0 0.7733844127418096 0.5868892684752264 0.03750237953962232 0.05225526970479932
0 0.8223016831001992 0.6046384839807984 0.04029863731934402 0.037834345358978894
0 0.9853515625 0.593994140625 0.029296875 0.03662109375
0 0.7084470429340962 0.8172529822129985 0.032205285270974215 0.052919001617802275
0 0.8401955649795436 0.8860875579907057 0.04870313317015906 0.046101871667338035
0 0.9131041781788477 0.8450583968784755 0.04914713005827043 0.051961246667338035
0 0.6912231928292054 0.7711742782526272 0.026708046421908604 0.031695394713622704
0 0.5503112094288477 0.8661886810729079 0.05084854149475154 0.04233781738870035
0 0.5057083394871182 0.9183205626058808 0.038227228476103436 0.0425749621376168
0 0.46643054902966286 0.8789211530320422 0.042333046421908604 0.032605447330340986
0 0.4260596421328041 0.9415961480551078 0.04600272873542749 0.04254170719597594
0 0.6519772124009148 0.4409443259365283 0.03628138809731618 0.03614198845479927
0 0.6535958214597423 0.7664997157173336 0.027943607106640123 0.03517024175216754