0 0.8774038461538461 0.5817307692307693 0.03365384615384615 0.036057692307692304
0 0.7572115384615384 0.5721153846153846 0.040865384615384616 0.04326923076923077
0 0.5829326923076923 0.7764423076923077 0.052884615384615384 0.057692307692307696
0 0.6622596153846154 0.9519230769230769 0.07692307692307693 0.052884615384615384
0 0.4579326923076923 0.6057692307692307 0.03125 0.026442307692307692
0 0.4723557692307692 0.5973557692307693 0.040865384615384616 0.03365384615384615
0 0.984375 0.4951923076923077 0.026442307692307692 0.04807692307692308
0 0.4014423076923077 0.9927884615384616 0.052884615384615384 0.009615384615384616
0 0.1622596153846154 0.7271634615384616 0.057692307692307696 0.04567307692307692
0 0.43028846153846156 0.6935096153846154 0.052884615384615384 0.04326923076923077
0 0.7512019230769231 0.9074519230769231 0.05048076923076923 0.04567307692307692
0 0.6177884615384616 0.6971153846153846 0.06490384615384616 0.06490384615384616
0 0.8293269230769231 0.5516826923076923 0.04807692307692308 0.038461538461538464
0 0.9182692307692307 0.47836538461538464 0.05048076923076923 0.04567307692307692
0 0.6069711538461539 0.16346153846153846 0.0673076923076923 0.052884615384615384
0 0.9903846153846154 0.5576923076923077 0.014423076923076924 0.052884615384615384
0 0.7680288461538461 0.47596153846153844 0.04326923076923077 0.04807692307692308
0 0.41225961538461536 0.6310096153846154 0.052884615384615384 0.052884615384615384
0 0.4230769230769231 0.7379807692307693 0.052884615384615384 0.05048076923076923
0 0.8040865384615384 0.7908653846153846 0.04807692307692308 0.04807692307692308
0 0.6057692307692307 0.8894230769230769 0.055288461538461536 0.057692307692307696
0 0.7608173076923077 0.38822115384615385 0.07211538461538461 0.07692307692307693
0 0.6899038461538461 0.46274038461538464 0.04326923076923077 0.036057692307692304