0 0.3692128967983509 0.061235040788734596 0.04873843079151485 0.06073599347690406
0 0.29171255651527794 0.069805549748299 0.06369331158561198 0.05345207934323426
0 0.28827389930323377 0.1740140698820397 0.0689621214854168 0.049245110819996496
0 0.41279739118196646 0.19116745100952803 0.09141169411317285 0.049541182791002614
0 0.465087890625 0.27001953125 0.03369140625 0.01953125
0 0.500732421875 0.266845703125 0.03271484375 0.02587890625
0 0.538818359375 0.157470703125 0.02197265625 0.06103515625
0 0.5997214570059248 0.22596568880756263 0.022098078101171925 0.027117438407049388
0 0.632568359375 0.271728515625 0.02001953125 0.01611328125
0 0.899658203125 0.008544921875 0.02099609375 0.01708984375
0 0.937642502314258 0.026512827765709512 0.023381492151757888 0.04033513447100612
0 0.915069140861285 0.08545380320765072 0.025879722762977453 0.04286179650589794
0 0.8039809029478736 0.16263480796965946 0.03208004393029529 0.057714847889638765
0 0.8413748080104605 0.19455909619627998 0.027072217835611978 0.05217324256985478
0 0.832275390625 0.268310546875 0.02587890625 0.02294921875
0 0.3147510612172744 0.3802098338882921 0.06309097335668401 0.02757317309323426
0 0.33728100446371545 0.4243814579812428 0.05711794963424488 0.022485746709493548
0 0.2526395081560115 0.5040596690164183 0.05840136368483073 0.03570344277345028
0 0.25021640713856386 0.861856669469943 0.06102501614722233 0.06458024115136407
0 0.4258701940049483 0.7242682897658512 0.05591449794585501 0.03366506198855834
0 0.1397909398142581 0.5685965147493621 0.06446489812873268 0.023718076564169355
0 0.06787109375 0.294189453125 0.0517578125 0.02880859375
0 0.02099609375 0.314208984375 0.0419921875 0.05615234375
0 0.17637344812615025 0.33470824024922036 0.04595607837419713 0.0460023001920121
0 0.517229488268837 0.408323956056216 0.05415498403049046 0.0628766812036664
0 0.40283413884188424 0.9312948932136197 0.03315889028049046 0.062143481453595495
0 0.14779745915538225 0.6186507673016646 0.04358286135766065 0.04884673190712019
0 0.14882717170820328 0.43193976707490234 0.042277125819075556 0.05563151593618498
0 0.5732421875 0.501220703125 0.046875 0.05322265625
0 0.7082412337922095 0.3691204416445445 0.03851861915824656 0.06184276293035784
0 0.862548828125 0.284912109375 0.02880859375 0.01025390625
0 0.8500477722490889 0.39397781352778904 0.04061907924092889 0.04727958121524978
0 0.813925916364844 0.3747147354872117 0.021553789002929813 0.06661706618611407
0 0.7981252022562723 0.6826450461151962 0.04086910643029518 0.05802176871524978
0 0.8876730573214415 0.6457991758241935 0.025573279468880217 0.05065724534891958
0 0.9146669458208123 0.7557864617252739 0.046694386813563415 0.0567615388489906
0 0.9951171875 0.722412109375 0.009765625 0.07666015625
0 0.9727423362095272 0.3745442032192342 0.03699695104702694 0.059350203209422636
0 0.99462890625 0.4189453125 0.0107421875 0.03515625
0 0.9737903539949007 0.5455449476611045 0.04300406938619794 0.06590247334316346