0 0.47716346153846156 0.5733173076923077 0.04807692307692308 0.055288461538461536
0 0.6538461538461539 0.8677884615384616 0.055288461538461536 0.06009615384615385
0 0.6814903846153846 0.7536057692307693 0.057692307692307696 0.07451923076923077
0 0.6586538461538461 0.5769230769230769 0.04567307692307692 0.052884615384615384
0 0.9483173076923077 0.4543269230769231 0.06009615384615385 0.07692307692307693
0 0.8257211538461539 0.4639423076923077 0.05048076923076923 0.0673076923076923
0 0.5372596153846154 0.8762019230769231 0.04326923076923077 0.06009615384615385
0 0.4026442307692308 0.2932692307692308 0.04567307692307692 0.06009615384615385
0 0.3605769230769231 0.390625 0.052884615384615384 0.057692307692307696
0 0.6033653846153846 0.453125 0.0625 0.07692307692307693
0 0.12980769230769232 0.5588942307692307 0.038461538461538464 0.05048076923076923
0 0.84375 0.7211538461538461 0.04326923076923077 0.04567307692307692