0 0.06191314437984308 0.539855490207203 0.04980393902270208 0.0402919177778962
0 0.25732421875 0.537109375 0.064453125 0.03515625
0 0.05897746906146073 0.23621412518434964 0.0626302224702382 0.06571732901646965
0 0.24893049333240946 0.18160547689636736 0.02792515422549835 0.04073336861547017
0 0.39562360184800627 0.06809043669929604 0.033652809800664596 0.05414438301267599
0 0.39474240775539804 0.1426155314315314 0.03271409527270219 0.03949594551267599
0 0.3462476085386666 0.22325285644166304 0.044087901468484875 0.07264288849236711
0 0.33166681254037406 0.1621053361510451 0.06917798812407733 0.07673242129311664
0 0.303466796875 0.07177734375 0.02783203125 0.0712890625
0 0.321044921875 0.01318359375 0.04638671875 0.0263671875
0 0.4085293236261065 0.2617320680838259 0.031173555578626985 0.06863362605963186
0 0.4453833142188066 0.3247631408972971 0.03061688434962173 0.044753328939073134
0 0.440047253339561 0.514386158241209 0.029809140769195386 0.05493900899491155
0 0.4541015625 0.56640625 0.029296875 0.046875
0 0.34258380677833006 0.4551516639530897 0.04844533322374505 0.049478293269014095
0 0.548583984375 0.56787109375 0.05419921875 0.0439453125
0 0.8371829194986603 0.508546687993936 0.042967253045404386 0.07794575604820508
0 0.7796901454584242 0.4713048994545672 0.044632954676541325 0.05076120050124944
0 0.8167834115736885 0.28750512458909716 0.03538034392303446 0.06590861714211715
0 0.6701971106785245 0.20475689878191822 0.03340248592654127 0.05023813301267599
0 0.599853515625 0.0205078125 0.03271484375 0.041015625
0 0.9064785847868213 0.05013886993684835 0.04464532117478792 0.0585509584365288
0 0.9020237180001839 0.16523679254852486 0.028544406423034463 0.065590228236029
0 0.9605119785264388 0.20973457364373171 0.040538961770948845 0.04764957648348467
0 0.9646839128079999 0.34974553789627605 0.035643034295404386 0.07760462507739652
0 0.8909178415178557 0.4524933178277162 0.039430679846115035 0.06074220197460223
0 0.900634765625 0.572998046875 0.03271484375 0.03369140625
0 0.927001953125 0.57373046875 0.02490234375 0.0322265625
0 0.13075987334463735 0.6338222853365528 0.04597844549995411 0.07175729425124933
0 0.07689248342331023 0.6387653187058167 0.05981913941952777 0.08262523624870499
0 0.2070381651035882 0.9476787315218779 0.04011907049995411 0.07148438947460245
0 0.15255583504060377 0.8786531776030682 0.05916203924995411 0.07237132999870499
0 0.1768737806559142 0.7650642365878478 0.040169284970238195 0.06467119403932298
0 0.2822265625 0.814453125 0.0146484375 0.0966796875
0 0.4947141535910386 0.6703726050724449 0.032751943244739845 0.024892992142117154
0 0.48138291033937713 0.8024359632196507 0.0363387309143135 0.03528335078044065
0 0.5764304321243992 0.8841768791372111 0.0343856059143135 0.03519238252155832
0 0.6349674101663427 0.8595434013149031 0.018353829618863116 0.028116980200499686
0 0.6671518126384262 0.9422649185814185 0.023837718807678154 0.022530509977146673
0 0.9346600507048255 0.8777153678175845 0.03222581402270208 0.03947320344795546
0 0.9212647295300376 0.9348108341119961 0.03417893902270208 0.03956417170683779
0 0.4800338559373834 0.9602297310546802 0.02525234808739396 0.029411931606587838
0 0.5418053718796133 0.8395412993706959 0.033471624382844345 0.036123460892117154
0 0.5182899305036447 0.6975103302069747 0.03147484240033227 0.027754453447955407