0 0.2377017833720821 0.39005310470993204 0.05914225211926383 0.054699603286950005
0 0.1902756610598602 0.30842848645674004 0.06019908498727833 0.0669151575178718
0 0.13720695887698814 0.0337001826312075 0.02734778884895489 0.06341443029609906
0 0.36714590997349 0.14580304332681254 0.044449676772807645 0.07444639914744644
0 0.397753674656362 0.4209234042747563 0.050797333022807756 0.07455719789943238
0 0.6252499455928908 0.37597016208880096 0.06264183752026331 0.08793682021063765
0 0.9763308957578156 0.3502287325021334 0.04561752739845515 0.047145264052056435
0 0.9375574559302821 0.0933026225180194 0.05538315239845515 0.04731572367049597
0 0.8712099357705372 0.41792800426482746 0.05933488652789631 0.04836047001787169
0 0.9333595979378695 0.03678131925092713 0.04135944853677875 0.049998244723758495
0 0.431823690681714 0.5764148589726998 0.04213267873727844 0.06659980722375858
0 0.38278954081624383 0.602640736103054 0.04230257108119018 0.05977239270468049
0 0.2628863835066119 0.6315672892170955 0.053043412298205306 0.038980850496808106
0 0.3530444111907333 0.8641780321662453 0.05494035527789631 0.048283763189573836
0 0.26472034067805733 0.895968560270358 0.05773224410658784 0.024426165786950005
0 0.2752551570296022 0.9421336815163865 0.04907963399491133 0.02720243963035429
0 0.14990234375 0.98828125 0.0576171875 0.0234375
0 0.044819919358202426 0.7778358649563133 0.0561002005786459 0.07318610693957384
0 0.46130908886837974 0.8232575223252534 0.05000001447460245 0.0364883063612762
0 0.552978515625 0.48974609375 0.04345703125 0.01953125
0 0.771453410491346 0.8729112675061048 0.07013594861417527 0.08123725040538943
0 0.7234521498922084 0.5522333882950404 0.04543559088069049 0.043239014052056324
0 0.68994140625 0.501708984375 0.0205078125 0.04345703125
0 0.74365234375 0.49462890625 0.0556640625 0.029296875
0 0.970947265625 0.570068359375 0.05810546875 0.06494140625
0 0.8528292518364158 0.6446246540224176 0.0658430835139252 0.07286828530801359
0 0.7799509373719451 0.6380906011607148 0.0456402694631759 0.047633545302056324
0 0.7651954485902552 0.7139702234719203 0.04096213554566086 0.051942846742836446
0 0.8380831146626087 0.7517287073908572 0.046763982242366886 0.040334895494822276
0 0.918522420132168 0.7844765340959644 0.0559169177778962 0.04830080915141788
0 0.951029892733713 0.8302581212005037 0.038748149942866794 0.056783044338226674
0 0.98583984375 0.903564453125 0.0283203125 0.03759765625