0 0.29912184454568774 0.369887098569141 0.03402673980917237 0.032465633073611166
0 0.2775511457356761 0.4463763734789934 0.0257199823574652 0.02106469123995236
0 0.3811659326111392 0.31624598332855947 0.02899142244936348 0.025039130473415883
0 0.309814453125 0.00830078125 0.02783203125 0.0166015625
0 0.1789347139492763 0.07666668835381973 0.043090488189236 0.03024015939624569
0 0.467529296875 0.053466796875 0.05517578125 0.08056640625
0 0.46600026078069867 0.3207228601702474 0.04128344901631931 0.06528276067380645
0 0.7605505021802648 0.26764229797801686 0.05638984392676494 0.04857932258009967
0 0.264139570658767 0.5276571336544057 0.05397876151631931 0.06557824735214846
0 0.20166015625 0.489013671875 0.0498046875 0.05810546875
0 0.0973784643028062 0.5988179165078127 0.04089897735043391 0.06088822942380645
0 0.36121435373501093 0.6736662253026046 0.06290195743998828 0.07845539780805133
0 0.2945081845550629 0.7466685257160159 0.0728205301308158 0.047012603236393335
0 0.14631460376455357 0.7627107599371312 0.05895940739872674 0.05010099069131946
0 0.33251953125 0.9716796875 0.0390625 0.056640625
0 0.0185546875 0.87255859375 0.037109375 0.0556640625
0 0.030054528157840543 0.7872928459818578 0.04690488100853579 0.05712972276297745
0 0.4013671875 0.979248046875 0.037109375 0.04150390625
0 0.42626953125 0.858642578125 0.02734375 0.07275390625
0 0.3752514433027191 0.7617045936417756 0.05082950244467588 0.05186091286317285
0 0.5369409322576093 0.7769659177299699 0.03456371633486688 0.04417301820136721
0 0.49046921819065337 0.7359267464725047 0.04821124369701968 0.038643224496440975
0 0.49755128905523704 0.5606682805957252 0.0320919862453124 0.027060444706879377
0 0.4580078125 0.599365234375 0.0361328125 0.03759765625
0 0.5493265873293399 0.6344791199644101 0.03895824758486688 0.04427530205156249
0 0.678927852085532 0.7066903701421229 0.058379711799045 0.037905324313563415
0 0.6975013538526906 0.6627795605153434 0.03388021115107054 0.03636051820136721
0 0.6524462310910588 0.5710955177248052 0.04433531753657394 0.05560805465175783
0 0.6207143688737846 0.5425815941401697 0.05327732772740168 0.024142530335612034
0 0.8218490581704858 0.596966325154471 0.0407528915233506 0.025800168657269973
0 0.9462744531104741 0.6768536968652568 0.06209073786524888 0.0301951081637587
0 0.9602389425956592 0.708365088926867 0.05079320240341434 0.023597424724392413
0 0.99462890625 0.588134765625 0.0107421875 0.03076171875
0 0.980224609375 0.615966796875 0.03955078125 0.02880859375
0 0.8822719808261568 0.7640502481453999 0.06010684619467588 0.05207684543580737
0 0.8921708535877886 0.8549160201343757 0.055419257628471996 0.059764331841124174
0 0.6272900064506937 0.8906575279002175 0.04734446698284134 0.045445067379709325
0 0.5846869138494204 0.9383946251648008 0.051055493049045 0.0377348512299045
0 0.7831858586243625 0.9069555049015414 0.04977989703113428 0.034294152735416694
0 0.8378122681142353 0.9130998182206169 0.03934913828347808 0.02089462641278217
0 0.7190005576406819 0.9697834531706602 0.04863245823518514 0.03231829799092889
0 0.99365234375 0.87939453125 0.0126953125 0.025390625
0 0.98193359375 0.9765625 0.0361328125 0.046875
0 0.5754168747941832 0.8324375939148008 0.03145717633721057 0.03094396496239149
0 0.521923518143287 0.4827823511693363 0.05417442828113428 0.03439643658561202
0 0.7396515795831882 0.7212604783058816 0.03708458453113428 0.03399866605707458
0 0.7363245823518512 0.7723481715999788 0.04209555425309608 0.03557715852951393
0 0.7073818551781823 0.7590050613820751 0.0374630799953124 0.027185458301562493
0 0.6924972459944732 0.5944429152598312 0.03048061383721068 0.030921235217903686
0 0.9078852772149305 0.5054097454975485 0.02717243087303234 0.03766625373995228
0 0.9664000080996817 0.47802176077803893 0.06106548008955448 0.018476358163758727
0 0.8937797924423321 0.527983923463499 0.027642340686892197 0.04303734748995228