0 0.126008942348596 0.20571741564108093 0.014925318987577096 0.03107993517282992
0 0.2043867956044138 0.26130355706132835 0.0181534455322383 0.03847234315629344
0 0.4059192681326824 0.1491843818256297 0.023394384885831787 0.047375054378732684
0 0.4238199039220727 0.3455875013045577 0.018294378707186976 0.017987260400781246
0 0.409560267990519 0.34769932625948385 0.02150260931553738 0.02489138713424488
0 0.01609423788056085 0.036497304924783036 0.027271621791752312 0.03478202572892797
0 0.01123046875 0.23388671875 0.0224609375 0.029296875
0 0.61279296875 0.02001953125 0.013671875 0.0126953125
0 0.4783034596966451 0.27989764651241367 0.032304484624469554 0.026606258073611055
0 0.35089686045694646 0.2041093193732859 0.03323959363107476 0.049555476823611166
0 0.083984375 0.0146484375 0.03125 0.029296875
0 0.14568278714431798 0.2506510637698135 0.028258963070294407 0.02309737034565984
0 0.05603054097043017 0.2798440218936633 0.027172142110198583 0.03234061947892797
0 0.026497385409376364 0.17700906445883252 0.018412092704278016 0.04481999940629344
0 0.15770662267207275 0.3393936459316191 0.019797352709035043 0.042900969023025204
0 0.4646257907804232 0.3396948482008034 0.027978758341170584 0.040164484351171925
0 0.5013397177288834 0.2423117633911463 0.02828797616437373 0.03578131797341577
0 0.2603252254043459 0.05195673091898895 0.024421518036995327 0.036666961495464445
0 0.4366834575573576 0.041887928676801606 0.026264384576899502 0.045978399862196206
0 0.12709993911711015 0.4188353380859593 0.034813034220397165 0.06422664406809897
0 0.20533187433565922 0.3820454042782554 0.02351542212446961 0.026401690373220488
0 0.8283613240740236 0.3686207649816412 0.026794119320294296 0.023063275728927968
0 0.6360091862888764 0.3753848389397791 0.026982299904859897 0.03965347335668401
0 0.8424452198203274 0.4188004932656907 0.027490477091170584 0.04015311947892797
0 0.16087923721622005 0.6831432376751303 0.0332180360739906 0.07297024707912314
0 0.13897291525824584 0.7769610186521052 0.016847769272724245 0.04234449853956157
0 0.05607621378521322 0.9402271610820531 0.035181939852532665 0.06130832144034293
0 0.137451171875 0.982666015625 0.02880859375 0.03466796875
0 0.16748046875 0.99365234375 0.037109375 0.0126953125
0 0.23291015625 0.98193359375 0.0263671875 0.0361328125
0 0.2844119227915449 0.7940309904530385 0.031921476972245344 0.08903806884014775
0 0.2914003812989373 0.694489804686502 0.020752357651950826 0.06633846902302509
0 0.4550815352674864 0.6596887235214848 0.0345237123335046 0.06909809169585501
0 0.4358586940367879 0.7956009758486549 0.021558973882922827 0.07416233389526905
0 0.45653312956426917 0.756005143366168 0.02113204206262842 0.05171276126751301
0 0.46045514320513137 0.8396717101998268 0.035621312072142475 0.04814745743483062
0 0.5507249724585541 0.6633810822312939 0.020752357651951048 0.06633846902302509
0 0.5775904109331944 0.8076972161716368 0.02481943676321019 0.046432586495464445
0 0.969970703125 0.707763671875 0.06005859375 0.05224609375
0 0.8600830326292597 0.797785072601932 0.04635272079360053 0.06010486975195317
0 0.6843448977434279 0.840614178083095 0.051365687690007045 0.05144082084663637