0 0.4723557692307692 0.6454326923076923 0.055288461538461536 0.0625
0 0.4567307692307692 0.7548076923076923 0.04807692307692308 0.052884615384615384
0 0.2668269230769231 0.4495192307692308 0.04807692307692308 0.05048076923076923
0 0.38221153846153844 0.5288461538461539 0.04567307692307692 0.05048076923076923
0 0.43149038461538464 0.5396634615384616 0.05048076923076923 0.052884615384615384
0 0.7283653846153846 0.3233173076923077 0.04326923076923077 0.04567307692307692
0 0.6983173076923077 0.2644230769230769 0.04326923076923077 0.04807692307692308
0 0.3485576923076923 0.039663461538461536 0.040865384615384616 0.04326923076923077
0 0.46153846153846156 0.1778846153846154 0.03365384615384615 0.040865384615384616
0 0.4723557692307692 0.13822115384615385 0.040865384615384616 0.04567307692307692
0 0.43990384615384615 0.13221153846153846 0.036057692307692304 0.03365384615384615
0 0.056490384615384616 0.7932692307692307 0.05048076923076923 0.05048076923076923
0 0.22956730769230768 0.5 0.04567307692307692 0.05048076923076923
0 0.7115384615384616 0.47475961538461536 0.04567307692307692 0.04567307692307692