0 0.056490384615384616 0.30528846153846156 0.040865384615384616 0.038461538461538464
0 0.11899038461538461 0.25240384615384615 0.052884615384615384 0.057692307692307696
0 0.3485576923076923 0.13822115384615385 0.055288461538461536 0.06009615384615385
0 0.2800480769230769 0.8100961538461539 0.05048076923076923 0.057692307692307696
0 0.20192307692307693 0.7295673076923077 0.05048076923076923 0.04567307692307692
0 0.2608173076923077 0.7439903846153846 0.06971153846153846 0.06490384615384616
0 0.21394230769230768 0.3161057692307692 0.04567307692307692 0.055288461538461536
0 0.27163461538461536 0.2548076923076923 0.04807692307692308 0.04567307692307692
0 0.1466346153846154 0.5060096153846154 0.0673076923076923 0.06490384615384616
0 0.04927884615384615 0.38221153846153844 0.026442307692307692 0.057692307692307696
0 0.7439903846153846 0.265625 0.057692307692307696 0.0673076923076923
0 0.7043269230769231 0.15264423076923078 0.052884615384615384 0.04567307692307692
0 0.9471153846153846 0.7115384615384616 0.052884615384615384 0.06971153846153846