0 0.6875 0.06129807692307692 0.04326923076923077 0.04326923076923077
0 0.65625 0.14302884615384615 0.055288461538461536 0.04807692307692308
0 0.5757211538461539 0.23317307692307693 0.05048076923076923 0.05048076923076923
0 0.8028846153846154 0.4170673076923077 0.0673076923076923 0.06490384615384616
0 0.6105769230769231 0.41947115384615385 0.06009615384615385 0.057692307692307696
0 0.6021634615384616 0.5144230769230769 0.0625 0.0625
0 0.4026442307692308 0.5841346153846154 0.057692307692307696 0.055288461538461536
0 0.7319711538461539 0.8365384615384616 0.06490384615384616 0.0625
0 0.6394230769230769 0.7872596153846154 0.05048076923076923 0.04807692307692308
0 0.2620192307692308 0.6838942307692307 0.06971153846153846 0.0673076923076923
0 0.4675480769230769 0.7283653846153846 0.057692307692307696 0.057692307692307696
0 0.5432692307692307 0.6418269230769231 0.038461538461538464 0.038461538461538464