0 0.07253763917732325 0.25773102809502424 0.05535319330413058 0.046866994675102136
0 0.08928224229394333 0.3719099165099947 0.05529517133582185 0.03907723673982266
0 0.06787109375 0.414306640625 0.0419921875 0.03076171875
0 0.7976422152120985 0.02052935302775938 0.027019268720946066 0.03143328280074953
0 0.8271484375 0.011474609375 0.0185546875 0.02294921875
0 0.8575334353555817 0.04181308829422903 0.02876753001408039 0.028594563559631858
0 0.8621428687600612 0.10773105704422903 0.025554424970946066 0.03136505660658795
0 0.8891349133146383 0.11093499560386089 0.023068608835821847 0.037576260468264344
0 0.8068680018058328 0.12462422753664165 0.023932473548409106 0.04297009628298498
0 0.784946220253 0.22872845365340688 0.031140648361791756 0.027731711383234714
0 0.7488064879682246 0.2547866038552016 0.029358243117513227 0.030082149374352607
0 0.7280496293626009 0.18762986571942242 0.045089021120150674 0.053202606751249215
0 0.6738031095510045 0.03130894695929076 0.027668003792687634 0.04071062655074953
0 0.991943359375 0.093994140625 0.01611328125 0.04052734375
0 0.9502999530708063 0.073875143582257 0.019640374151841833 0.044230261450499686
0 0.9701996392622521 0.17749378101499202 0.021217915689254685 0.038950135959382015
0 0.9921875 0.16162109375 0.015625 0.03125
0 0.9823245430404127 0.23256789611524198 0.019913525760996365 0.048136511450499686
0 0.9474925468331004 0.2703675383817572 0.023215450574379126 0.03271619003298509
0 0.082763671875 0.4423828125 0.03173828125 0.025390625
0 0.447021484375 0.4345703125 0.05517578125 0.009765625
0 0.36064456351801555 0.4923188567484311 0.056175994280798225 0.07951361223094039
0 0.29546749575921005 0.5068040609464322 0.039513063663284775 0.05002275653932298
0 0.23421363623279357 0.556513741338595 0.043566155401842055 0.04534462262180816
0 0.2152661795514511 0.58483270755561 0.03519708624955342 0.04398144502155832
0 0.15095320399159906 0.5351149494655374 0.033858552370150674 0.05267953926267599
0 0.13137754410647484 0.5405301810619936 0.02961086285870773 0.04761479024491133
0 0.030059606631062996 0.9290575259757604 0.0551585955312448 0.03712411173982266
0 0.006103515625 0.9765625 0.01220703125 0.046875
0 0.016076862435193573 0.9726951474605401 0.028303126781244803 0.035873298180190805
0 0.14806990760773053 0.967162239064538 0.05184305863467764 0.03842976103677875
0 0.33245611575519085 0.8896058630555643 0.04211157758582207 0.038463200992366886
0 0.32666015625 0.992431640625 0.04296875 0.01513671875
0 0.3569386936438457 0.8221227306887992 0.06040672555985216 0.04953582157230785
0 0.3484674201244904 0.7496979112357551 0.056319489870150674 0.05372567423982266
0 0.26462988686304745 0.7409262056685358 0.057453160042687745 0.04209789249870499
0 0.2994859885738903 0.6408312419845058 0.03643653442472772 0.054746374586278845
0 0.10349038206463834 0.6915655891990677 0.04773529107701635 0.05624600457485229
0 0.5064697100259279 0.5662741259526788 0.04727780762895595 0.035783676204293347
0 0.4925416416491626 0.5967736378168997 0.0478002328301006 0.036294699519013984
0 0.4806588641918501 0.6356421571252823 0.041066727183533214 0.03744115436292583
0 0.4455264922090145 0.6413062051506799 0.04098482719806018 0.022349919742366997
0 0.595703125 0.612548828125 0.0283203125 0.03662109375
0 0.5224359220510045 0.6414814826265316 0.03715021124955342 0.04407241328044065
0 0.66845703125 0.443359375 0.0537109375 0.02734375
0 0.7444978853120009 0.6958851628399813 0.04612360558845929 0.061037848815969964
0 0.89892578125 0.455322265625 0.05859375 0.05126953125
0 0.9833984375 0.561767578125 0.033203125 0.05419921875