0 0.15181370941368533 0.028032649254488673 0.0171981711645387 0.03504973852325366
0 0.242431640625 0.009521484375 0.01416015625 0.01904296875
0 0.12413262048283391 0.06613794769121545 0.015545821834255014 0.024230781815319458
0 0.952737378751912 0.2706393444727485 0.05598299310014099 0.07708480042954124
0 0.9132135288135441 0.1622581916430582 0.05691088905205621 0.04639985088747545
0 0.6644031658365936 0.1875159882418624 0.05723723366453859 0.037148096873453496
0 0.5680267253437572 0.15395735774355973 0.04991054357709168 0.06457069234780477
0 0.7692943176707749 0.5128876780883187 0.054117569246808106 0.054058812471607265
0 0.8900848206636116 0.545166821787719 0.05213035232312002 0.05200332852769485
0 0.937701320003824 0.5851906758838266 0.033337021357304764 0.037359043560529326
0 0.896240234375 0.65673828125 0.04638671875 0.0263671875
0 0.6259765625 0.65966796875 0.0537109375 0.0205078125
0 0.5646401237797125 0.3799271412832304 0.053887448761914536 0.040875218721607154
0 0.6325307348290036 0.34948910949630374 0.047034465300070494 0.03954039991791447
0 0.533203125 0.471435546875 0.046875 0.04638671875
0 0.20239620611474718 0.8222629268441085 0.0335586188612762 0.050054356060529104
0 0.1299285009100667 0.7864738367828815 0.054350161069148584 0.03943596470758526
0 0.17713478819744322 0.7189990466710547 0.03378021636524764 0.06274966856052921
0 0.3910858431377967 0.8245923200065822 0.030680069246808106 0.05283050514466092
0 0.38722331701098744 0.9112995883523407 0.024616142704680488 0.040804678312924336
0 0.336669921875 0.9833984375 0.02685546875 0.033203125
0 0.37353515625 0.994384765625 0.03515625 0.01123046875
0 0.2952133674879379 0.9039034274662137 0.03172728693163096 0.028981493102595124
0 0.3050606419911298 0.8520709220246967 0.03535833020468049 0.04136765250444141
0 0.3199317859636821 0.9480596866532893 0.044576013088226674 0.03843588873802428
0 0.4818830580324778 0.7905101643786874 0.048482263088226674 0.03864060662584867
0 0.5205078125 0.92626953125 0.021484375 0.0458984375
0 0.7909922739943955 0.7999036737490479 0.05403233943758812 0.049175999971607154
0 0.930908203125 0.68505859375 0.05224609375 0.0302734375
0 0.7831676707074458 0.7436213050527405 0.03992332107312002 0.051363585128243794