0 0.05542596478745482 0.27542158334881467 0.05349223422358351 0.0753444647319285
0 0.009765625 0.3307291666666667 0.01953125 0.0546875
0 0.2517558635370083 0.23831682142571356 0.030642101177811742 0.047132146612273086
0 0.7525313634520795 0.05637327888495758 0.03984781087631872 0.018920597338767386
0 0.6862480771734722 0.06603870021752208 0.031345512068657544 0.042022479254075616
0 0.5643487119155599 0.1440425332012197 0.02325986045950318 0.03602481811965541
0 0.56103515625 0.2819010416666667 0.0224609375 0.037760416666666664
0 0.614098951082822 0.22498999516702498 0.01950379834726479 0.05701586324397626
0 0.6574604702641644 0.26864046301084227 0.03485230058890598 0.025539392808853496
0 0.6966082163988421 0.22416335374510332 0.03236648445378165 0.03370693655011259
0 0.7676513514560567 0.1986165546464155 0.024318322944976267 0.05620710978632223
0 0.8070657843878457 0.29880898151509694 0.024680294324379015 0.044587025761458086
0 0.9462560559806867 0.05958376730762197 0.025930008433533214 0.04989402506992713
0 0.9463997790564056 0.18787859580023958 0.025079755804130688 0.06146477610722334
0 0.9209377474912785 0.30835044261842387 0.025428115100349036 0.031063149724161576
0 0.8803354235405809 0.36184346924236 0.024461818534328827 0.02189923340326061
0 0.883544921875 0.3958333333333333 0.02685546875 0.02734375
0 0.6232189596739188 0.11661136774666714 0.030198229812936073 0.038668604945606276
0 0.6014444748323754 0.1667707145648513 0.020272150991194504 0.025361486515149096
0 0.6847361598482421 0.36629748185699196 0.03827361548811048 0.05373151642579188
0 0.6091652638856548 0.3658616601048645 0.02880167396522465 0.03982268931623582
0 0.8347708233081498 0.032612180166998815 0.031731361465224595 0.040118687241643546
0 0.88671875 0.0185546875 0.04296875 0.037109375
0 0.923583984375 0.0146484375 0.02880859375 0.029296875
0 0.56884765625 0.0185546875 0.0380859375 0.037109375
0 0.42552931271790406 0.4743077906487221 0.042145721536966274 0.05347513865966865
0 0.48193359375 0.4251302083333333 0.0302734375 0.03125
0 0.49510425787591417 0.4767557832167009 0.07112503504268775 0.05964099325950981
0 0.5065023277187972 0.596370312435813 0.06222662090447928 0.09371191753301537
0 0.44577469451546214 0.6779366021988348 0.053161060646120584 0.059768797719496426
0 0.3176952741004329 0.873778976849199 0.06636161262850959 0.10772912344599088
0 0.26231797529277173 0.8439678086246528 0.05146055538731509 0.08291029979408886
0 0.01025390625 0.783203125 0.0205078125 0.06510416666666667
0 0.023627225365406457 0.9212980989005173 0.04150725239920461 0.03204009664723658
0 0.97705078125 0.9801432291666666 0.0458984375 0.039713541666666664