0 0.3396473483375073 0.24913264713263783 0.03254323586019858 0.033376024352595124
0 0.30818347790040923 0.3247968799459111 0.024761410575051324 0.021761709562924336
0 0.4288295475769326 0.1980235576367303 0.02785026556553749 0.02582149797879263
0 0.7693223644252221 0.03980314796642065 0.0638620408268995 0.04866005271921203
0 0.856201171875 0.035888671875 0.07470703125 0.07177734375
0 0.9677734375 0.157470703125 0.064453125 0.09716796875
0 0.9138130134986988 0.1804716969116812 0.03984589705311459 0.0571461909203097
0 0.8792826546821007 0.1512598961852838 0.03425428638292294 0.07536821185259512
0 0.16359501076615213 0.7684377420416697 0.07907834332214247 0.05140645953453149
0 0.36039220693949314 0.4900503144773496 0.06325438395903493 0.045704775483233984
0 0.3375540992164605 0.654244915690074 0.04765839705311459 0.057555626695958484
0 0.383018105846201 0.42713464990244954 0.03839183208165653 0.04537626144835355
0 0.016357421875 0.806396484375 0.03271484375 0.04248046875
0 0.505859375 0.375732421875 0.0498046875 0.05224609375
0 0.4619140625 0.443359375 0.0244140625 0.0498046875
0 0.4736328125 0.494384765625 0.0478515625 0.04736328125
0 0.47021484375 0.7060546875 0.041015625 0.103515625
0 0.5309624267598205 0.8627749568912191 0.07817970294661214 0.0771830068406194
0 0.5857891983139958 0.8622230385707603 0.03540079515195094 0.06763248106052933
0 0.645402625928164 0.9123223453039944 0.037811526687098085 0.0789653087544413
0 0.6926498548018463 0.965688158637777 0.052542871173887784 0.03393692227769485
0 0.7291084578198135 0.9235597173922184 0.03547292336019847 0.033529562768463306
0 0.7940009550394234 0.9401723357632767 0.04732928329360053 0.06143628695998027
0 0.8075252503813812 0.8244220135108817 0.06947188581262842 0.054800914814970625
0 0.9171912338890471 0.8590394773278984 0.06597599493815887 0.028794059885080214
0 0.9601127364794303 0.8984775183019007 0.05568063519476407 0.051154714707585036
0 0.9217117872400051 0.9522479403395252 0.059986465541752354 0.03725045581736586
0 0.9182464840544486 0.4128313365686668 0.04679043139243699 0.07212729498802428
0 0.8678499033274464 0.4968005031647742 0.036059022670978935 0.05987116053248531
0 0.8388671875 0.36181640625 0.0361328125 0.0244140625
0 0.5756662120013343 0.4501710718419677 0.053756523288843394 0.06372207852769496