0 0.445068359375 0.0166015625 0.02392578125 0.033203125
0 0.49516292124381456 0.053926800257750984 0.05099812029884543 0.043916417715790246
0 0.41880945945451564 0.2610346473757064 0.03537312029884543 0.04300636509907174
0 0.4639870700542683 0.2724401111487721 0.02495770606519576 0.053611172675077645
0 0.4781599660195054 0.32396077889985586 0.03659121086527839 0.05136402463761658
0 0.30385629948474246 0.36450393696177286 0.041905474482000216 0.04972373022461363
0 0.20424692448474252 0.3587023515301925 0.04452259624896915 0.03915217759024836
0 0.2424218644837116 0.39748482024489884 0.03538210271503095 0.0600677697047991
0 0.14501953125 0.425048828125 0.0537109375 0.04931640625
0 0.0841529269342477 0.36925600789489654 0.04121306264839175 0.05943247693606857
0 0.41777671297643315 0.07476716217415852 0.030983814165979506 0.02617728944489206
0 0.8587822164073198 0.07110606220000454 0.037587206015731955 0.035336060820433945
0 0.7873780258226806 0.11325534845340901 0.03712211471523719 0.052857307531889
0 0.8527157751875466 0.18091728095882798 0.049973710081752554 0.05896781903297277
0 0.8803085678520827 0.2580797102109955 0.03761039596523719 0.05288574667616164
0 0.8229418908347013 0.2800860770425736 0.04881244964859799 0.05256328449442793
0 0.7909357804249073 0.03449505568467848 0.05537321889839175 0.060257212119969816
0 0.986572265625 0.43994140625 0.02685546875 0.01953125
0 0.8863996668394435 0.11561052599071697 0.055767272532288636 0.04029455915851465
0 0.6991689638173199 0.2982247202530981 0.05751104183154643 0.06671862494705971
0 0.057399024890762984 0.6471864370500068 0.04658938151552583 0.043172184167338035
0 0.1388208187761032 0.5807604682205962 0.03733522771503095 0.060181526281889
0 0.264892578125 0.476806640625 0.03271484375 0.05419921875
0 0.2942296386740826 0.6614677032721464 0.036648040998556564 0.05331714963761658
0 0.39008904654059806 0.6724128692995472 0.05247194646503095 0.06106313975433508
0 0.201499645436928 0.7915789402062008 0.06329937916494854 0.06461848842832896
0 0.21516107020266007 0.8255214829572846 0.047850094681917366 0.05299468745588287
0 0.2243337361022889 0.8392169813041888 0.04664098653167015 0.061698432523065616
0 0.2849890462517115 0.8632228085497003 0.04523819803208262 0.04699311673452078
0 0.06332356628503116 0.8507997183000069 0.06585068838245356 0.03503240618823611
0 0.04914250956649513 0.9162674765390159 0.042995697248556786 0.053686858513158464
0 0.888916015625 0.466552734375 0.03955078125 0.03369140625
0 0.9090206445050104 0.5267463317283358 0.02353548491515456 0.05499069899226039
0 0.988525390625 0.833251953125 0.02294921875 0.03271484375
0 0.7776694064636498 0.8037689864664144 0.02782533831478351 0.06840180589643996