0 0.2705078125 0.020182291666666668 0.0322265625 0.040364583333333336
0 0.24036418126546366 0.12341211824402858 0.024522497649422714 0.029761066390828244
0 0.993408203125 0.047526041666666664 0.01318359375 0.09505208333333333
0 0.7904515516137729 0.11401404302650635 0.025133421582165028 0.05775585805749506
0 0.7653143727325564 0.21659311010886562 0.033808823815608235 0.053435518500384305
0 0.726985439348041 0.16459949876853427 0.029258009699092646 0.045830063278939605
0 0.6952628334494431 0.23406439399774573 0.04124670283216503 0.05938384664723658
0 0.307029278009072 0.7370259109441211 0.06437163709913407 0.04742891338383052
0 0.16196336686006169 0.7984541422766593 0.03668168118232995 0.05112734975912522
0 0.18349412175907198 0.7495071567988064 0.02908751929925768 0.03801756327893976
0 0.20167876723756695 0.5190084994678058 0.038819504115484516 0.059788223376063675
0 0.225830078125 0.4518229166666667 0.05224609375 0.044270833333333336
0 0.1639196030039175 0.5078825141647707 0.05263867956581447 0.04559388001553355
0 0.094970703125 0.4417317708333333 0.06201171875 0.024088541666666668
0 0.5153488345792163 0.8803289360063076 0.04136934551490734 0.08732930532633547
0 0.31828064722760807 0.8242355869464536 0.07607617956581447 0.047961863418794014
0 0.31241898274663893 0.9365600845260958 0.062067081065195984 0.07577874879175628
0 0.505859375 0.9921875 0.0498046875 0.015625
0 0.493408203125 0.9615885416666666 0.03759765625 0.07682291666666667
0 0.543212890625 0.9576822916666666 0.01318359375 0.048177083333333336
0 0.38104471908835047 0.5379140020552408 0.047983187598927834 0.05551721680652092
0 0.47486575675494835 0.5251868601088656 0.03862059864901024 0.05067364004273034
0 0.46189821164090716 0.6505718111811253 0.04550814116515456 0.07605455221444675
0 0.04621018157014428 0.49898776382287563 0.03862059864901035 0.05067364004273034
0 0.04217230647121642 0.5500650117482832 0.043375543349134016 0.04530759491840963
0 0.6686505360916493 0.6251842615657247 0.024403612265731844 0.04663881673659379
0 0.5909645018064741 0.5459859552059634 0.01933610183257728 0.037681945194247835
0 0.618285061856969 0.5666114749145915 0.014021838215855675 0.03974344899766735
0 0.9255790578819791 0.9298753236248096 0.02898284144888663 0.05554635529137183
0 0.6654268938461854 0.8398800126030208 0.023418067349546323 0.02380302541569253
0 0.6634536900405359 0.5730912154041077 0.02310027649938151 0.031566192428124605
0 0.55517578125 0.7109375 0.0107421875 0.040364583333333336
0 0.561628585997876 0.9302687320047176 0.02032687186589688 0.03843165283605051