0 0.5580976031365151 0.2980019881669939 0.051898420015113356 0.07708203207431848
0 0.06663486284350495 0.7893862571624046 0.028783935982412467 0.045564611600998305
0 0.04924372525762877 0.6703424543958713 0.01661054491618552 0.023912406716367407
0 0.1040492889784328 0.8621775186580796 0.030177742065814472 0.04241176221157724
0 0.2243812328039999 0.486491457958145 0.022024261266144318 0.026240847844045456
0 0.21062017979733993 0.9606886288272736 0.01711303369950512 0.02459756803100473
0 0.06598067015560816 0.5736157399567494 0.020744115449298994 0.034602030566799925
0 0.7889965119428453 0.6288593283598751 0.04888871243232984 0.05086976716779823
0 0.7072262226597318 0.6449739762376536 0.049343353498556786 0.07170310050113156
0 0.5992345785088659 0.6115670327351265 0.05009259546544331 0.06135467313040636
0 0.4868910257079586 0.5765140410643358 0.04259266119847427 0.07513167542954131
0 0.4243678357584535 0.6042847363566185 0.02674034066536085 0.06362318002781138
0 0.5945153879657936 0.9395214344952727 0.029783688431917588 0.06903623124896896
0 0.7901172637493193 0.9349540389923434 0.041275117898804226 0.05943843613359986
0 0.9666412382886804 0.41948122833026597 0.03328690238183496 0.07318131878476415
0 0.8907990721911958 0.5437398005258754 0.05957406979905144 0.04901623275648759
0 0.5876819154544536 0.4037086061181605 0.03431653771606191 0.03100008904331375