0 0.9242788461538461 0.7992788461538461 0.038461538461538464 0.04567307692307692
0 0.6478365384615384 0.8569711538461539 0.04807692307692308 0.05048076923076923
0 0.8786057692307693 0.7271634615384616 0.03365384615384615 0.040865384615384616
0 0.6947115384615384 0.4855769230769231 0.052884615384615384 0.052884615384615384
0 0.5997596153846154 0.6141826923076923 0.04326923076923077 0.06009615384615385
0 0.38341346153846156 0.5288461538461539 0.05048076923076923 0.057692307692307696
0 0.31850961538461536 0.6310096153846154 0.0673076923076923 0.04807692307692308
0 0.8882211538461539 0.5913461538461539 0.0673076923076923 0.057692307692307696
0 0.22956730769230768 0.9567307692307693 0.052884615384615384 0.07932692307692307
0 0.4699519230769231 0.6862980769230769 0.06009615384615385 0.055288461538461536
0 0.5997596153846154 0.48677884615384615 0.05048076923076923 0.052884615384615384
0 0.6286057692307693 0.3894230769230769 0.0625 0.08173076923076923
0 0.5360576923076923 0.6189903846153846 0.038461538461538464 0.0625
0 0.30408653846153844 0.5745192307692307 0.040865384615384616 0.0673076923076923
0 0.25961538461538464 0.6694711538461539 0.04326923076923077 0.05048076923076923
0 0.46875 0.9519230769230769 0.05048076923076923 0.0625