0 0.3088942307692308 0.390625 0.07692307692307693 0.057692307692307696
0 0.33413461538461536 0.5264423076923077 0.06370192307692307 0.06129807692307692
0 0.22716346153846154 0.5985576923076923 0.10336538461538461 0.052884615384615384
0 0.3245192307692308 0.765625 0.09254807692307693 0.057692307692307696
0 0.5072115384615384 0.4987980769230769 0.057692307692307696 0.07692307692307693
0 0.4182692307692308 0.1466346153846154 0.08413461538461539 0.0673076923076923
0 0.7728365384615384 0.5528846153846154 0.057692307692307696 0.08533653846153846
0 0.6165865384615384 0.5973557692307693 0.057692307692307696 0.06490384615384616
0 0.23798076923076922 0.9675480769230769 0.06610576923076923 0.054086538461538464
0 0.9146634615384616 0.7560096153846154 0.09254807692307693 0.06971153846153846
0 0.9555288461538461 0.7067307692307693 0.07211538461538461 0.06971153846153846
0 0.34615384615384615 0.08413461538461539 0.09254807692307693 0.05048076923076923
0 0.8629807692307693 0.9459134615384616 0.06370192307692307 0.06610576923076923