0 0.11918616727587361 0.305895271172794 0.0396776124048599 0.0406143830322383
0 0.012939453125 0.539306640625 0.02587890625 0.06103515625
0 0.33120465080677763 0.532433699428065 0.03336974802748127 0.04133229836019847
0 0.44755818310249973 0.4928149222652658 0.03827245646379218 0.042019538973306014
0 0.4176827078416845 0.2142268454354574 0.03520183578884328 0.06236818398282007
0 0.3958758655652639 0.12169382079195973 0.04103219769476407 0.049931518654859786
0 0.46232437811256055 0.23310732345342466 0.025485119819233626 0.0751339630702943
0 0.1552145587449696 0.08946397856338278 0.028376677067385447 0.05039078681078035
0 0.22023388711943914 0.11794925247009069 0.04426198586019847 0.03348912364534573
0 0.8158971767338479 0.39844904431947403 0.07907834332214247 0.050506839187098085
0 0.978759765625 0.11767578125 0.04248046875 0.044921875
0 0.977783203125 0.281982421875 0.04443359375 0.05712890625
0 0.99365234375 0.0546875 0.0126953125 0.044921875
0 0.6537446866196795 0.4386390097190629 0.07041943521854899 0.041379545769815396
0 0.12939453125 0.588623046875 0.0380859375 0.03759765625
0 0.0247099438440464 0.6177943043009929 0.04066329206262842 0.05284131021854899
0 0.0997087676556141 0.7237065588160512 0.03231194016146488 0.06322537086495572
0 0.14158157953774964 0.7224879218387755 0.04309391953408648 0.06463964396379196
0 0.07901524524572384 0.8140203557505139 0.022475848573990653 0.07306146245242995
0 0.017822265625 0.86181640625 0.03564453125 0.0703125
0 0.044595953943123295 0.9622713367867218 0.031445636121560705 0.05392813117864481
0 0.08056640625 0.96484375 0.0322265625 0.0703125
0 0.1169212667520555 0.9666807791107124 0.032252252352532595 0.06176052711495572
0 0.254150390625 0.967529296875 0.06005859375 0.06494140625
0 0.23433925339688744 0.8096249719336424 0.03599933486204665 0.058013444605441666
0 0.2310837753789201 0.7656199716247101 0.039089851473306014 0.03815308084592761
0 0.18771463597803006 0.6463724114061611 0.035232510503696246 0.05115761116913076
0 0.38677754172909085 0.6028117246661889 0.04065251328408648 0.0645401642822383
0 0.47539519921481976 0.6122722641384342 0.02584656991437395 0.03615104681553738
0 0.502197265625 0.70751953125 0.01513671875 0.052734375
0 0.48197662183822865 0.6900482544426094 0.03376766675369636 0.05109792336019847
0 0.42749885997987813 0.6810038680121164 0.05402761086019847 0.033887042371560705
0 0.42930939018415615 0.7254374617621164 0.03980610518049299 0.05573120584592761
0 0.3943164399700907 0.8117563077935674 0.033887042371560705 0.05402761086019847
0 0.3530985323654364 0.8529742153982216 0.03175319232399065 0.0734394852423339
0 0.6308095698897684 0.6975143024473994 0.047927823003696246 0.05167490551321019
0 0.552397718677551 0.8069249620245724 0.05403506639719388 0.06996016706262864
0 0.9892578125 0.6279296875 0.021484375 0.044921875
0 0.9743332590533549 0.6700768231690978 0.05016115273282007 0.03470443738107476
0 0.9452734736683105 0.6986284313678315 0.07507261364058881 0.04790626544661203
0 0.976806640625 0.927734375 0.04638671875 0.07421875