0 0.2952350188261781 0.19429573961201943 0.033727064314098554 0.06029633436736437
0 0.714599609375 0.4075520833333333 0.04931640625 0.024739583333333332
0 0.63330078125 0.4036458333333333 0.0498046875 0.032552083333333336
0 0.5236933087510631 0.3729679957998136 0.05034567797107692 0.06249523515257227
0 0.40928668239048926 0.3194373835791793 0.04290830342460156 0.07608974752816078
0 0.3505859375 0.3369140625 0.021484375 0.064453125
0 0.7361622806806414 0.13494529955152992 0.03189329741294733 0.0646715249612615
0 0.8862118825410734 0.1359462488214526 0.03991041129668815 0.07321242925233973
0 0.8830977438145946 0.24021765393647723 0.03359685736064488 0.07392268409917202
0 0.8129759180416405 0.35252948870761874 0.059770279831508955 0.05038490718308678
0 0.6822792758607157 0.06757409585494423 0.04218130597690406 0.06692963892663502
0 0.7569863071107157 0.07453946188837984 0.04127294810481752 0.06944275505691688
0 0.9726144310299153 0.32909584360958166 0.04337333121524978 0.056649548064545474
0 0.5021066061109991 0.16248128694946481 0.03444165715704928 0.03178707683860823
0 0.4781265598897805 0.046591408750525386 0.05337767241294733 0.06667463676172662
0 0.10365516645430428 0.7460470114711878 0.04867622033733621 0.05454615934799515
0 0.04585350702963181 0.6406422394987811 0.029633251587336207 0.05277067388849188
0 0.24392362720970617 0.5967620741894685 0.0398763089827312 0.0719103459190064
0 0.28156934612855145 0.6950919768326539 0.02690817797107692 0.06031002227933757
0 0.322021484375 0.9306640625 0.03564453125 0.06966145833333333
0 0.28171042263480384 0.8678593327522557 0.04476376803496285 0.03534727413731501
0 0.331298828125 0.6217447916666666 0.01708984375 0.041666666666666664
0 0.36083984375 0.5065104166666666 0.0419921875 0.07421875
0 0.405617592838045 0.7650959362804723 0.037912335128126196 0.0899118862447111
0 0.44495911365207264 0.7979893074676712 0.043725203209422636 0.05148673999940456
0 0.5765330814950234 0.7816808218144754 0.05902158467460161 0.07759208137850966
0 0.646240234375 0.9573567708333334 0.06494140625 0.08528645833333333
0 0.8808640422504252 0.647692374645399 0.04786552285488854 0.09798384994189228