0 0.5204326923076923 0.46153846153846156 0.026442307692307692 0.052884615384615384
0 0.5108173076923077 0.4182692307692308 0.026442307692307692 0.03365384615384615
0 0.5144230769230769 0.21514423076923078 0.03365384615384615 0.04326923076923077
0 0.23317307692307693 0.3088942307692308 0.026442307692307692 0.03365384615384615
0 0.1814903846153846 0.2620192307692308 0.03365384615384615 0.036057692307692304
0 0.30288461538461536 0.19471153846153846 0.02403846153846154 0.036057692307692304
0 0.3137019230769231 0.2776442307692308 0.03365384615384615 0.05048076923076923
0 0.4543269230769231 0.8713942307692307 0.026442307692307692 0.04807692307692308
0 0.46274038461538464 0.6670673076923077 0.03365384615384615 0.052884615384615384
0 0.30528846153846156 0.8653846153846154 0.03365384615384615 0.04567307692307692
0 0.5252403846153846 0.8365384615384616 0.019230769230769232 0.04567307692307692
0 0.5576923076923077 0.6754807692307693 0.028846153846153848 0.038461538461538464
0 0.7920673076923077 0.7271634615384616 0.036057692307692304 0.04567307692307692
0 0.7067307692307693 0.125 0.026442307692307692 0.04567307692307692