0 0.25725486339188885 0.3927683289394504 0.0260514911598817 0.048011743798559436
0 0.25679059811658256 0.18410224220304702 0.026970525356587838 0.03245494842647304
0 0.3283659558500672 0.23748353780026044 0.025687618124352607 0.03759507713189277
0 0.1826171875 0.0146484375 0.033203125 0.029296875
0 0.8217801086889818 0.23040273009597478 0.03371684088069049 0.058118391938127324
0 0.7683005583121305 0.08101656070816028 0.037486638492366886 0.05439402094589685
0 0.7659755549517033 0.14005673849108624 0.04276676398348478 0.05203993791491331
0 0.9683942770353924 0.3386265487555334 0.01876205864845515 0.06262194411635373
0 0.79638671875 0.4596354166666667 0.041015625 0.040364583333333336
0 0.718994140625 0.4567057291666667 0.03369140625 0.046223958333333336
0 0.5277290911902768 0.14391334247450768 0.03226269502155832 0.04440104718618502
0 0.01904296875 0.888671875 0.0380859375 0.08203125
0 0.09956942074852237 0.8126613288556866 0.06267527747585167 0.1056155033258473
0 0.17311526041478786 0.7549873179645544 0.03715889797839589 0.08687789965131672
0 0.5163983749465235 0.5674128075432994 0.04601349410658784 0.0333416085893495
0 0.5015813913855965 0.6037719316362501 0.044366713838823235 0.028065070628102557
0 0.5445127349540652 0.7721664488767273 0.049329796706837736 0.0445457261785099
0 0.4874186149426385 0.7844576918454601 0.052224697968264344 0.029730911976974934
0 0.662303572810653 0.8088500842338414 0.04251660127155832 0.04487847958157983