0 0.9459134615384616 0.18509615384615385 0.07211538461538461 0.08413461538461539
0 0.7944711538461539 0.4110576923076923 0.07451923076923077 0.09615384615384616
0 0.7475961538461539 0.4254807692307692 0.0625 0.0625
0 0.6418269230769231 0.35336538461538464 0.0889423076923077 0.09375
0 0.5012019230769231 0.49759615384615385 0.10096153846153846 0.11778846153846154
0 0.6057692307692307 0.859375 0.08413461538461539 0.10576923076923077
0 0.3641826923076923 0.7596153846153846 0.06971153846153846 0.06971153846153846
0 0.33774038461538464 0.9519230769230769 0.06490384615384616 0.05048076923076923
0 0.04447115384615385 0.8221153846153846 0.06971153846153846 0.06971153846153846
0 0.25 0.4483173076923077 0.09375 0.10576923076923077
0 0.43990384615384615 0.09375 0.08653846153846154 0.10817307692307693
0 0.11057692307692307 0.3269230769230769 0.04807692307692308 0.06009615384615385