0 0.3701923076923077 0.20432692307692307 0.03125 0.04567307692307692
0 0.4170673076923077 0.24759615384615385 0.026442307692307692 0.040865384615384616
0 0.5360576923076923 0.2548076923076923 0.021634615384615384 0.02403846153846154
0 0.6129807692307693 0.3581730769230769 0.040865384615384616 0.052884615384615384
0 0.6911057692307693 0.2620192307692308 0.03365384615384615 0.04326923076923077
0 0.7223557692307693 0.30408653846153844 0.03365384615384615 0.03125
0 0.7043269230769231 0.39302884615384615 0.038461538461538464 0.036057692307692304
0 0.7019230769230769 0.7800480769230769 0.038461538461538464 0.052884615384615384
0 0.21033653846153846 0.16346153846153846 0.036057692307692304 0.055288461538461536
0 0.25841346153846156 0.21394230769230768 0.028846153846153848 0.036057692307692304
0 0.25 0.2764423076923077 0.03365384615384615 0.04326923076923077
0 0.21033653846153846 0.28966346153846156 0.028846153846153848 0.038461538461538464
0 0.2644230769230769 0.5925480769230769 0.03365384615384615 0.052884615384615384
0 0.4375 0.5264423076923077 0.02403846153846154 0.028846153846153848
0 0.5805288461538461 0.38822115384615385 0.03125 0.04326923076923077
0 0.6766826923076923 0.12259615384615384 0.03365384615384615 0.05048076923076923
0 0.6766826923076923 0.3473557692307692 0.03125 0.038461538461538464
0 0.4050480769230769 0.5252403846153846 0.028846153846153848 0.036057692307692304
0 0.19471153846153846 0.43990384615384615 0.028846153846153848 0.036057692307692304
0 0.18990384615384615 0.515625 0.028846153846153848 0.03365384615384615
0 0.265625 0.7307692307692307 0.03365384615384615 0.036057692307692304
0 0.24158653846153846 0.8557692307692307 0.026442307692307692 0.03365384615384615
0 0.36538461538461536 0.44711538461538464 0.03125 0.026442307692307692