0 0.02283653846153846 0.6057692307692307 0.04567307692307692 0.05048076923076923
0 0.1201923076923077 0.453125 0.04567307692307692 0.055288461538461536
0 0.15384615384615385 0.4723557692307692 0.05048076923076923 0.06009615384615385
0 0.13701923076923078 0.5204326923076923 0.040865384615384616 0.04326923076923077
0 0.30528846153846156 0.48677884615384615 0.04807692307692308 0.06009615384615385
0 0.34975961538461536 0.5084134615384616 0.03125 0.04326923076923077
0 0.3329326923076923 0.5132211538461539 0.038461538461538464 0.038461538461538464
0 0.30649038461538464 0.5360576923076923 0.036057692307692304 0.040865384615384616
0 0.4375 0.6069711538461539 0.04326923076923077 0.05048076923076923
0 0.49399038461538464 0.5805288461538461 0.040865384615384616 0.04567307692307692
0 0.5024038461538461 0.6069711538461539 0.040865384615384616 0.05048076923076923
0 0.4735576923076923 0.6382211538461539 0.04326923076923077 0.052884615384615384
0 0.38461538461538464 0.546875 0.03365384615384615 0.04326923076923077
0 0.4170673076923077 0.5036057692307693 0.03365384615384615 0.04807692307692308
0 0.5697115384615384 0.5757211538461539 0.052884615384615384 0.057692307692307696
0 0.6394230769230769 0.6682692307692307 0.04807692307692308 0.06490384615384616
0 0.5901442307692307 0.9134615384615384 0.05048076923076923 0.0625
0 0.6730769230769231 0.5961538461538461 0.04326923076923077 0.040865384615384616
0 0.6706730769230769 0.5709134615384616 0.038461538461538464 0.040865384615384616
0 0.6862980769230769 0.5276442307692307 0.036057692307692304 0.038461538461538464
0 0.7151442307692307 0.5504807692307693 0.03365384615384615 0.038461538461538464
0 0.7367788461538461 0.5721153846153846 0.04326923076923077 0.05048076923076923
0 0.75 0.49399038461538464 0.04567307692307692 0.04807692307692308
0 0.7632211538461539 0.4206730769230769 0.05048076923076923 0.06490384615384616
0 0.7079326923076923 0.46634615384615385 0.036057692307692304 0.04567307692307692
0 0.6875 0.49278846153846156 0.038461538461538464 0.03365384615384615
0 0.6262019230769231 0.4543269230769231 0.04807692307692308 0.052884615384615384
0 0.6766826923076923 0.4074519230769231 0.04807692307692308 0.06490384615384616
0 0.5673076923076923 0.4651442307692308 0.04326923076923077 0.057692307692307696
0 0.48197115384615385 0.4387019230769231 0.026442307692307692 0.038461538461538464
0 0.4807692307692308 0.3701923076923077 0.04326923076923077 0.04326923076923077
0 0.46033653846153844 0.2848557692307692 0.040865384615384616 0.05048076923076923
0 0.40384615384615385 0.19831730769230768 0.04567307692307692 0.057692307692307696
0 0.3269230769230769 0.36778846153846156 0.04807692307692308 0.04567307692307692
0 0.32572115384615385 0.4206730769230769 0.04326923076923077 0.052884615384615384
0 0.17668269230769232 0.2283653846153846 0.05048076923076923 0.05048076923076923
0 0.1045673076923077 0.31971153846153844 0.05048076923076923 0.07211538461538461
0 0.2512019230769231 0.11778846153846154 0.06009615384615385 0.06009615384615385
0 0.3004807692307692 0.07692307692307693 0.04567307692307692 0.06009615384615385
0 0.29927884615384615 0.03245192307692308 0.040865384615384616 0.04326923076923077
0 0.2776442307692308 0.051682692307692304 0.04326923076923077 0.038461538461538464
0 0.3485576923076923 0.0985576923076923 0.052884615384615384 0.055288461538461536
0 0.3161057692307692 0.1466346153846154 0.04807692307692308 0.057692307692307696
0 0.28846153846153844 0.14302884615384615 0.04807692307692308 0.06009615384615385
0 0.2127403846153846 0.24879807692307693 0.03365384615384615 0.040865384615384616
0 0.37740384615384615 0.03125 0.05048076923076923 0.0625
0 0.40865384615384615 0.03245192307692308 0.055288461538461536 0.0625
0 0.3942307692307692 0.09014423076923077 0.06490384615384616 0.0673076923076923
0 0.5372596153846154 0.0673076923076923 0.052884615384615384 0.04807692307692308
0 0.5096153846153846 0.11899038461538461 0.036057692307692304 0.040865384615384616
0 0.5240384615384616 0.1875 0.04567307692307692 0.05048076923076923
0 0.5709134615384616 0.18028846153846154 0.036057692307692304 0.04567307692307692
0 0.6141826923076923 0.09495192307692307 0.04326923076923077 0.06009615384615385
0 0.6225961538461539 0.28966346153846156 0.040865384615384616 0.05048076923076923
0 0.6382211538461539 0.20793269230769232 0.040865384615384616 0.04807692307692308
0 0.7956730769230769 0.21394230769230768 0.04567307692307692 0.055288461538461536
0 0.8064903846153846 0.15504807692307693 0.04807692307692308 0.04567307692307692
0 0.8449519230769231 0.25841346153846156 0.04567307692307692 0.06009615384615385