0 0.27685546875 0.34741889405015847 0.01513671875 0.027514179460954358
0 0.0693359375 0.37060546875 0.0185546875 0.0185546875
0 0.0419921875 0.303692331815288 0.00927734375 0.025605338822842993
0 0.06201171875 0.24260502994757427 0.00927734375 0.017792838822842993
0 0.1103515625 0.16569986812065568 0.01416015625 0.024510492479602408
0 0.193359375 0.2746442872057451 0.01513671875 0.027514179460954358
0 0.234375 0.24419255898896564 0.01513671875 0.020678241960954358
0 0.28515625 0.26768833595866737 0.01025390625 0.016401994554194887
0 0.31591796875 0.21897063354608282 0.015625 0.019250397951630305
0 0.34716796875 0.2771495251428224 0.01708984375 0.021802803423658035
0 0.36083984375 0.2560940011538959 0.01904296875 0.028786739886361823
0 0.30126953125 0.2967407820163612 0.01708984375 0.016919990923658146
0 0.3447265625 0.35692436759620205 0.01416015625 0.024510492479602464
0 0.48828125 0.2864761313374743 0.0146484375 0.02454749222027841
0 0.4833984375 0.3576469099942337 0.015625 0.018273835451630194
0 0.484130859375 0.37060546875 0.01513671875 0.0185546875
0 0.45703125 0.367431640625 0.021484375 0.02490234375
0 0.416748046875 0.375244140625 0.01318359375 0.00927734375
0 0.4296875 0.35341610021858766 0.015625 0.023644929201630194
0 0.4130859375 0.3253772164015698 0.0166015625 0.0246954911829822
0 0.43701171875 0.3108689166084485 0.01123046875 0.02331193153554678
0 0.4501953125 0.32451836111019794 0.01416015625 0.018162836229602464
0 0.12158203125 0.34844262408510895 0.01806640625 0.02773617790500993
0 0.1025390625 0.3142410827214708 0.0166015625 0.0198126786829822
0 0.10693359375 0.28558777255538725 0.015625 0.018273835451630305
0 0.0341796875 0.26815151516610314 0.02099609375 0.022587082599065722
0 0.1904296875 0.1762334731498007 0.01220703125 0.025827337266898676
0 0.861083984375 0.015625 0.04052734375 0.03125
0 0.75244140625 0.04048840247673885 0.05126953125 0.058084191520974215
0 0.63916015625 0.10229499856355811 0.0537109375 0.05045669022435395
0 0.7158203125 0.361328125 0.0595703125 0.037109375
0 0.41552734375 0.41269942931822995 0.0263671875 0.023482360996501028
0 0.35107421875 0.4542044888374547 0.02392578125 0.05601220604312129
0 0.296142578125 0.38720703125 0.02294921875 0.0146484375
0 0.28369140625 0.4261073280507351 0.0263671875 0.04154876724650103
0 0.21630859375 0.3980101672640155 0.0205078125 0.032315707858389775
0 0.25 0.45551577890737527 0.02734375 0.05382979797785292
0 0.128173828125 0.38623046875 0.02978515625 0.0126953125
0 0.1142578125 0.403301706815288 0.0322265625 0.03369198288461239
0 0.0830078125 0.4842829714685485 0.03271484375 0.02005710762528823
0 0.01953125 0.4544249690064213 0.03076171875 0.03358098366258455
0 0.01806640625 0.510009765625 0.0361328125 0.03857421875
0 0.0244140625 0.6039573153496618 0.03466796875 0.03778323158799202
0 0.08544921875 0.6481604727651686 0.02978515625 0.029112452931232546
0 0.2001953125 0.6130983462063218 0.0302734375 0.044774452671908715
0 0.22998046875 0.723634330775089 0.0302734375 0.046727577671908715
0 0.271484375 0.6907041965676337 0.03466796875 0.06073245033799202
0 0.28759765625 0.6450496113753275 0.03271484375 0.04495945137528823
0 0.2763671875 0.5804709179108742 0.03466796875 0.020205106587992017
0 0.2421875 0.5737835560081903 0.0361328125 0.07744501206002008
0 0.30615234375 0.5030186212296416 0.0234375 0.04620958130244546
0 0.33984375 0.5527117328730013 0.0224609375 0.04222933182109356
0 0.4033203125 0.5210462978351285 0.02294921875 0.0451960190617694
0 0.468994140625 0.3974609375 0.02392578125 0.03515625
0 0.2734375 0.7706343226049299 0.02978515625 0.033506984181232546
0 0.012451171875 0.7470703125 0.02490234375 0.068359375
0 0.1953125 0.9059488123630811 0.041015625 0.05388922821677933
0 0.373046875 0.6346684067570372 0.037109375 0.045292449041371974
0 0.47412109375 0.5244703979371166 0.02880859375 0.030015015949880763
0 0.451171875 0.479334385748886 0.03857421875 0.022454229513399593
0 0.17822265625 0.5429859907867391 0.03759765625 0.0389817925320477
0 0.7490234375 0.8292811598631203 0.0693359375 0.058476619425984255
0 0.60986328125 0.9033026484557647 0.09228515625 0.062168732237753765