0 0.4010846458564055 0.3500214562222732 0.029928493695782654 0.03320065366255287
0 0.37527637501730415 0.2600388671900744 0.01720844819928946 0.017371102120425475
0 0.14951580958725605 0.23073926745234186 0.03675206469753606 0.02551599837638263
0 0.4437768420311934 0.40598024274851474 0.03123688502445554 0.030784816355318823
0 0.3109315545923324 0.4840673171185134 0.023474599494739845 0.023821034141489172
0 0.2377884778862132 0.21991074117454126 0.02062641694928946 0.017430762986879234
0 0.38532511133028846 0.188005834012415 0.021615345947536113 0.0252517859678012
0 0.6431010815049385 0.33969195211255615 0.03106731762758419 0.05858275568163096
0 0.5886464783476385 0.2756284128975202 0.05807268131113896 0.07661259867049597
0 0.5615807791274462 0.14313978617255552 0.02667278637758419 0.058506048853333104
0 0.6465154866763574 0.20227184633950662 0.04677963159260812 0.07544000760929037
0 0.592831527604744 0.10446576298893878 0.04833909527270219 0.03888709770666621
0 0.6777793501291997 0.13329029373220197 0.043868868078627 0.06807317395468049
0 0.7434709795242718 0.18200403967418838 0.043737897131090886 0.04319639914744644
0 0.7406525905084912 0.2524443843880181 0.03964390422549846 0.040198527800070494
0 0.795304487968347 0.15176963677277044 0.02082652635312865 0.028164427505957268
0 0.826885568319722 0.18690278916745162 0.03486152066606696 0.02645846895269477
0 0.8185709236168799 0.25548376167142306 0.02646686796327069 0.024848734527020966
0 0.7579599706937534 0.33182115361496856 0.03572528772725181 0.03232636693361668
0 0.6435631328038496 0.40029848797901 0.03280215771502404 0.017155556259928817
0 0.6131070129314338 0.4590005653935487 0.03496775861710977 0.03572728972177286
0 0.539306640625 0.041015625 0.01904296875 0.0556640625
0 0.55517578125 0.3427734375 0.05078125 0.052734375
0 0.9416897521744662 0.4146477655784455 0.03696454059962173 0.04405363991453859
0 0.5970411310504348 0.2769483659718465 0.026266010082133695 0.052158392603333104
0 0.586181640625 0.592041015625 0.02099609375 0.03564453125
0 0.09326585199797083 0.9122061059281599 0.04180369611710977 0.03584661145468049
0 0.019287109375 0.74658203125 0.03857421875 0.0302734375
0 0.22977793510635958 0.9142227255009272 0.021233302648578922 0.03451208375595727
0 0.16154297356612346 0.9554976202346144 0.04256122522725181 0.03244568866652442
0 0.029292384136213212 0.714858831424968 0.032025704618863116 0.027872174817162865
0 0.030773906440338616 0.8218861779651098 0.021158355181801536 0.02573154423687929
0 0.7514826616429051 0.6999728594277332 0.022247713120616464 0.01989773817964524
0 0.5905070500415299 0.6670982969773771 0.03186925219753606 0.025430768567162865
0 0.6278688155396386 0.8839743501431221 0.02415062365033227 0.02675924462241097
0 0.705485861826322 0.928080490312059 0.021759431870616464 0.01988921519872333
0 0.6728053024697787 0.7766256016653921 0.021271150620616464 0.01988069221780142
0 0.7367184347948988 0.8586106564547542 0.022748360868863116 0.02771023817964524
0 0.7897104396340922 0.8083141073987264 0.020400826071659273 0.029132467025035247
0 0.8037109375 0.618408203125 0.01953125 0.01708984375