0 0.3401117559495521 0.38146069085439854 0.019352609106149443 0.07155451502335068
0 0.4766859539022501 0.464464464995805 0.0290784637851762 0.06274299494985532
0 0.43775380226349025 0.381236115119445 0.038284789104866546 0.046754863380034685
0 0.5944974394373855 0.27543835026950303 0.016800414104866546 0.04608812420839126
0 0.30859375 0.017252604166666668 0.0244140625 0.034505208333333336
0 0.33361857100066183 0.12413254772815441 0.04067506208504379 0.035111879194994255
0 0.829345703125 0.024088541666666668 0.03076171875 0.048177083333333336
0 0.916015625 0.01171875 0.0439453125 0.0234375
0 0.9376991771553961 0.08757630738365245 0.0520276825351762 0.06345519361047458
0 0.8458884240198636 0.19343631791151691 0.05123008647955607 0.10444051228449085
0 0.826416015625 0.5358072916666666 0.03369140625 0.06770833333333333
0 0.982177734375 0.2874348958333333 0.03564453125 0.046223958333333336
0 0.9714622529367645 0.32882594430410966 0.04560900785486677 0.046982160824913244
0 0.9570439151509673 0.3811057244143527 0.03878159256650382 0.04872314154302663
0 0.921441994959153 0.38976516851594406 0.03967009221292006 0.02857115620234385
0 0.990478515625 0.3873697916666667 0.01904296875 0.057291666666666664
0 0.09228515625 0.5979817708333334 0.0595703125 0.056640625
0 0.1162043685915396 0.7087473678119794 0.07316297240858283 0.09600782128579273
0 0.021240234375 0.8059895833333334 0.04248046875 0.08984375
0 0.33641669715485667 0.8268944161583338 0.06830288580628174 0.10106462298920722
0 0.37298065061007957 0.7030460565457181 0.036385638111901875 0.059064042394733875
0 0.5860982090365405 0.6497721554398445 0.03259017686318488 0.08433344209079863
0 0.6217029699655672 0.6417637530049198 0.032082010452698206 0.07976099726114001
0 0.669582939837691 0.6497591796447925 0.05587427705371617 0.04990454391440983
0 0.77783203125 0.5934244791666666 0.0634765625 0.047526041666666664
0 0.819091796875 0.5947265625 0.01904296875 0.050130208333333336
0 0.8476316600166769 0.8400916440277202 0.03602234929924664 0.08769472256507527
0 0.886333711941234 0.8705856189040801 0.04268784256650382 0.04884436684696188