0 0.4365234375 0.196671496660439 0.01904296875 0.026610953886351096
0 0.15869140625 0.20523439861341908 0.03369140625 0.0421981059143135
0 0.10107421875 0.2908975902201004 0.01904296875 0.02465782888635104
0 0.7158203125 0.3390555000749823 0.02099609375 0.02087674082341273
0 0.9677734375 0.2238537337059353 0.021484375 0.035556468807678154
0 0.56103515625 0.293212890625 0.0224609375 0.02685546875
0 0.7734375 0.25973996471830096 0.01806640625 0.023130404167820195
0 0.77197265625 0.08484140576550481 0.0224609375 0.028783112276209
0 0.91015625 0.22943880031261665 0.0234375 0.033240224494739845
0 0.59130859375 0.17824439533730208 0.0224609375 0.035619049776209
0 0.17822265625 0.4886812899997702 0.04833984375 0.06755088294227585
0 0.120849609375 0.428955078125 0.04150390625 0.09814453125
0 0.01123046875 0.552490234375 0.0224609375 0.06201171875
0 0.4814453125 0.6135814307285916 0.0537109375 0.025902890769195386
0 0.2626953125 0.6381375125276866 0.05615234375 0.0807468431905225
0 0.189453125 0.7081509711378747 0.06884765625 0.04982211453142327
0 0.03955078125 0.718076042468393 0.0546875 0.05233265923772623
0 0.2080078125 0.9359025095399603 0.03369140625 0.0612410746643135
0 0.275390625 0.9558455963685873 0.03173828125 0.06551044397725181
0 0.250732421875 0.408203125 0.04931640625 0.056640625
0 0.46240234375 0.5254470393422405 0.0390625 0.07818683249123304
0 0.5146484375 0.5117052774086397 0.0205078125 0.06869701283914731
0 0.33251953125 0.8262058017776406 0.06201171875 0.07575123525170735
0 0.26904296875 0.726434913823137 0.04638671875 0.05375384600521427
0 0.64404296875 0.7519703732235152 0.0537109375 0.060570859519195386
0 0.77783203125 0.7581025596622384 0.03759765625 0.05465546103843688
0 0.86572265625 0.7139301593300127 0.03564453125 0.05550686160137519
0 0.74267578125 0.4409082385451286 0.0595703125 0.05411040783038035
0 0.83056640625 0.4851147444629029 0.03173828125 0.06795185022725181
0 0.983642578125 0.415771484375 0.03271484375 0.06494140625
0 0.99267578125 0.513916015625 0.0146484375 0.06591796875
0 0.96728515625 0.6291299863072186 0.0322265625 0.09288548446151723
0 0.97314453125 0.98583984375 0.0537109375 0.0283203125
0 0.57861328125 0.5866446358319499 0.0478515625 0.043105529958010536