0 0.29177013108003447 0.2923558927649741 0.0222799160570748 0.03530563588303415
0 0.3317405960900821 0.3184056221011521 0.026117976823611055 0.03258066627085854
0 0.1865234375 0.4755859375 0.029296875 0.0283203125
0 0.03076171875 0.48388671875 0.025390625 0.01171875
0 0.2330972352308157 0.27168140971163035 0.02980829425097653 0.023508040408682818
0 0.5590990454036455 0.275077888608988 0.029467756340147755 0.029830106922704824
0 0.5461662953559894 0.2216014112656246 0.036258234351171925 0.028235238226397508
0 0.6043159988254989 0.28575851530494645 0.038211359351171925 0.028337597170309703
0 0.5994461842236978 0.20092760275125376 0.025402398128732795 0.022789451534880434
0 0.4515757030664278 0.23179931097186146 0.040164484351171925 0.028439956114221898
0 0.555908203125 0.469970703125 0.02685546875 0.03955078125
0 0.2173610360473089 0.14961524974446455 0.030955329834635448 0.030883438630638915
0 0.22262862117764737 0.21735631854815723 0.028128334441319458 0.05609493547879263
0 0.5143407694364366 0.03464917705324913 0.04767054105707458 0.036636302153892575
0 0.39707126579179675 0.15805571008438601 0.036451437179318535 0.03653601947639751
0 0.4914081565835935 0.34779514925195165 0.03814317011770818 0.025407909670309703
0 0.615234375 0.4755859375 0.025390625 0.0283203125
0 0.6396484375 0.28271484375 0.0205078125 0.0556640625
0 0.14444271425154043 0.4259202019014501 0.03113716779053821 0.038695938630638915
0 0.5776103146971135 0.17289500614626357 0.022381791650781357 0.01872966311901214
0 0.713134765625 0.012451171875 0.05908203125 0.02490234375
0 0.663818359375 0.02587890625 0.02783203125 0.0517578125
0 0.802734375 0.473876953125 0.0556640625 0.03173828125
0 0.93115234375 0.469970703125 0.048828125 0.03955078125
0 0.028404291117642977 0.7186005614674674 0.05328029712419702 0.047171695499651056
0 0.034545338384808666 0.8328307079650723 0.053586740418294365 0.03938478523562905
0 0.013916015625 0.884033203125 0.02783203125 0.04833984375
0 0.8778922605219177 0.861242998076899 0.05334848635766065 0.050101382999651056
0 0.7382381737405161 0.5601090460334848 0.04889794725941843 0.08937067715389257