0 0.615234375 0.3603515625 0.0751953125 0.0185546875
0 0.73095703125 0.34521484375 0.0654296875 0.048828125
0 0.8235715920888715 0.2866661497217018 0.06402592776393523 0.08024479555334374
0 0.8963138803179227 0.23680130314510445 0.03827874093876904 0.0657561252684633
0 0.839599609375 0.0234375 0.05419921875 0.046875
0 0.00537109375 0.61328125 0.0107421875 0.060546875
0 0.04026297761512654 0.6844520706132224 0.036514107321659384 0.03062546500444141
0 0.163818359375 0.379638671875 0.03271484375 0.02001953125
0 0.18273279804009823 0.45358151536426916 0.034904429171281004 0.07385218863063892
0 0.26478728408199587 0.5413863915516938 0.040156918471991654 0.05709501144835355
0 0.31884765625 0.39453125 0.0283203125 0.0498046875
0 0.3447265625 0.3828125 0.037109375 0.0263671875
0 0.48388671875 0.38720703125 0.052734375 0.03515625
0 0.507568359375 0.513916015625 0.02392578125 0.08349609375
0 0.50927734375 0.876953125 0.0205078125 0.06640625
0 0.45217505831257065 0.8279680888892673 0.05735300017303446 0.06724240622160726
0 0.419524292485697 0.754231391340016 0.03509217207687376 0.07678187613063892
0 0.4459628638738935 0.6239965513355747 0.042504453269195386 0.055758116378243794
0 0.21444185542981825 0.6655253201330814 0.03877357967654127 0.05069617572639751
0 0.16390005976029054 0.5878270405790398 0.042385848819906036 0.03871945210019989
0 0.06797191355205029 0.8951357495198591 0.042066386489479635 0.048922178878243905
0 0.09271630792612762 0.9678170390947591 0.04132122387758419 0.0600758784203097
0 0.207763671875 0.976318359375 0.05322265625 0.04736328125
0 0.5789601128702948 0.8460240611576834 0.02317406115033227 0.027493135883034148
0 0.614578414169206 0.9049076033191104 0.02173395039682552 0.04299018720314374
0 0.6572265625 0.9921875 0.03125 0.015625
0 0.6524445698020502 0.9377075213427128 0.02632859105066454 0.05393709259096813
0 0.6291033654946478 0.49702193648293236 0.022460189022702193 0.039135116675099946
0 0.5283203125 0.491455078125 0.017578125 0.05029296875
0 0.523193359375 0.575439453125 0.00732421875 0.03173828125
0 0.8234764024893877 0.5103514907716036 0.03451076785137519 0.03733345382455111
0 0.8703055000749823 0.6142101636714037 0.022760727367109768 0.03623101891107794
0 0.9114667079526584 0.5302361700034892 0.030391293471991654 0.05658321672879263
0 0.9527319083494838 0.5702067683612235 0.02768719684962173 0.044762107784880434
0 0.9092297231623763 0.6405856562370721 0.02499546672549835 0.040727909104990134
0 0.8890275095399603 0.6999450220499964 0.027593325396825463 0.04329726403488032
0 0.9857639689980169 0.6728288288684089 0.020175235194029195 0.04144857424520976
0 0.73095703125 0.974609375 0.0234375 0.05078125
0 0.7809281134297723 0.7790984385609254 0.03439141492478792 0.05825277836661691
0 0.8196769601098204 0.8103823333625718 0.029164407097868383 0.05262578725683653
0 0.8143480263877367 0.8954179638040889 0.02768719684962173 0.04476210778488032