0 0.6826923076923077 0.12620192307692307 0.08173076923076923 0.07692307692307693
0 0.7127403846153846 0.2403846153846154 0.07692307692307693 0.07451923076923077
0 0.8317307692307693 0.37259615384615385 0.10096153846153846 0.09615384615384616
0 0.7475961538461539 0.32572115384615385 0.0889423076923077 0.08653846153846154
0 0.7728365384615384 0.22235576923076922 0.07692307692307693 0.07451923076923077
0 0.8894230769230769 0.30528846153846156 0.11298076923076923 0.11057692307692307
0 0.9254807692307693 0.24639423076923078 0.09134615384615384 0.08173076923076923
0 0.6466346153846154 0.48677884615384615 0.09615384615384616 0.09615384615384616
0 0.6334134615384616 0.7920673076923077 0.08173076923076923 0.07692307692307693
0 0.5480769230769231 0.8161057692307693 0.08413461538461539 0.07932692307692307
0 0.4411057692307692 0.90625 0.10336538461538461 0.0985576923076923
0 0.3629807692307692 0.9182692307692307 0.06971153846153846 0.06490384615384616
0 0.37259615384615385 0.8605769230769231 0.06490384615384616 0.0625
0 0.3545673076923077 0.8293269230769231 0.07692307692307693 0.07211538461538461
0 0.25841346153846156 0.7932692307692307 0.06490384615384616 0.06490384615384616
0 0.3016826923076923 0.7007211538461539 0.06009615384615385 0.06009615384615385
0 0.08052884615384616 0.6081730769230769 0.055288461538461536 0.08173076923076923
0 0.13822115384615385 0.3004807692307692 0.0985576923076923 0.09375
0 0.17668269230769232 0.19230769230769232 0.07451923076923077 0.07211538461538461
0 0.1875 0.40865384615384615 0.08413461538461539 0.08173076923076923
0 0.4543269230769231 0.21394230769230768 0.09615384615384616 0.09375
0 0.4831730769230769 0.5168269230769231 0.09134615384615384 0.0889423076923077