0 0.6370192307692307 0.5949519230769231 0.0889423076923077 0.07211538461538461
0 0.6394230769230769 0.4579326923076923 0.07692307692307693 0.07451923076923077
0 0.7584134615384616 0.3942307692307692 0.11538461538461539 0.07451923076923077
0 0.6947115384615384 0.21995192307692307 0.10336538461538461 0.07451923076923077
0 0.4639423076923077 0.47115384615384615 0.07211538461538461 0.0889423076923077
0 0.4807692307692308 0.8305288461538461 0.0985576923076923 0.08413461538461539
0 0.2127403846153846 0.39663461538461536 0.07451923076923077 0.09615384615384616
0 0.375 0.3641826923076923 0.07211538461538461 0.07692307692307693
0 0.8197115384615384 0.028846153846153848 0.07692307692307693 0.057692307692307696
0 0.1141826923076923 0.1814903846153846 0.10576923076923077 0.08653846153846154
0 0.06490384615384616 0.22716346153846154 0.08653846153846154 0.08413461538461539
0 0.5408653846153846 0.8978365384615384 0.10336538461538461 0.0673076923076923
0 0.20192307692307693 0.019230769230769232 0.07692307692307693 0.038461538461538464