0 0.1310096153846154 0.5877403846153846 0.06009615384615385 0.06490384615384616
0 0.08413461538461539 0.5817307692307693 0.055288461538461536 0.07451923076923077
0 0.1658653846153846 0.4639423076923077 0.06009615384615385 0.0889423076923077
0 0.1935096153846154 0.3389423076923077 0.07451923076923077 0.09615384615384616
0 0.08653846153846154 0.23317307692307693 0.06971153846153846 0.0889423076923077
0 0.41586538461538464 0.23798076923076922 0.06971153846153846 0.10336538461538461
0 0.4495192307692308 0.36538461538461536 0.038461538461538464 0.06009615384615385
0 0.5612980769230769 0.7439903846153846 0.05048076923076923 0.08173076923076923
0 0.4831730769230769 0.7319711538461539 0.06490384615384616 0.06971153846153846
0 0.4807692307692308 0.5925480769230769 0.06971153846153846 0.06490384615384616
0 0.6069711538461539 0.5697115384615384 0.09375 0.0673076923076923
0 0.6598557692307693 0.43509615384615385 0.036057692307692304 0.08413461538461539
0 0.6959134615384616 0.44471153846153844 0.036057692307692304 0.08173076923076923
0 0.7439903846153846 0.4411057692307692 0.06009615384615385 0.05048076923076923
0 0.8521634615384616 0.5252403846153846 0.06971153846153846 0.08413461538461539
0 0.7536057692307693 0.6141826923076923 0.0673076923076923 0.08173076923076923
0 0.7716346153846154 0.7487980769230769 0.0673076923076923 0.036057692307692304
0 0.5432692307692307 0.9651442307692307 0.09134615384615384 0.06490384615384616
0 0.8149038461538461 0.7043269230769231 0.052884615384615384 0.0625