0 0.42041015625 0.019287109375 0.021484375 0.03857421875
0 0.4781249302464552 0.1214577452414844 0.040207050780992626 0.03874846644888663
0 0.4915947250417747 0.16059650802521636 0.026449945971772637 0.03346784301593814
0 0.5249100111626267 0.265042315626206 0.03120244242049597 0.05410352331581447
0 0.5038798254889387 0.2676063645589483 0.020778076552056324 0.044039540116103115
0 0.42529296875 0.409423828125 0.03125 0.05224609375
0 0.5589939813356088 0.6330037153606802 0.04517509309021239 0.04377335428208262
0 0.607680795965963 0.5837598145953606 0.0514801344356024 0.04151664596523719
0 0.6293306879095085 0.5177334106959379 0.0501601813612762 0.04977480461527839
0 0.557267143114189 0.4802995519105565 0.05514774096978692 0.027958431231793757
0 0.62114786602355 0.3993794251456493 0.0278015196323399 0.05498063308257728
0 0.5968371882631945 0.3102886744115874 0.03504050857312013 0.05031093358237115
0 0.5682611863355351 0.32576114884412355 0.032720895393475 0.02925800969909287
0 0.6692878475060311 0.26962594826360803 0.033121475496808106 0.05220722844909276
0 0.6565691840004266 0.10357668307983484 0.04268254895468049 0.04077262911548457
0 0.7923746126729083 0.04008509138362859 0.02684200309418383 0.055928780515938165
0 0.7658358565858879 0.13455967558292756 0.032616148284964064 0.051216458415773214
0 0.7148610493621295 0.17508555151484512 0.03315556742049597 0.05416035344909281
0 0.7527729469376621 0.23986691759927808 0.03230079799085095 0.03315005216577327
0 0.7322079449086552 0.2716994264653812 0.03841586241851003 0.047968980065608235
0 0.8606646948569519 0.12594403911892754 0.04098511338234001 0.05536423648220623
0 0.8658301280962435 0.22144825865245327 0.054742218191559555 0.06064485991515467
0 0.8575076116097908 0.36273203030228834 0.03879334491652431 0.041635531348927834
0 0.8358808172715643 0.3994757667350306 0.04281891664943216 0.04858512911548463
0 0.8011300900497915 0.43318513781740176 0.04738637885531882 0.030660798198680395
0 0.8490778766773803 0.45423952951876256 0.04566337434021239 0.043787561815402
0 0.9482756772556782 0.44696086900488624 0.05574434963432573 0.06213811873179387
0 0.04296875 0.981689453125 0.025390625 0.03662109375
0 0.28824343826319454 0.8964378195932988 0.037379639052056324 0.04452259624896904
0 0.2712751341832639 0.7222156409594019 0.037635328479715735 0.05917103374896909
0 0.6782435359181573 0.7339164261270308 0.0629431950079431 0.02720918926490723
0 0.6989437966733351 0.7782131696609689 0.05699859019872322 0.022155886365072153
0 0.611179907418584 0.8573880593085359 0.05820527318361668 0.03536789518171135
0 0.49586524528425835 0.9212594971053195 0.06433985491056715 0.023345561864866027
0 0.541748046875 0.7001953125 0.04541015625 0.0205078125
0 0.8792900375417747 0.763204964866041 0.05379974761524764 0.06256956984851547
0 0.5018233157492943 0.9713535603888452 0.04330719789943216 0.048599336648804226
0 0.5104501882114911 0.7846738400223299 0.0419616758823399 0.05539265154884543