0 0.06551431514121009 0.44138747187668126 0.020059674817162865 0.03163919554577177
0 0.12889576248220197 0.9080312678124475 0.08052490031397086 0.08707428883537527
0 0.05564147169525213 0.9596185880430922 0.0569449809757443 0.04933671063159362
0 0.8649197849067433 0.8976267187019534 0.07255046367645324 0.07725064186706665
0 0.7783015554015655 0.846593076447125 0.04990449193361668 0.03713994531557363
0 0.8974663869754652 0.7415063747217552 0.04060157924085073 0.03502636649383195
0 0.9455359666734089 0.7883778010861844 0.030035903002765263 0.07232699311751323
0 0.9725800499722732 0.6954267240456876 0.03353304991851025 0.04916264472666754
0 0.72021484375 0.540771484375 0.0380859375 0.02197265625
0 0.707952238740145 0.6197235083731927 0.02744960607709168 0.06385549211179176
0 0.7209070743741178 0.7457819708586657 0.04206395165340371 0.06292668564612058
0 0.48388671875 0.537109375 0.0283203125 0.0146484375
0 0.481689453125 0.644287109375 0.02392578125 0.04736328125
0 0.609619140625 0.9814453125 0.04248046875 0.037109375