0 0.7824519230769231 0.59375 0.10336538461538461 0.10336538461538461
0 0.6490384615384616 0.5336538461538461 0.10096153846153846 0.10336538461538461
0 0.734375 0.48677884615384615 0.10576923076923077 0.10336538461538461
0 0.8052884615384616 0.4579326923076923 0.08413461538461539 0.07692307692307693
0 0.6730769230769231 0.4338942307692308 0.11298076923076923 0.10576923076923077
0 0.7475961538461539 0.6694711538461539 0.0625 0.06490384615384616
0 0.4483173076923077 0.6862980769230769 0.10336538461538461 0.09615384615384616
0 0.296875 0.6766826923076923 0.1201923076923077 0.1201923076923077
0 0.3954326923076923 0.47716346153846156 0.09375 0.0985576923076923
0 0.265625 0.4206730769230769 0.10817307692307693 0.10096153846153846
0 0.0889423076923077 0.44711538461538464 0.09375 0.0889423076923077
0 0.21153846153846154 0.3762019230769231 0.11057692307692307 0.11057692307692307
0 0.25240384615384615 0.9699519230769231 0.09134615384615384 0.055288461538461536
0 0.21394230769230768 0.4795673076923077 0.08413461538461539 0.08653846153846154