0 0.05125559159330511 0.03915172680643672 0.03461216872683319 0.028132879282485257
0 0.9121853997750096 0.37721255300314027 0.033017118023379366 0.03828442658857312
0 0.9598090535355298 0.04599119494979656 0.03908110690712019 0.04445087842030965
0 0.711669921875 0.476806640625 0.02587890625 0.02587890625
0 0.25152848461845645 0.647889786861874 0.052737486500283426 0.08659452806976087
0 0.35410009368227147 0.6014235480985499 0.06819197493049955 0.08253058712105821
0 0.370361328125 0.513671875 0.04638671875 0.0478515625
0 0.443359375 0.53515625 0.080078125 0.0908203125
0 0.47295396051392224 0.6710167846857746 0.05466115573855834 0.05793947273562905
0 0.5607810481364339 0.7906643773335285 0.04972098746524978 0.042084165111826666
0 0.44295336222377024 0.834505929162172 0.0680323122153208 0.06400148935703642
0 0.210205078125 0.500244140625 0.06103515625 0.02099609375
0 0.4041404065778791 0.6756014999586792 0.04742839507582364 0.07413159945998027
0 0.7099284323325722 0.6039866215796903 0.04684865573855834 0.05753003695998038
0 0.7445002964430752 0.613425808811227 0.020935647174601557 0.05519721845314385
0 0.701223090565516 0.7189097672151196 0.04448785872121867 0.0876243463081341
0 0.7755549963619914 0.7042523501104783 0.0491536527327312 0.05375173563987057
0 0.909776519390631 0.5695434588427128 0.03922371846532069 0.0624916949343316
0 0.9912109375 0.88134765625 0.017578125 0.05859375