0 0.37350198671373175 0.3275152242230481 0.02923857704863919 0.0657490129303578
0 0.336930208498907 0.416368983750336 0.02728545204863919 0.0656580734264729
0 0.6376953125 0.2952473958333333 0.0244140625 0.048828125
0 0.6343989892621648 0.24122425508234624 0.025365967232412467 0.0447565354652261
0 0.4850417568954431 0.2455769604628637 0.002958102566639198 0.0014384925891605487
0 0.50399049802934 0.27136027375734945 0.024806648315814472 0.04147859225592162
0 0.4573854411624122 0.26117303018391697 0.024261536932536076 0.038851690713283794
0 0.2606089190752988 0.09148060587474267 0.019724930349340197 0.03213666016287645
0 0.70751953125 0.0283203125 0.0771484375 0.056640625
0 0.93017578125 0.0078125 0.04296875 0.015625
0 0.8991671338087421 0.05562781685854216 0.07079931343191759 0.0702856440545756
0 0.796565194395443 0.219748205014027 0.03639606269785567 0.10315394131798339
0 0.8977455588138967 0.2995865628507726 0.07062882303208251 0.06247314405457575
0 0.9587082095792163 0.23301082464895417 0.06887460349855667 0.07149678788402418
0 0.8624681339492368 0.3961846177501469 0.07714696968191759 0.07058119744220104
0 0.9921875 0.533203125 0.015625 0.08463541666666667
0 0.6826171875 0.515625 0.0654296875 0.09635416666666667
0 0.29297902472657716 0.9476396442927847 0.026328322199092757 0.04415096355050189
0 0.3870453477586597 0.884075226191592 0.021848545749175274 0.040040099666761066
0 0.4230181200930927 0.9344307089511149 0.024403612265731844 0.045362107379950466
0 0.39208984375 0.9736328125 0.0302734375 0.052734375
0 0.4609193596599379 0.9411209302920288 0.023038221248969037 0.04985119441870367
0 0.48808592632488645 0.8585585084081936 0.019032518515731844 0.04511202374426748
0 0.41552734375 0.6201171875 0.025390625 0.041015625
0 0.22887815242340193 0.8003864321768089 0.028542407915979284 0.033847971263691136
0 0.3642651515904123 0.8103421783234849 0.020383701999175274 0.039971895038847606
0 0.271621049708371 0.875791516796764 0.028542407915979395 0.033847971263691136
0 0.5382846674587833 0.8828867896405231 0.02667452811589688 0.03766328175980638
0 0.568146908155402 0.7215028563380788 0.02008011868232984 0.048412701829543124
0 0.4912608991903711 0.8024779855709755 0.020786738049257902 0.03608837991481876
0 0.26171875 0.9830729166666666 0.021484375 0.033854166666666664
0 0.3264094702596906 0.9356770060600771 0.024953948766144318 0.02587632713189277
0 0.3643967766893401 0.7596063980754272 0.02067307778270111 0.030880046581485427
0 0.39324652522121645 0.6893228283543739 0.018776782915979395 0.033393273744267336
0 0.25263344327356685 0.8070849232542207 0.01883361304925768 0.035997440410934
0 0.2726358313540824 0.6728256609285624 0.021218189165979395 0.033506948124123324
0 0.463439318174639 0.8479992370827242 0.022896145915773047 0.04334077775203685
0 0.5056222503878143 0.6808385985476669 0.024360989665773047 0.043408982379950466
0 0.668212890625 0.6673177083333334 0.03662109375 0.053385416666666664
0 0.73291015625 0.9664713541666666 0.041015625 0.06705729166666667
0 0.8115234375 0.9641927083333334 0.0390625 0.07161458333333333
0 0.8864897861411133 0.7163296486866676 0.04466467158216503 0.05736194562810256
0 0.7763671875 0.6162109375 0.033203125 0.033203125
0 0.94091796875 0.9856770833333334 0.0234375 0.028645833333333332
0 0.990478515625 0.9280598958333334 0.01904296875 0.068359375
0 0.9586095785088659 0.7643517089576558 0.03888155936589688 0.03823165365908624