0 0.006591796875 0.468017578125 0.01318359375 0.02490234375
0 0.01140612705948954 0.36881051050697833 0.016878060258358918 0.026049335710954358
0 0.007568359375 0.32373046875 0.01513671875 0.0283203125
0 0.05892986213123108 0.363085141861869 0.01952433021522465 0.029164021914334093
0 0.09216043878396624 0.407327028921889 0.015744390085821958 0.03762008674825057
0 0.14081092424346942 0.3854883790267797 0.018889207226667537 0.0339728349329822
0 0.17627135114092973 0.47505913823423507 0.026746117111791756 0.028254174274473076
0 0.396240234375 0.49072265625 0.00732421875 0.0380859375
0 0.22239472924302284 0.3489648685256068 0.02046674876408039 0.028749740145685987
0 0.1545582344168996 0.48372205563516935 0.01476448143661735 0.016660992738926517
0 0.025167049316104168 0.4528100313840162 0.01281135643661735 0.01651299377622273
0 0.5286867674604383 0.3439520861130027 0.031700563663284775 0.050485828709204816
0 0.633652714181789 0.08536432146264498 0.050729920330100375 0.03784266182691856
0 0.7457422720409435 0.08993101207743638 0.03527564008582207 0.03910007637528831
0 0.7068755072456603 0.4281394888664821 0.040489626163284775 0.05115182404137175
0 0.8467493403204859 0.44953760168115425 0.02731629834726479 0.04335389328379724
0 0.6826015941858083 0.4734235000174165 0.03728678705413069 0.04702357559731629
0 0.7258225089542704 0.3186389204020288 0.04364470923811048 0.04070563446677933
0 0.06320074720073976 0.7536244563111536 0.05179864874955342 0.04618044281759448
0 0.24734794769018997 0.8578981051747722 0.0766565826144292 0.05437808610139183
0 0.3175685092571032 0.9417580649795436 0.04470651787278812 0.07672744774475149
0 0.15157919847800733 0.6199329770599807 0.0385501132464694 0.06508998184731618
0 0.29120398544720905 0.7080703375407364 0.044655415689254685 0.04126791519813128
0 0.09094775980242831 0.8622454688898217 0.04219347757129488 0.05468079201339959
0 0.061767578125 0.98388671875 0.04052734375 0.0322265625
0 0.15141630845252607 0.9311312781497223 0.05669841948194243 0.08152169152097422
0 0.379467075246958 0.8006605062411938 0.038037953979304984 0.05776576309731618
0 0.38623046875 0.609375 0.02734375 0.056640625
0 0.32808819235874975 0.7702603470075158 0.03615311688159362 0.05859432663461239
0 0.6796875 0.525146484375 0.0517578125 0.03076171875
0 0.544544765279138 0.6434494546240959 0.050128941292687745 0.04313975609556664
0 0.8686856439019681 0.8727035561625258 0.04378463119189213 0.06354385399475149
0 0.8549381062421717 0.7042756633973766 0.0378297441232347 0.03395098106934391
0 0.6595711579094339 0.7464123900524062 0.031690297729304984 0.05728476646852876
0 0.4930601043882923 0.6356212321124457 0.03255416244189224 0.06269285995920493
0 0.4432969355969444 0.7997274398397219 0.058477478577016406 0.058343189705705845