0 0.13701923076923078 0.4074519230769231 0.04567307692307692 0.04326923076923077
0 0.09014423076923077 0.3894230769230769 0.05048076923076923 0.055288461538461536
0 0.18028846153846154 0.5516826923076923 0.052884615384615384 0.0625
0 0.22956730769230768 0.6081730769230769 0.040865384615384616 0.04326923076923077
0 0.2704326923076923 0.5612980769230769 0.05048076923076923 0.06490384615384616
0 0.37259615384615385 0.546875 0.036057692307692304 0.040865384615384616
0 0.41346153846153844 0.43990384615384615 0.040865384615384616 0.04326923076923077
0 0.4639423076923077 0.6177884615384616 0.038461538461538464 0.04326923076923077
0 0.3004807692307692 0.7355769230769231 0.04807692307692308 0.055288461538461536
0 0.38221153846153844 0.8822115384615384 0.04807692307692308 0.052884615384615384
0 0.22235576923076922 0.6682692307692307 0.04326923076923077 0.04567307692307692
0 0.3329326923076923 0.59375 0.04807692307692308 0.052884615384615384
0 0.6610576923076923 0.4206730769230769 0.038461538461538464 0.040865384615384616
0 0.6911057692307693 0.49278846153846156 0.04326923076923077 0.052884615384615384
0 0.7115384615384616 0.36658653846153844 0.052884615384615384 0.0625
0 0.4014423076923077 0.9194711538461539 0.04807692307692308 0.05048076923076923
0 0.3485576923076923 0.8810096153846154 0.02403846153846154 0.03365384615384615