0 0.06940762132179368 0.15237244854226717 0.05005895528167015 0.061897506532972824
0 0.13074407140766997 0.2464300076919585 0.04215222766556703 0.041451388118886046
0 0.26364181660758756 0.25123576743406567 0.04986004981519576 0.05506156903297288
0 0.3626806007938349 0.026332565638547134 0.028082541732618593 0.026983217079257438
0 0.39892578125 0.0068359375 0.025390625 0.013671875
0 0.3958762111957318 0.09576299652616377 0.030637608249175274 0.03103166280061964
0 0.37136563159865954 0.19851558042817585 0.027006526499381456 0.02350837004071238
0 0.3988282669823503 0.2128319241517056 0.025825833415773214 0.03318867760789512
0 0.5390625 0.012451171875 0.0283203125 0.02490234375
0 0.8116540654283504 0.09454564415774869 0.01748242956581425 0.03124036840526334
0 0.5783603057787214 0.09416376608978866 0.03395612426593808 0.027812768060526794
0 0.8224516152435463 0.042839894148925306 0.028888613832783516 0.021180720367802275
0 0.48796475146022666 0.023847361572295056 0.025726380682536076 0.029770708857895123
0 0.8839556200930927 0.0302815059329819 0.02410525406602071 0.024314297675077756
0 0.051003169908288515 0.5807473877483034 0.043160962531257785 0.07611935686888605
0 0.0864329448327214 0.8591573778385517 0.049508618781257785 0.07648906574442793
0 0.31103515625 0.830810546875 0.0576171875 0.09033203125
0 0.359130859375 0.75927734375 0.03857421875 0.078125
0 0.650146484375 0.98291015625 0.03662109375 0.0341796875
0 0.6314962490107214 0.7155160059859222 0.019549214832371042 0.03526037498235324
0 0.569409735295072 0.7480939254518657 0.046683609131628945 0.06316327627306562
0 0.518717487794041 0.7084582824089857 0.052633454448680395 0.0498611101486075