0 0.7640179236334199 0.4273368786155975 0.03847165741840963 0.07764342604058753
0 0.7358371722056862 0.35098127205385293 0.04973126465326061 0.04460797370386175
0 0.8566349242802787 0.35329298145479154 0.030829010244751487 0.054462771918764176
0 0.8655949928758453 0.41677757340402666 0.026071766209204927 0.039246231561744636
0 0.9198233501106963 0.38641052332784903 0.04420488731934391 0.050103475668332585
0 0.9474366310955666 0.07607949768653433 0.029171883170159063 0.05954981424025433
0 0.850927373056521 0.0901972387610462 0.044530600364214745 0.06439606958203832
0 0.7457047819026643 0.2335226623211859 0.040890633170159174 0.06027756031131289
0 0.5271156202039564 0.07722438912842566 0.028521033715029898 0.07378176264803867
0 0.43505859375 0.026041666666666668 0.048828125 0.052083333333333336
0 0.7994291353758649 0.13435745484906694 0.03349241493880717 0.05852063568356799
0 0.017822265625 0.8619791666666666 0.03564453125 0.055989583333333336
0 0.09516846447840988 0.8660658476324988 0.03838251206002008 0.05039064429946979
0 0.13312154889274397 0.8917775541045568 0.03411412590908558 0.07802156293060729
0 0.1894201617016107 0.7694174286561242 0.04276975868880717 0.05909676798982281
0 0.0814881515879724 0.7880157569929107 0.036473671421908715 0.04248717604058753
0 0.027042197357216857 0.5919576569794018 0.03129486099650103 0.036975615177646436
0 0.5190548664481116 0.8400704661199141 0.06372156807691853 0.06818282361417527
0 0.59033203125 0.9690755208333334 0.0546875 0.061848958333333336
0 0.8508690960868193 0.6770819242787499 0.05710034439976153 0.08009777398643021
0 0.9459315394259646 0.9029095945291208 0.057743909233678004 0.07429904449235192
0 0.6619861130739962 0.701033019537754 0.04803713783799202 0.049043974358685315
0 0.7192664780943743 0.964087765712008 0.04901370033799202 0.04910461986460687
0 0.6972708147115113 0.9023886260994987 0.05682620033799202 0.04958978391197929