0 0.10111355439164471 0.27610351195267036 0.02963822942380645 0.036818391492334124
0 0.1539274834973522 0.27483430432423106 0.014331037590147533 0.02887739871670092
0 0.1399605300754989 0.26595654092121934 0.02635623088424488 0.021562297124469554
0 0.12628906333198764 0.24438346501820774 0.023494732617708403 0.024372609006605206
0 0.2819375416160371 0.23459709151502534 0.025152779195855013 0.03273307806553738
0 0.323679293670182 0.2680663192240604 0.02505049534565984 0.02833854681553738
0 0.3450276984597437 0.2537851257354225 0.023710665190342928 0.033649952756605095
0 0.33202635092213517 0.22441944576872158 0.027128633940342928 0.03378922431078035
0 0.2041526712703774 0.25879728357792725 0.018680109351171925 0.027103337143497663
0 0.21497359636310737 0.2978490047993852 0.015898165190342928 0.033331617775633204
0 0.39250381191920547 0.2928641984301865 0.03638324794585501 0.03319068460068464
0 0.5039009426656464 0.25243880503641536 0.025345982024001845 0.04103385931553727
0 0.5725022460346787 0.07684241237943404 0.03114853266278228 0.03883120430126635
0 0.5025826174853513 0.30907943003641536 0.034146001139756965 0.020904069605441666
0 0.487536409456814 0.32557239569709295 0.02834345050097653 0.023106724619712526
0 0.48189215051647105 0.3580882800839855 0.02537966838424488 0.02152250525184818
0 0.5191833634723738 0.3517878712436023 0.019588482617708403 0.02421344151611915
0 0.5501723796672523 0.3432756902311794 0.027071809579123363 0.03134781806078035
0 0.526415846731445 0.398024539660885 0.033771368612196095 0.025766986169130757
0 0.4739992798977861 0.403219893225635 0.02065596409565984 0.028159483388740636
0 0.4657330015210066 0.38040082887204163 0.03159094616731761 0.015921777423887784
0 0.3893110993316403 0.38803925030756503 0.03193189233463545 0.030570214923887784
0 0.340006466210373 0.3645254898038688 0.024289865418294365 0.037576098692915894
0 0.24633602031608037 0.3572875012822053 0.01279800460668401 0.025888023407768745
0 0.21206459732515154 0.40183301511307445 0.030796221623220488 0.023694485551266298
0 0.06495637912120189 0.359671733910918 0.03663286687873257 0.022956674286995327
0 0.08921214992276444 0.3254704888538339 0.027128633940342928 0.03378922431078035
0 0.7167448834072045 0.07440104964240385 0.04868119817380645 0.03759433300845327
0 0.6494140625 0.078857421875 0.01953125 0.05322265625
0 0.7192045285803164 0.3046998533733758 0.04102780638522141 0.04411193552748127
0 0.8182063243264754 0.019885966586107084 0.05937792618483062 0.03607891860728962
0 0.985107421875 0.25341796875 0.02978515625 0.048828125
0 0.97900390625 0.009033203125 0.0419921875 0.01806640625
0 0.22160496616271674 0.701015987238091 0.0481937334367839 0.07952683269952099
0 0.2918245059023217 0.8128672004983923 0.05432545711414938 0.0705081361215607
0 0.26443488815685723 0.8347221427513012 0.023290981430295177 0.05753594213398361
0 0.2343416555868051 0.909740053445278 0.05286020510766065 0.04947225049893911
0 0.168701171875 0.98828125 0.03173828125 0.0234375
0 0.46240234375 0.980224609375 0.033203125 0.03955078125
0 0.55810546875 0.983642578125 0.01953125 0.03271484375
0 0.5522813468267573 0.8987466307972636 0.01849949616473534 0.0822194305845656
0 0.546321321002517 0.8188384520662917 0.0324209900976129 0.0725425064875771
0 0.5661829688105682 0.7634421538961 0.020361293930295066 0.05741656651611915
0 0.6266255186779293 0.8753837296801865 0.024971757752929813 0.0668729736929159
0 0.6025366129610676 0.5034452331973664 0.043185907342100815 0.0739567795864135
0 0.5092529809795572 0.4585896924893922 0.029275370024978375 0.06314578711971258
0 0.4918432877807724 0.555629168463759 0.02829839926848965 0.04212979743340184
0 0.3819235904260415 0.5325779993575301 0.030432953967903686 0.02904568336495561
0 0.35709106893546 0.444569660360439 0.03121672189624569 0.04176089180126635
0 0.6910806849603729 0.6027040239067079 0.041539633892686695 0.08706078959117058
0 0.7964974433675776 0.9452105061308014 0.03525975861966152 0.06875563210544167
0 0.9044538756195306 0.905622403682855 0.06005981851946618 0.06537579360728962
0 0.6689423883951383 0.9449004792536962 0.05652860930351569 0.08132990736680368
0 0.838406468762912 0.5515240026136213 0.05539293859210076 0.0744541779941823