0 0.2457771002936845 0.15667201993656543 0.026754001412782058 0.03789878458684637
0 0.16432300923919219 0.2586666686973036 0.019327498812586885 0.0334190283358522
0 0.039368468728167905 0.25816805038093915 0.021326083301562493 0.0353948800027839
0 0.06382839897363235 0.2349404299610245 0.020485899268489538 0.04124289166931794
0 0.2181816900783632 0.25169402910667893 0.023415586768489538 0.04127698166971561
0 0.250732421875 0.281005859375 0.01904296875 0.03759765625
0 0.5625 0.009521484375 0.046875 0.01904296875
0 0.5227027995595916 0.20175503413929108 0.05658543366473534 0.08217931542409063
0 0.8154296875 0.291259765625 0.0556640625 0.01708984375
0 0.94384765625 0.283203125 0.048828125 0.033203125
0 0.36270647428398406 0.6175988407811672 0.04335556391278217 0.03809196125576675
0 0.22863893925928763 0.9247401366317345 0.03077390013522141 0.04282705042071022
0 0.21936363679173132 0.8198960278833254 0.04637576213424477 0.0210418891728974
0 0.24773389960208309 0.5867188332968767 0.03312438740726997 0.0389492087543748
0 0.394775390625 0.775146484375 0.02978515625 0.03271484375
0 0.5637310142013018 0.46986086996738785 0.034975636813563415 0.05556781625457363
0 0.6209049716837888 0.48823340204289956 0.036599588774978375 0.062420798754772466
0 0.5351862620518444 0.3330231470550297 0.023688343702343795 0.05299573166971577
0 0.5134400867337454 0.3654940212245466 0.03316984689624569 0.0409023337543748
0 0.423583984375 0.77587890625 0.02783203125 0.0673828125
0 0.530397568272265 0.7484936741377002 0.027810526274978375 0.06231852875357946
0 0.5556286768043615 0.7760245770508538 0.026708950180295177 0.056936071670113275
0 0.5256267714687495 0.8276293266380979 0.044956786129709214 0.04396838125596547
0 0.6988626983425992 0.9139685145309683 0.03891598143029518 0.057078113338437264
0 0.7989368083351338 0.9557611595172473 0.0394951816582465 0.060990045005170135
0 0.7674404554541661 0.7779532649387528 0.03369263101946618 0.0633632712543748
0 0.8732834297252381 0.8025935678409695 0.04544547563619794 0.06496447500596547
0 0.9412028407596349 0.6529178065822198 0.041936587908246725 0.06101845333883493
0 0.9873046875 0.628173828125 0.025390625 0.04638671875
0 0.985764714156228 0.47910638449338483 0.024324368291514853 0.0593490695864487
0 0.9101631240508679 0.35062660158739 0.03824627048088125 0.07025034375497141
0 0.8488296233271047 0.5109650070118783 0.03787082144034293 0.03314665042170439
0 0.8239394609623261 0.4687856665987247 0.029331786129709325 0.043786567920511166
0 0.8124812865109589 0.49967238201684966 0.03659918051848954 0.04143038667150545
0 0.8258913611928599 0.5317341761815941 0.020383615418294365 0.03684836041931805
0 0.7853400629289058 0.5961535532702301 0.04312908298088114 0.0703071604223009
0 0.692829650516471 0.5020409528664228 0.052463251092100815 0.072856518340227
0 0.6974644771095484 0.407774263282758 0.04193617965175789 0.040028041255567914
0 0.6499546772898436 0.3517018049560532 0.04217443371239149 0.029291535422300896
0 0.66943359375 0.32421875 0.03125 0.048828125