0 0.4137996335065721 0.44730912129576206 0.051365687690007045 0.052877532083782874
0 0.09662242685277311 0.3400601982978556 0.0545846970768995 0.04817384773562916
0 0.5528876615483245 0.3002320824849313 0.047170115803114476 0.05753003695998049
0 0.616028463805717 0.402937815538275 0.04195818954360042 0.0611547998642219
0 0.6930003085535953 0.5102663111990041 0.031933917371560705 0.05429534889466092
0 0.7200315174888453 0.5638174814838846 0.04803808146379196 0.04295836866791447
0 0.7987044865477775 0.5694022727263501 0.02227855083165653 0.04453180016107794
0 0.8941257887108501 0.32834762444760845 0.04092027761389483 0.0835133784203097
0 0.9122295161587964 0.2225911585525986 0.021291209553114365 0.05617378095314385
0 0.869818704942369 0.07858208460424504 0.04430011611204665 0.05884134229411209
0 0.9014807256886728 0.030543088886730296 0.03497386333165653 0.04519713329650721
0 0.92724609375 0.020263671875 0.0341796875 0.04052734375
0 0.7880212213157778 0.15176618929406477 0.030080272053114476 0.05663439620074873
0 0.7516629070332661 0.23999986219386488 0.03057933208165653 0.044966825672704824
0 0.6102379372853877 0.12929352138403355 0.027859382723306014 0.038002939492814525
0 0.11843263588371022 0.6544393048953114 0.07036720294661203 0.07677357106497051
0 0.06251738174866578 0.6812304620358799 0.04514818583641356 0.04378139275204618
0 0.01220703125 0.650146484375 0.0244140625 0.05712890625
0 0.025634765625 0.760986328125 0.05126953125 0.08154296875
0 0.01513671875 0.977294921875 0.0302734375 0.04541015625
0 0.028564453125 0.91259765625 0.05712890625 0.0859375
0 0.28315417245664 0.786830586060133 0.06677928792758414 0.08438135317714612
0 0.24574056449575687 0.7176309023056916 0.07420630960068453 0.039457401910729106
0 0.2163566067005488 0.9650698524414698 0.05880928205787139 0.05619106562345355
0 0.3837616675137241 0.7687157511435668 0.07390620893525002 0.05600778493877301
0 0.3212194049664274 0.6567838538121792 0.04200709857399065 0.0743128038782438
0 0.5745685252367567 0.700009228360431 0.057186932438158866 0.028333444637475447
0 0.5508350568667707 0.7991365509096824 0.05284131021854899 0.04126114102769485
0 0.52099609375 0.767333984375 0.0419921875 0.05126953125
0 0.51611328125 0.8681640625 0.0322265625 0.0361328125
0 0.9524194380454155 0.8494170094116813 0.05531172956262842 0.054058812471607265
0 0.6279296875 0.978759765625 0.0478515625 0.04248046875
0 0.812744140625 0.9853515625 0.05517578125 0.029296875
0 0.7444215952700558 0.6952681712167696 0.0547745392822383 0.040875218721607154
0 0.8116866937729648 0.6719952655036963 0.0478988099096167 0.03954039991791447
0 0.7114613538012333 0.783192691018416 0.05548167583165653 0.04627190220758526
0 0.560791015625 0.98828125 0.04931640625 0.0234375