0 0.23761621348145545 0.2672577294677113 0.035884803197839266 0.05161818844825539
0 0.067134761801452 0.18527688627939082 0.01815321778503376 0.04578876742486693
0 0.08772314213772514 0.4650918353335599 0.02267795598848754 0.03593344166747481
0 0.10179341674879505 0.8557857609109992 0.03042845366294733 0.04873834365638685
0 0.06536764377807258 0.7911135375193966 0.03927951848848754 0.037288615342341735
0 0.22549290296439928 0.7209400168813718 0.01779514348848754 0.03553486117486693
0 0.485107421875 0.7421875 0.05029296875 0.072265625
0 0.5747488502200847 0.7310655731180365 0.03813400016884527 0.0741987000960378
0 0.5888671461036128 0.7895097949936427 0.045053637703595495 0.03532550568347137
0 0.5984281779180657 0.6419192986869898 0.04103423190712019 0.0457089707401242
0 0.5566933135228833 0.5890555260527793 0.0479321717326604 0.034099810229036076
0 0.7268228725105202 0.8213372934837078 0.04682540227920651 0.04423414233125378
0 0.8128084351793656 0.7568639574073032 0.03767361893042853 0.061015106346037795
0 0.9470904461797909 0.641489636010674 0.033138031872369744 0.0845024490541691
0 0.9636222276035419 0.841156728625192 0.0369466214827312 0.05413931079677714
0 0.86181640625 0.9677734375 0.0634765625 0.064453125
0 0.87353515625 0.988037109375 0.0478515625 0.02392578125
0 0.8818359375 0.99267578125 0.046875 0.0146484375
0 0.6426121652193759 0.9471646502041986 0.040984634186326696 0.08611674034234174
0 0.5322451073125393 0.8965332506734771 0.05277623536647191 0.061274143373122425
0 0.549920892702178 0.867126705598344 0.03744575158733632 0.04054715189529867
0 0.5908280084579343 0.8876044835355115 0.0428059964827312 0.05461760738790655