0 0.426513671875 0.008544921875 0.05419921875 0.01708984375
0 0.4501953125 0.138671875 0.01953125 0.0771484375
0 0.005859375 0.3203125 0.01171875 0.05859375
0 0.08526664065573511 0.3551031540413915 0.047042146120150674 0.05456250817015906
0 0.1494747481584146 0.09400438510783266 0.044023638849902236 0.0669618227447516
0 0.36060973710777255 0.2493186471620471 0.04703188018617088 0.061361445929483116
0 0.7384885499106054 0.20404192063232546 0.036525354194976156 0.043080325856640234
0 0.6428845106148338 0.19165162058278284 0.034630251163284886 0.0507078271532605
0 0.6675337796509069 0.31250094164047665 0.03800046387895617 0.03639238731934402
0 0.5881760237741416 0.34992989833335947 0.02694071488467764 0.03798279953379724
0 0.8160569807583169 0.19718239936485016 0.03817118363467764 0.03883379356934391
0 0.8539072567495114 0.2119855438141543 0.03377999853388225 0.05938589043123266
0 0.9107598927275187 0.11244901502628149 0.04252130499955342 0.04547744774475154
0 0.8027165068221461 0.13977992568769315 0.036296612470946066 0.03286341934731618
0 0.7490234375 0.006103515625 0.03125 0.01220703125
0 0.015963709675048343 0.9121204844347512 0.025943620516717836 0.05150667557109356
0 0.08917509937310863 0.9271893350553873 0.023922207614429203 0.050382114108389775
0 0.06237810756414974 0.7966853882197213 0.026373879798409217 0.04376817505244546
0 0.03693303423141181 0.7416727518094629 0.031632275760996365 0.049509266209204705
0 0.03145973611434516 0.6704206890501389 0.026636765473583512 0.05447336281176951
0 0.2667300810879707 0.42679344734270314 0.027838723548409217 0.04387917427447319
0 0.36328125 0.408935546875 0.0205078125 0.01806640625
0 0.429057931878021 0.4316733766696413 0.03125669229840922 0.044138172459204816
0 0.4122923419207086 0.47270414754667905 0.03146155600527489 0.047067859959204816
0 0.22188516751967569 0.9156605618415303 0.026909917082737822 0.05837961281176929
0 0.19244479693032324 0.9439074514947907 0.039615495516717836 0.05254266831002008
0 0.15933049170057162 0.9336541218794031 0.027736291694976267 0.0424143305244733
0 0.15244390698977073 0.7579541559819678 0.030939130804130577 0.04654257896852876
0 0.11049970301046569 0.7056643545046914 0.023990495516717836 0.051358676608389775
0 0.1590587050096146 0.5085825749388464 0.03472241708273782 0.05897160866258455
0 0.19800158743742646 0.5390107193881506 0.029464021120150674 0.05323051750582508
0 0.193166303485389 0.6242973699330214 0.027941155401842055 0.045344018024473076
0 0.48638200461682235 0.4813637400801292 0.025615793088459352 0.06071001983974156
0 0.5093819843208064 0.6207456064568787 0.04312563018617077 0.06106544800407554
0 0.5436161201535442 0.6750922475349701 0.04105646124955342 0.045366448522723646
0 0.5506636136588191 0.7197181246095625 0.03358540076099634 0.04965726517190849
0 0.5792193601812584 0.7700772315850893 0.0632442471403991 0.04316218659381721
0 0.634012865670262 0.718310981194652 0.054998141709503234 0.029423596733678004
0 0.6090013977684201 0.6765189382750694 0.054560962643036504 0.06484612953962232
0 0.7275856811024977 0.5963572226340553 0.03985115702552333 0.0350755425320477
0 0.8005855147952831 0.5662821998106358 0.047257275760996365 0.05069325791083501
0 0.8541190402411525 0.5175566361422261 0.04294129834726479 0.044537884985427545
0 0.8130489669084147 0.46372799143359794 0.04509928705413058 0.04761557144813122
0 0.9111328125 0.4296875 0.048828125 0.0595703125