0 0.012451171875 0.083984375 0.02490234375 0.037109375
0 0.1843347417818726 0.036115550158450305 0.035635179642117265 0.03424033517910874
0 0.00927734375 0.29736328125 0.0185546875 0.041015625
0 0.1592330322083153 0.13654256376591556 0.04480015935149906 0.0535212469368922
0 0.34619140625 0.0654296875 0.0126953125 0.068359375
0 0.455322265625 0.430419921875 0.04541015625 0.03857421875
0 0.45279172960806546 0.16796587361542303 0.048808075501249326 0.0456049373527776
0 0.5415465530674475 0.14172175279771482 0.048331838425102136 0.05626168670480314
0 0.7570992735497285 0.22255310667945716 0.03408071391621981 0.05306970855917237
0 0.9519929924038634 0.36062912879872844 0.05852821637180816 0.04548275633252308
0 0.6545454743099058 0.284044891846847 0.044028275433984465 0.05783034003891774
0 0.5210132335637452 0.3633219783514474 0.03497835233119018 0.0619014901331596
0 0.509765625 0.43115234375 0.0380859375 0.037109375
0 0.026756350420196084 0.7196579478966443 0.04089525563448415 0.07409014994701968
0 0.06513666085159053 0.5533924274854465 0.04292865100249865 0.08642533841898142
0 0.25333889991894676 0.741169327520603 0.029175159351499058 0.05215423656929974
0 0.11740939076924228 0.8405941024971653 0.03537566532230785 0.05999108420714694
0 0.11883817437069577 0.6950679185610253 0.040939393480940334 0.05415605684499414
0 0.07133440188341744 0.7648733230438667 0.036453893972058005 0.05181846017910874
0 0.06092392137333141 0.9048635131357647 0.050218083513925316 0.07587837485277771
0 0.005615234375 0.832275390625 0.01123046875 0.07080078125
0 0.5726494751612681 0.515854533252518 0.05975359530074953 0.030028632628472107
0 0.452392578125 0.46435546875 0.06005859375 0.029296875
0 0.5270680802843712 0.5339448443093466 0.03291151700758732 0.05928920758721057
0 0.4531274754469343 0.8059290101317423 0.04602688456342563 0.05897777883486688
0 0.6339052482705372 0.7876815465064533 0.06304850211926383 0.05900810267442114
0 0.3908347742223776 0.9426776411402782 0.05494035527789631 0.0519769412406248
0 0.3834678362819183 0.7249772465538198 0.04736597381596991 0.04596506138081591