0 0.7836538461538461 0.6213942307692307 0.04326923076923077 0.057692307692307696
0 0.5793269230769231 0.6875 0.040865384615384616 0.04567307692307692
0 0.20673076923076922 0.49759615384615385 0.040865384615384616 0.06490384615384616
0 0.4483173076923077 0.6959134615384616 0.038461538461538464 0.052884615384615384
0 0.4699519230769231 0.8377403846153846 0.03365384615384615 0.05048076923076923
0 0.47596153846153844 0.43509615384615385 0.036057692307692304 0.040865384615384616
0 0.43509615384615385 0.20793269230769232 0.03365384615384615 0.04807692307692308
0 0.5769230769230769 0.13701923076923078 0.03125 0.038461538461538464
0 0.5997596153846154 0.08173076923076923 0.038461538461538464 0.040865384615384616
0 0.5504807692307693 0.12139423076923077 0.026442307692307692 0.03125
0 0.30288461538461536 0.19831730769230768 0.038461538461538464 0.04567307692307692
0 0.23317307692307693 0.24158653846153846 0.036057692307692304 0.052884615384615384
0 0.12860576923076922 0.3269230769230769 0.04326923076923077 0.057692307692307696
0 0.22355769230769232 0.328125 0.03125 0.04326923076923077
0 0.25961538461538464 0.7944711538461539 0.038461538461538464 0.052884615384615384
0 0.2956730769230769 0.8064903846153846 0.03125 0.04326923076923077
0 0.3233173076923077 0.8677884615384616 0.038461538461538464 0.05048076923076923
0 0.4230769230769231 0.8257211538461539 0.038461538461538464 0.04807692307692308
0 0.46274038461538464 0.7740384615384616 0.040865384615384616 0.04807692307692308
0 0.234375 0.4891826923076923 0.036057692307692304 0.04326923076923077
0 0.3485576923076923 0.6478365384615384 0.03125 0.036057692307692304
0 0.1814903846153846 0.35336538461538464 0.040865384615384616 0.052884615384615384
0 0.46274038461538464 0.3954326923076923 0.03125 0.036057692307692304
0 0.6394230769230769 0.11177884615384616 0.03125 0.04326923076923077