0 0.3161057692307692 0.4098557692307692 0.11298076923076923 0.11538461538461539
0 0.29086538461538464 0.32211538461538464 0.11057692307692307 0.0985576923076923
0 0.27403846153846156 0.19110576923076922 0.0889423076923077 0.07932692307692307
0 0.8449519230769231 0.6814903846153846 0.09134615384615384 0.06971153846153846
0 0.7668269230769231 0.27163461538461536 0.125 0.12259615384615384
0 0.5168269230769231 0.9747596153846154 0.07211538461538461 0.04567307692307692
0 0.6730769230769231 0.9230769230769231 0.06009615384615385 0.0673076923076923
0 0.7379807692307693 0.875 0.10576923076923077 0.0889423076923077
0 0.5372596153846154 0.8870192307692307 0.09134615384615384 0.08413461538461539
0 0.4338942307692308 0.9122596153846154 0.12259615384615384 0.10096153846153846
0 0.2980769230769231 0.6923076923076923 0.06971153846153846 0.07692307692307693
0 0.078125 0.5372596153846154 0.06971153846153846 0.07451923076923077
0 0.039663461538461536 0.6875 0.07932692307692307 0.09615384615384616
0 0.12980769230769232 0.7475961538461539 0.07932692307692307 0.06971153846153846
0 0.9170673076923077 0.5432692307692307 0.08173076923076923 0.11057692307692307
0 0.15865384615384615 0.1502403846153846 0.1201923076923077 0.0985576923076923
0 0.2091346153846154 0.10817307692307693 0.06971153846153846 0.0625
0 0.1201923076923077 0.8233173076923077 0.08653846153846154 0.06971153846153846