0 0.6514423076923077 0.7764423076923077 0.03245192307692308 0.051682692307692304
0 0.45913461538461536 0.9711538461538461 0.02403846153846154 0.03485576923076923
0 0.45072115384615385 0.6790865384615384 0.03365384615384615 0.056490384615384616
0 0.43509615384615385 0.6237980769230769 0.028846153846153848 0.04326923076923077
0 0.5661057692307693 0.6466346153846154 0.03245192307692308 0.037259615384615384
0 0.546875 0.7776442307692307 0.030048076923076924 0.03125
0 0.6887019230769231 0.8088942307692307 0.037259615384615384 0.036057692307692304
0 0.6021634615384616 0.3798076923076923 0.021634615384615384 0.06009615384615385
0 0.5120192307692307 0.2848557692307692 0.028846153846153848 0.04447115384615385
0 0.4831730769230769 0.2848557692307692 0.02403846153846154 0.042067307692307696
0 0.39783653846153844 0.5721153846153846 0.020432692307692308 0.052884615384615384
0 0.4170673076923077 0.5204326923076923 0.019230769230769232 0.028846153846153848
0 0.27403846153846156 0.7475961538461539 0.025240384615384616 0.04567307692307692
0 0.49759615384615385 0.9699519230769231 0.020432692307692308 0.036057692307692304
0 0.47836538461538464 0.9110576923076923 0.02403846153846154 0.037259615384615384
0 0.5288461538461539 0.921875 0.028846153846153848 0.037259615384615384
0 0.5889423076923077 0.9471153846153846 0.020432692307692308 0.04447115384615385
0 0.5685096153846154 0.9627403846153846 0.020432692307692308 0.037259615384615384
0 0.5721153846153846 0.8990384615384616 0.021634615384615384 0.04807692307692308
0 0.16706730769230768 0.6814903846153846 0.04326923076923077 0.046875
0 0.7824519230769231 0.2800480769230769 0.039663461538461536 0.038461538461538464
0 0.890625 0.3737980769230769 0.03245192307692308 0.05889423076923077