0 0.5372596153846154 0.8689903846153846 0.06009615384615385 0.07451923076923077
0 0.35336538461538464 0.8449519230769231 0.06971153846153846 0.07451923076923077
0 0.3425480769230769 0.734375 0.057692307692307696 0.057692307692307696
0 0.24759615384615385 0.6814903846153846 0.04326923076923077 0.0673076923076923
0 0.31009615384615385 0.4326923076923077 0.05048076923076923 0.06009615384615385
0 0.5276442307692307 0.36899038461538464 0.052884615384615384 0.09134615384615384
0 0.5757211538461539 0.29927884615384615 0.04807692307692308 0.06490384615384616
0 0.203125 0.2127403846153846 0.0673076923076923 0.07932692307692307
0 0.34134615384615385 0.20072115384615385 0.0673076923076923 0.052884615384615384
0 0.6742788461538461 0.2512019230769231 0.055288461538461536 0.052884615384615384
0 0.8064903846153846 0.6790865384615384 0.052884615384615384 0.08173076923076923
0 0.8485576923076923 0.5600961538461539 0.040865384615384616 0.06971153846153846
0 0.07211538461538461 0.7704326923076923 0.06009615384615385 0.07211538461538461
0 0.16706730769230768 0.7079326923076923 0.055288461538461536 0.07211538461538461
0 0.19591346153846154 0.3112980769230769 0.040865384615384616 0.0625
0 0.13822115384615385 0.3293269230769231 0.055288461538461536 0.06009615384615385
0 0.07692307692307693 0.3269230769230769 0.06009615384615385 0.08653846153846154
0 0.6646634615384616 0.14543269230769232 0.04567307692307692 0.08413461538461539
0 0.6730769230769231 0.8918269230769231 0.04567307692307692 0.0625
0 0.037259615384615384 0.17067307692307693 0.052884615384615384 0.06971153846153846