0 0.3974523228068895 0.18153527572347944 0.019630774243820204 0.037399156351347385
0 0.4005216343586341 0.21561268745241569 0.02136472026599645 0.02280185673687929
0 0.3618383096370492 0.3669518346722027 0.026396980304169038 0.030691063565177146
0 0.6531128910779127 0.3228607759282337 0.022420998864518094 0.02379546519872311
0 0.5632395094461858 0.40244320566589253 0.017209337311561157 0.025654837408581432
0 0.5688296210015673 0.3399346826849705 0.02679556079677692 0.035573876065177146
0 0.490504283134388 0.033147804640430545 0.025450291194559327 0.03701315087241108
0 0.3985180219607334 0.019150693996528967 0.02363670966008269 0.02674219866056715
0 0.15703935215431714 0.41489689656205897 0.02024861430047309 0.03302167106319143
0 0.6923828125 0.075927734375 0.025390625 0.03857421875
0 0.7133210935385277 0.12993914646071159 0.038295051232732136 0.0450387253954605
0 0.8229051266850386 0.05976437652432953 0.036022981252424646 0.06499007279808477
0 0.92333984375 0.035400390625 0.052734375 0.07080078125
0 0.24648355462705507 0.7987348790104293 0.03372119905416904 0.030818908279006907
0 0.3943929153277943 0.7966406970410689 0.04127458144086349 0.039727292511914536
0 0.23224392403719707 0.871633675936103 0.03284424138421049 0.04396841010531882
0 0.57958984375 0.995361328125 0.03515625 0.00927734375
0 0.4571313383473685 0.5775948640462467 0.030392850475339905 0.049776647219786974
0 0.5189837054865465 0.6023572597954672 0.045559523201951446 0.03248830357113436
0 0.7281087521591663 0.835843398442134 0.03163851524751626 0.03517082462439691
0 0.7473015713784449 0.9471654717986591 0.032405722256120706 0.06248900568163096
0 0.7077201108758429 0.7152780732592968 0.052853787975339905 0.05016870434219811
0 0.7260052125863394 0.556981195469155 0.04494168314529867 0.03686578885929037
0 0.8425463691050563 0.9630560465761069 0.03265485521055589 0.05956784116255287
0 0.7979927176899468 0.8219463456321346 0.020029274150207055 0.06617365817765952