0 0.1630859375 0.3715439445111217 0.056640625 0.05601886611204665
0 0.11181640625 0.2911134865737502 0.05712890625 0.06824579329835745
0 0.0458984375 0.02490234375 0.0244140625 0.0498046875
0 0.28125 0.12454162792392087 0.041015625 0.07540172740010276
0 0.324462890625 0.39013671875 0.04736328125 0.0595703125
0 0.51953125 0.25562897538110774 0.04931640625 0.06890402081738545
0 0.79833984375 0.01513671875 0.052734375 0.0302734375
0 0.880859375 0.16278098251115472 0.0537109375 0.05541120924418225
0 0.979736328125 0.0693359375 0.04052734375 0.0322265625
0 0.9931640625 0.119140625 0.013671875 0.0615234375
0 0.626953125 0.30154483814274335 0.0478515625 0.04638339550845316
0 0.607421875 0.03525083184517322 0.04541015625 0.0365182908268995
0 0.64990234375 0.2288323853861382 0.04638671875 0.03655808269952099
0 0.8330078125 0.38818359375 0.05078125 0.0634765625
0 0.60009765625 0.3558617708898344 0.0322265625 0.04721156929650938
0 0.63134765625 0.1841782747159466 0.05419921875 0.03687641768049299
0 0.189453125 0.9716796875 0.03515625 0.056640625
0 0.16259765625 0.6952960143311756 0.0185546875 0.03493573307980835
0 0.1015625 0.7339158188700191 0.044921875 0.062377301140588814
0 0.0498046875 0.6994036943689583 0.05126953125 0.04896407331262842
0 0.4990234375 0.838134765625 0.0185546875 0.06201171875
0 0.54052734375 0.8324383293969535 0.0400390625 0.06754943552748127
0 0.55859375 0.4606084297534558 0.0380859375 0.0435440705322383
0 0.666748046875 0.45263671875 0.03564453125 0.0654296875
0 0.715576171875 0.435302734375 0.04052734375 0.03076171875
0 0.82177734375 0.460138426331963 0.03271484375 0.06969240273282007
0 0.82373046875 0.55527368633672 0.03759765625 0.08600464334592756
0 0.865234375 0.5291684692503065 0.02783203125 0.06021609961971264
0 0.94140625 0.433837890625 0.02734375 0.02783203125
0 0.95068359375 0.5369171491459257 0.04150390625 0.05442552958641356
0 0.95458984375 0.6881251691554398 0.0419921875 0.047609488022724245
0 0.982177734375 0.735595703125 0.03564453125 0.05810546875
0 0.88623046875 0.8539965377389442 0.0302734375 0.07496401680126619
0 0.8134765625 0.7671172822492457 0.044921875 0.07556089489058881
0 0.7333984375 0.7381536533042082 0.03564453125 0.07908912210068464
0 0.68408203125 0.7308857991215938 0.048828125 0.01370834363107476
0 0.673828125 0.7068895512841195 0.0458984375 0.04142099926321019
0 0.62744140625 0.7190335714836404 0.04150390625 0.08860521708641356
0 0.72119140625 0.918826832961977 0.0380859375 0.0752823517822383
0 0.74853515625 0.9873046875 0.044921875 0.025390625
0 0.75537109375 0.8651880236702245 0.03369140625 0.06582594460544167
0 0.913330078125 0.97607421875 0.04541015625 0.0478515625
0 0.994140625 0.931640625 0.01171875 0.0458984375