0 0.3076923076923077 0.45552884615384615 0.07692307692307693 0.07211538461538461
0 0.33774038461538464 0.3798076923076923 0.06971153846153846 0.06009615384615385
0 0.27283653846153844 0.8425480769230769 0.07211538461538461 0.0673076923076923
0 0.171875 0.6286057692307693 0.057692307692307696 0.06490384615384616
0 0.2091346153846154 0.46875 0.07451923076923077 0.07211538461538461
0 0.39903846153846156 0.5745192307692307 0.07211538461538461 0.07692307692307693
0 0.6911057692307693 0.5913461538461539 0.0625 0.052884615384615384
0 0.7536057692307693 0.5072115384615384 0.06971153846153846 0.06971153846153846
0 0.6490384615384616 0.48677884615384615 0.0889423076923077 0.08173076923076923
0 0.5829326923076923 0.43509615384615385 0.06971153846153846 0.0673076923076923
0 0.6394230769230769 0.3786057692307692 0.08413461538461539 0.07692307692307693
0 0.7680288461538461 0.7872596153846154 0.07451923076923077 0.0673076923076923
0 0.7860576923076923 0.5805288461538461 0.09615384615384616 0.08653846153846154
0 0.3473557692307692 0.32211538461538464 0.10817307692307693 0.10336538461538461
0 0.13341346153846154 0.41586538461538464 0.07211538461538461 0.06971153846153846
0 0.04807692307692308 0.36778846153846156 0.040865384615384616 0.0625
0 0.6394230769230769 0.5685096153846154 0.08653846153846154 0.06971153846153846
0 0.7728365384615384 0.27884615384615385 0.10096153846153846 0.09375