0 0.45072115384615385 0.6033653846153846 0.036057692307692304 0.057692307692307696
0 0.42427884615384615 0.7103365384615384 0.03365384615384615 0.04807692307692308
0 0.71875 0.48197115384615385 0.03365384615384615 0.04567307692307692
0 0.5805288461538461 0.5204326923076923 0.03125 0.04567307692307692
0 0.5300480769230769 0.5144230769230769 0.036057692307692304 0.04567307692307692
0 0.33533653846153844 0.21875 0.028846153846153848 0.040865384615384616
0 0.38822115384615385 0.17427884615384615 0.028846153846153848 0.04326923076923077
0 0.8004807692307693 0.07091346153846154 0.026442307692307692 0.040865384615384616
0 0.6430288461538461 0.1658653846153846 0.019230769230769232 0.038461538461538464
0 0.6478365384615384 0.125 0.026442307692307692 0.04326923076923077
0 0.6802884615384616 0.12980769230769232 0.026442307692307692 0.03125
0 0.7848557692307693 0.8701923076923077 0.036057692307692304 0.04326923076923077
0 0.7355769230769231 0.5396634615384616 0.03125 0.04807692307692308
0 0.29447115384615385 0.36658653846153844 0.03365384615384615 0.040865384615384616