0 0.37449785942405317 0.05356178324712413 0.05207802146921203 0.06400131238107476
0 0.2781999416973068 0.07412263707296285 0.04776233569356325 0.05602964489058876
0 0.20930245505329648 0.30006171656423614 0.05748301002085854 0.027678657675735963
0 0.1867419094147742 0.40178172243394883 0.0532911203922658 0.04066329206262864
0 0.15002468552011333 0.37342907359832256 0.055756040111826666 0.05050850080787139
0 0.1406989131035472 0.47558845168764496 0.05789244579650721 0.03549115767573596
0 0.10450594152694984 0.40121798973415435 0.03237179585019989 0.04127261055126619
0 0.3789960986959111 0.27944615979178533 0.055218655656287696 0.040254594557871504
0 0.34708351636587187 0.3707821050150914 0.05598842400204629 0.04564558424418219
0 0.4498175899605836 0.22049504847912382 0.037506353177146165 0.06486927804175235
0 0.6635955506541469 0.266099222742881 0.0689078153265974 0.07832975327932945
0 0.7609585304988586 0.42458753733432497 0.07581221696886309 0.11710293139243677
0 0.28679321326462515 0.8732252163988345 0.02722685719116802 0.06396318212922658
0 0.06964919048148932 0.595329321531484 0.053775249109431655 0.05919808362631773
0 0.7413298539257505 0.713485075927617 0.04411198305334374 0.06075328990010276
0 0.7702103898118775 0.6203153813221756 0.03730371155573886 0.05170558022806304
0 0.7042260331860289 0.5750502905425726 0.04586246643193648 0.0476691758316565
0 0.6444295655950607 0.5544885841498624 0.052103611205190026 0.06448959363107473
0 0.904015335254743 0.7738935319403134 0.06043205845758526 0.05605865798466825
0 0.6587231721357308 0.7618688438456871 0.04244242141551935 0.056787352091170584
0 0.6440871922342335 0.706682283817145 0.038666196361826666 0.04981214303699533
0 0.5449488138139238 0.6730439188929838 0.03003067227769496 0.05238370368340184
0 0.5647559966494039 0.817566051735215 0.03979629727769496 0.05278162240961681
0 0.5673066651815402 0.9035831354804581 0.044399698948353605 0.03835204020903493
0 0.9284964601695644 0.9329049347920588 0.05549806648562905 0.054883136121560705