0 0.5564903846153846 0.6622596153846154 0.04326923076923077 0.04807692307692308
0 0.5925480769230769 0.7055288461538461 0.03365384615384615 0.038461538461538464
0 0.71875 0.90625 0.038461538461538464 0.0625
0 0.8569711538461539 0.6802884615384616 0.036057692307692304 0.04567307692307692
0 0.9483173076923077 0.7103365384615384 0.04326923076923077 0.055288461538461536
0 0.47716346153846156 0.41586538461538464 0.055288461538461536 0.06009615384615385
0 0.17668269230769232 0.6598557692307693 0.055288461538461536 0.06490384615384616
0 0.3942307692307692 0.4338942307692308 0.04326923076923077 0.05048076923076923
0 0.7932692307692307 0.4254807692307692 0.04807692307692308 0.06971153846153846
0 0.3557692307692308 0.21033653846153846 0.05048076923076923 0.0625
0 0.9663461538461539 0.5817307692307693 0.04567307692307692 0.07211538461538461
0 0.8978365384615384 0.5757211538461539 0.040865384615384616 0.05048076923076923
0 0.9158653846153846 0.6201923076923077 0.040865384615384616 0.057692307692307696
0 0.9026442307692307 0.7427884615384616 0.04807692307692308 0.052884615384615384