0 0.051682692307692304 0.8233173076923077 0.04807692307692308 0.052884615384615384
0 0.30528846153846156 0.8966346153846154 0.05048076923076923 0.057692307692307696
0 0.11658653846153846 0.25721153846153844 0.04567307692307692 0.052884615384615384
0 0.051682692307692304 0.3473557692307692 0.04567307692307692 0.040865384615384616
0 0.109375 0.3245192307692308 0.0625 0.057692307692307696
0 0.13822115384615385 0.7451923076923077 0.040865384615384616 0.052884615384615384
0 0.20673076923076922 0.7956730769230769 0.04326923076923077 0.04326923076923077
0 0.036057692307692304 0.5745192307692307 0.06009615384615385 0.06009615384615385
0 0.6790865384615384 0.7055288461538461 0.04807692307692308 0.06490384615384616
0 0.6586538461538461 0.8209134615384616 0.04807692307692308 0.040865384615384616
0 0.8052884615384616 0.23918269230769232 0.04326923076923077 0.0673076923076923
0 0.9519230769230769 0.13341346153846154 0.03365384615384615 0.038461538461538464