0 0.12179418573220002 0.026875318158861156 0.052937809167338146 0.0489269832178621
0 0.1945409979851449 0.29066992939388764 0.045433323956966754 0.062018411048409106
0 0.35229137487647244 0.043479544348967086 0.05780617427523316 0.07406833462587215
0 0.434326171875 0.16259765625 0.03076171875 0.0556640625
0 0.471435546875 0.351318359375 0.04345703125 0.04443359375
0 0.4599609375 0.172607421875 0.0205078125 0.05419921875
0 0.472412109375 0.11962890625 0.04541015625 0.0439453125
0 0.5429628266808143 0.2634219189489114 0.06058449009907174 0.03827696163731509
0 0.037841796875 0.488525390625 0.02587890625 0.01708984375
0 0.20008936495789736 0.5096176458296118 0.02080619569489206 0.0316050515946274
0 0.7606160654885494 0.7339402571372731 0.04282128284133213 0.058918003792687745
0 0.8072206657979925 0.7576234570936922 0.03066631408250864 0.06730760481293607
0 0.8037449074795728 0.8565840970219507 0.06913640785015551 0.05151857735562371
0 0.6679545620058898 0.9297584515923945 0.05500469074442793 0.05101668402243931
0 0.979248046875 0.707275390625 0.04150390625 0.06005859375
0 0.9271807545445879 0.8384694797648895 0.04325750160015551 0.04970894794497627
0 0.5608670589820468 0.6441108016795561 0.04269353451207469 0.031676685646120584
0 0.6559821379071246 0.6741039402992602 0.0311738585219819 0.034275199568657544
0 0.7102478665404061 0.6623372067785653 0.05129751475433508 0.054161501163284886
0 0.8738129093356068 0.6402205999664803 0.05136402463761658 0.03860478906557352