0 0.39040683588775316 0.26142810737030153 0.017033369171704393 0.03720596006522092
0 0.39666392755905977 0.2956418837168501 0.01979260666971583 0.022574566988495248
0 0.3720523750795418 0.44636739015738147 0.024278044587442982 0.030412633623406737
0 0.46975134170113475 0.11492701349755668 0.0228870625049713 0.03675176766176946
0 0.37630780961568033 0.09875943268999199 0.02179118500357935 0.026492179937344762
0 0.1514196908567319 0.03153756555950932 0.026248214587641816 0.03188884032225614
0 0.17139753175224037 0.4896306001758808 0.01795879667110778 0.032817110289645735
0 0.662109375 0.01025390625 0.037109375 0.0205078125
0 0.91259765625 0.010498046875 0.0341796875 0.02099609375
0 0.9814453125 0.029296875 0.037109375 0.05859375
0 0.9685037696431222 0.17398128847649175 0.036088043344204124 0.08028265807929147
0 0.9593861967397126 0.2715778829950317 0.03843854292647686 0.07248436176535344
0 0.8991805638327235 0.3425118533434842 0.037859355008749596 0.06466902102814087
0 0.8341138188255647 0.28940250103145004 0.053972636258749596 0.06476276535614955
0 0.8054068108986902 0.21404526651034433 0.031148414176874528 0.07537143820716763
0 0.8385805012979239 0.08582899010242329 0.03968748334062466 0.053938196476990496
0 0.6055229638019011 0.11376799271490545 0.03621269792329518 0.04903549881650382
0 0.559181014207697 0.033425679154154064 0.0404651875049713 0.0368540342014152
0 0.5156144546914438 0.5272793896957035 0.03442434125855076 0.0631842921176542
0 0.5383307251053929 0.5073933730946855 0.022160493341221166 0.05823046118734476
0 0.5819518405125808 0.43782766143101215 0.049197775426675694 0.0740117017340256
0 0.5850409567701373 0.493505927617074 0.025936065006363362 0.04702271833504379
0 0.59619140625 0.564453125 0.0439453125 0.05078125
0 0.9443701613472398 0.44970111344259844 0.030018446675084798 0.06218216298274282
0 0.98291015625 0.44189453125 0.0341796875 0.0703125
0 0.98046875 0.4892578125 0.0390625 0.0458984375
0 0.9697265625 0.580810546875 0.0322265625 0.01806640625
0 0.8889507526057906 0.5123627099131747 0.04401417667886309 0.09009373487468952
0 0.17103219463616232 0.8256930926132255 0.04267966917468713 0.05932633465026471
0 0.4281224387830098 0.6812025895857872 0.04894778209042583 0.052527326734025714
0 0.9735797588120426 0.7821830640077786 0.03647973625974377 0.07198471756650382
0 0.78271484375 0.61083984375 0.060546875 0.0419921875
0 0.7410683455004508 0.940975760145836 0.045751398343010896 0.07155041032353893