0 0.18475449182701148 0.08927723031017115 0.053715998033176615 0.06132491144566282
0 0.12006059434985156 0.2603514679668093 0.04050767128668342 0.04562889301535333
0 0.48423034440752977 0.24097776071560806 0.05505567984611481 0.05938030865729993
0 0.36333745228866654 0.26762837083578717 0.04048218981289242 0.06808130830371617
0 0.31160943331833646 0.19063868906915105 0.05820440073597277 0.06281532183057426
0 0.8429643531226917 0.152995581023753 0.05191932545450362 0.06375495474681325
0 0.6650390625 0.0244140625 0.0576171875 0.048828125
0 0.617431640625 0.0595703125 0.03564453125 0.0498046875
0 0.08317681022748163 0.6602850598261455 0.03441689639857892 0.03436717615601714
0 0.07248334024317027 0.5908610594725616 0.04771328558739396 0.02858734179796374
0 0.11434231136374085 0.5017158052762778 0.04008197100521427 0.04660261477814093
0 0.23795241508051823 0.4936426085537977 0.038241641444029195 0.040734717566503764
0 0.147869210750046 0.41301053979738356 0.04723081334786827 0.05152519759911425
0 0.24317079879568015 0.6866159688434434 0.04002594752445554 0.030495015002565684
0 0.11747079012089229 0.7425464095403483 0.03666400225521427 0.046582729617654195
0 0.18186864011743142 0.7971404907628692 0.03367173378668342 0.04558912269437998
0 0.24334842063491946 0.8058020456388415 0.04362510169227596 0.04857562493862755
0 0.2948150673795673 0.6429547300646815 0.03209409459786827 0.051437134745530466
0 0.28538857717331023 0.698584703718133 0.03220689003668342 0.04558060048274282
0 0.39826080544596654 0.5912909874432195 0.04597919397725181 0.031993947599114225
0 0.4741437601225078 0.5428861322878642 0.03244484741256004 0.04167719121995522
0 0.40109512453857465 0.51657259324437 0.046504574721991654 0.055425766124689524
0 0.30572307988994984 0.48035991455189386 0.04025734741256004 0.04172264301535333
0 0.5062445910160563 0.8346854752079518 0.02658547241256004 0.04164310237340674
0 0.4784766376891827 0.9097472730589699 0.03512421103843666 0.037787985643229494
0 0.44161683808600827 0.8675249858447671 0.03038548446151723 0.032391325258318115
0 0.40815177119093615 0.9171535476375995 0.04269875366256004 0.0417368467014152
0 0.09076314968046173 0.9382648094111893 0.052839864473745 0.04765303644566288
0 0.609375 0.37646484375 0.01953125 0.033203125
0 0.60791015625 0.440185546875 0.0166015625 0.06201171875
0 0.609130859375 0.954345703125 0.01904296875 0.06982421875
0 0.612060546875 0.811279296875 0.02490234375 0.07568359375
0 0.6740381434166184 0.8905069912391979 0.050423191220238195 0.0632581512851762
0 0.7201912168466206 0.7877097472034007 0.024363099552418 0.04504686743734476
0 0.7630711559270009 0.7283666936803911 0.04216606695275027 0.07150779926535322
0 0.6911888923726457 0.485670701719375 0.04736253277270219 0.03834728532353904
0 0.611083984375 0.60302734375 0.02294921875 0.0498046875
0 0.74072265625 0.385498046875 0.0458984375 0.05126953125
0 0.8880631014846332 0.6377512398102119 0.04869565709786838 0.0515337198107515
0 0.9388327334636843 0.6839621584035738 0.03362732832687376 0.07536291599553047
0 0.8306780623500354 0.6642828645180006 0.03189979420450362 0.06363848452110576
0 0.8128488649986143 0.629986706792293 0.024519551973745002 0.04748827368734476
0 0.8151193857050552 0.8537161043575139 0.02252857900170746 0.062119666764070436
0 0.78369140625 0.964111328125 0.025390625 0.07177734375
0 0.7481549675214544 0.8010609444489312 0.038523255802418 0.0451292488165036
0 0.945283812563444 0.8500772092060072 0.03386528570275038 0.07145950673274282
0 0.983154296875 0.80712890625 0.03369140625 0.0546875
0 0.85286693688861 0.8363510346484424 0.05252040214331877 0.057901261221238176
0 0.8895052788621253 0.4399319966043272 0.05877999595099692 0.0794140435933619