0 0.16015625 0.4345585063622293 0.0361328125 0.054345156966743836
0 0.3017578125 0.47972238163730613 0.04833984375 0.04079516776631934
0 0.352294921875 0.6227213541666666 0.03662109375 0.034505208333333336
0 0.49951171875 0.3719313065904306 0.0380859375 0.0662917420280092
0 0.10302734375 0.2924776641535489 0.04736328125 0.05174895856901992
0 0.16357421875 0.3281863843861104 0.03515625 0.06725207276944427
0 0.11181640625 0.5096487552625767 0.05322265625 0.05373454708614952
0 0.0439453125 0.2849346118836031 0.0478515625 0.0843580006676697
0 0.009765625 0.4329427083333333 0.01953125 0.055989583333333336
0 0.04931640625 0.5902486583020831 0.03955078125 0.057999076657291614
0 0.28466796875 0.24270278318456695 0.05126953125 0.05741296202488414
0 0.60546875 0.5052992290297827 0.03271484375 0.06826936227619591
0 0.5400390625 0.4436848958333333 0.041015625 0.055338541666666664
0 0.58203125 0.36324229162793104 0.03271484375 0.08519644560952926
0 0.619140625 0.06874303279197413 0.0361328125 0.05694932363341043
0 0.87548828125 0.12989638458306144 0.03759765625 0.05256290826269283
0 0.82666015625 0.19581509138475908 0.037109375 0.04078719949737645
0 0.7939453125 0.5435613541085632 0.02978515625 0.07183385968429779
0 0.69677734375 0.6253255208333334 0.03125 0.029296875
0 0.70751953125 0.5640786109809014 0.03466796875 0.056778447337461437
0 0.94921875 0.5955284081458313 0.0341796875 0.07104440523881166
0 0.88525390625 0.5151501432227219 0.0478515625 0.05375904233433637
0 0.548828125 0.0035807291666666665 0.0341796875 0.007161458333333333
0 0.93505859375 0.4591109789516569 0.0302734375 0.06798456844961409
0 0.875244140625 0.0263671875 0.04150390625 0.052734375
0 0.7236328125 0.09525512523634116 0.03369140625 0.05275827980682868
0 0.95654296875 0.9147383294461408 0.05078125 0.053449753259567766
0 0.8701171875 0.8304378779851455 0.0517578125 0.05877200412353378
0 0.716796875 0.8483601173424762 0.0625 0.07825426362716037
0 0.9189453125 0.7417327128501144 0.02392578125 0.08026493783383482
0 0.80517578125 0.9530706955314034 0.05322265625 0.04657308875281618