0 0.504150390625 0.0703125 0.03076171875 0.07421875
0 0.5 0.22119140625 0.0390625 0.0634765625
0 0.43644578732494355 0.1194398346494856 0.04205240836926394 0.05417115250536908
0 0.46940278846197203 0.06217491048692858 0.03723782206342552 0.05557917958803954
0 0.49609375 0.146240234375 0.046875 0.05712890625
0 0.06803814878191823 0.372128155434431 0.03662513259895486 0.06338031625457363
0 0.16907226853441693 0.2902509946142883 0.04284838063448415 0.07126099625536908
0 0.16205177432369422 0.15777337086249865 0.03542114945174907 0.05848614042110778
0 0.13146398676656096 0.10123467377465795 0.030221294328645898 0.07257811667031233
0 0.09949693858637021 0.126755635020482 0.030515594887028485 0.05794104250377824
0 0.121337890625 0.0244140625 0.03662109375 0.048828125
0 0.2512788683832805 0.03569806087383337 0.04530048477535198 0.061041180005766776
0 0.24382620256985488 0.09081702545650383 0.032535599798205306 0.038443882504175964
0 0.23177432692394406 0.1502793862885778 0.048899043760131655 0.04400247125636336
0 0.2890625 0.437744140625 0.0517578125 0.02392578125
0 0.4163298303111095 0.38350908423175833 0.028641393972058005 0.04913493500357946
0 0.022624098428987077 0.07798364250974386 0.04493661173982269 0.053228680005766776
0 0.4406301824875066 0.386234573818406 0.026438106260131655 0.043741114586647534
0 0.36753656392269474 0.1933855225572701 0.028084886527896313 0.04766440958684648
0 0.74894025744698 0.2804746904588902 0.07052256371442511 0.08915161292568152
0 0.8767976799038634 0.34645050214332107 0.09172064348094033 0.05182099501213022
0 0.8334169525459348 0.21843524755329302 0.0577897724098817 0.03580964167428946
0 0.625244140625 0.005615234375 0.06298828125 0.01123046875
0 0.890380859375 0.017822265625 0.03857421875 0.03564453125
0 0.9218586998581568 0.3020286138158208 0.08546530177280764 0.07468498876113583
0 0.6846651024888016 0.160521587116078 0.11032216139336648 0.07399819126451646
0 0.6199617424038634 0.34346194544178865 0.0607448945405723 0.07830147375775542
0 0.8279549629100644 0.042006629634770365 0.04341693225249865 0.08346802750536908
0 0.18438823123621162 0.696183163366277 0.03788395148348467 0.03801809958823843
0 0.3249891428885061 0.7193152217188328 0.04956791524491133 0.026929672506562197
0 0.3702895552908462 0.8375818963090598 0.039054494675102136 0.0526722187549713
0 0.51318359375 0.623046875 0.0126953125 0.046875
0 0.13198967444809237 0.5939559083585215 0.04897796784516123 0.03521909042309623
0 0.19153589860038683 0.6161448100334076 0.03736223027789631 0.047772361254772466
0 0.16707620722492195 0.9734757783656803 0.056654015456837736 0.0323803095908235
0 0.07623853779214121 0.8888774412694878 0.05098862114845515 0.04695488542329507
0 0.13322837146085964 0.7561675533597148 0.05488282697460234 0.03626383292389168
0 0.07293038526281295 0.5927801454338344 0.05060335233119023 0.059638834589829215
0 0.02197265625 0.707275390625 0.0439453125 0.03857421875
0 0.06765819272358131 0.8213582687678969 0.04141563055708758 0.04049927750536908
0 0.31610918450263564 0.5428468321331795 0.05306615436292583 0.03917079375695992
0 0.608642578125 0.470947265625 0.04736328125 0.04248046875
0 0.6404242155204459 0.6522609196222425 0.0376351350545433 0.053631736254772466
0 0.6691418410115636 0.6545492629594867 0.026620042777896313 0.047647364586647534
0 0.7120102711447984 0.6257353296317876 0.04828635429566097 0.0518036079228974
0 0.8017456235801235 0.7235115788112472 0.05689348027789631 0.047999627924090627
0 0.7804712399215368 0.8131564704755939 0.04320020949616066 0.06833699042210206
0 0.7305715453136995 0.8775524367192306 0.04063170246572012 0.0341459395886361
0 0.7268793255040675 0.9043794971355658 0.04209654621572001 0.03416298458883493
0 0.6816444467299193 0.8266628929622706 0.07198471489845515 0.04719919709281206
0 0.5706481010928451 0.7867762091969588 0.05147690239845515 0.04696056709002816
0 0.5868683612515233 0.8895595833664758 0.06377624819032246 0.07004046417488596
0 0.8554016529697877 0.8721653242361331 0.04660613407230785 0.057640256255965694
0 0.8870007892654942 0.9174792342407068 0.04238149516621981 0.05075886542210206
0 0.9385807040966845 0.858965369664002 0.03759099720808701 0.07363990417130672
0 0.9698173136398467 0.8910843225851097 0.04855925907230807 0.0576629829228974
0 0.9419585014761713 0.9542711200817292 0.04837732255454341 0.0537567329228974
0 0.985107421875 0.983642578125 0.02978515625 0.03271484375
0 0.9384765625 0.46533203125 0.0419921875 0.03125