0 0.4380861211467406 0.2816615473046612 0.03711295530602765 0.05867899613467764
0 0.478759765625 0.173583984375 0.02197265625 0.05419921875
0 0.2450580334341172 0.36002152635436807 0.03328588347177275 0.03500248847666754
0 0.30975227323737975 0.3696405371021772 0.03322622260531882 0.03158451972666754
0 0.495361328125 0.09716796875 0.01123046875 0.0546875
0 0.52001953125 0.021728515625 0.0478515625 0.04345703125
0 0.6884572986009945 0.08329594111053612 0.04088036627382907 0.07893753504268763
0 0.503662109375 0.36328125 0.02783203125 0.04296875
0 0.8196594620073111 0.5574174898332686 0.05194889838631145 0.07044550216900647
0 0.8163984872199346 0.4927833791435672 0.027381422229715735 0.059949242111791756
0 0.7350147303697196 0.2658484143438183 0.03402985414943216 0.049685069927811853
0 0.9530961041514918 0.14916014398689686 0.04851388367446763 0.06922993201099636
0 0.9534493800756063 0.2686183304811754 0.029839874441559777 0.06109652436751323
0 0.9100594237044014 0.35163283527958455 0.0323494645389355 0.0651734941232347
0 0.986328125 0.332763671875 0.02734375 0.05224609375
0 0.990966796875 0.45263671875 0.01806640625 0.07421875
0 0.9623750636706435 0.4557530129525681 0.031767430498793825 0.05976825642209049
0 0.9337894297934813 0.5567520240155042 0.03660762809418383 0.057668289683533214
0 0.873291015625 0.607421875 0.03271484375 0.044921875
0 0.2421418115899333 0.845154840550684 0.015596959719786918 0.027425649985473033
0 0.034434774759649706 0.8704082072870083 0.018963790584255125 0.024734970143483137
0 0.16648514915156554 0.9606621396734721 0.009044751927659411 0.015263028620597252
0 0.17075183568773578 0.9676790628631735 0.01829652673489357 0.01444691994233871
0 0.19599757001206214 0.9742043586536704 0.015477637986879289 0.020589712485473033
0 0.008352425936102914 0.8000546435510886 0.009712015777021077 0.025551078821741458
0 0.029411760858584657 0.7390844290541726 0.009575648082269295 0.017738578821741458
0 0.07903005174688182 0.6624619903908877 0.014569259334255125 0.02442767458318451
0 0.16002644074929429 0.771891893696358 0.015596959719786918 0.027425649985473033
0 0.20151935268092525 0.7416800518002374 0.015477637986879289 0.020589712485473033
0 0.2518233157492943 0.7654728308812311 0.010526641639503342 0.01634202297403009
0 0.2833947176868825 0.7169350432091407 0.015940350294113337 0.01915901268661735
0 0.3135878680525568 0.775296705335906 0.01744780894872333 0.0217028507900503
0 0.327609185270358 0.7543211434538658 0.01952025568163096 0.028675364094627342
0 0.2674081721821314 0.7946195179934694 0.017362579139503342 0.0168200382900503
0 0.3097572159122739 0.8550572688416275 0.014569259334255236 0.0244276745831844
0 0.2512902016575228 0.9357122673755096 0.01706180346978703 0.02752808183890587
0 0.422572173299012 0.9017892282250074 0.021430765777020966 0.02637053364920461
0 0.4543517070847556 0.7854486347052055 0.015057540584255236 0.024461818534328827
0 0.4482330623510683 0.8565908554666485 0.015923304332269295 0.01818245018661735
0 0.4489113205187989 0.8736124113143598 0.015571390777020966 0.025960806235473033
0 0.42169541523262866 0.8682002538284402 0.021944615969786918 0.027869521350348814
0 0.38149441609511103 0.8802774015722722 0.013541558948723331 0.021429699180895878
0 0.39243510349376365 0.8960936531959535 0.01743076298687929 0.0207262882900503
0 0.394667015526742 0.8520459088425205 0.016017057122411194 0.02355354393661735
0 0.3785768318820608 0.8239099281814265 0.017010665584255236 0.02459839433890587
0 0.40272421063603236 0.8095415620753562 0.011622525872411194 0.023246248376318723
0 0.41565211495837295 0.8232681128944603 0.014458460582269517 0.0180800183331844
0 0.08705587967021688 0.845270429514569 0.01852664721978703 0.02763051369233882
0 0.06863508852752154 0.8109575123591963 0.016925435775035247 0.01971558183890587
0 0.07352395267099643 0.7823299042988978 0.015923304332269295 0.01818245018661735
0 0.005859375 0.76416015625 0.01171875 0.0224609375
0 0.15881839539553444 0.6734639449032238 0.012641703277020966 0.0257559425286073
0 0.5739748150915662 0.9548132580938183 0.024454206067162865 0.031946491106070285
0 0.5255932120052516 0.6811911987685462 0.025953141740850727 0.03400204795950312
0 0.618896484375 0.6376953125 0.02197265625 0.015625
0 0.6555697772953933 0.6667378140141644 0.02401706270269477 0.03484203465492608
0 0.6252306272854645 0.7005588762839663 0.029584185013900255 0.04644808686751323
0 0.6935449160434075 0.6704222420749096 0.022611879819148584 0.03815757155149313
0 0.503662109375 0.635498046875 0.02783203125 0.01123046875
0 0.6669187122100058 0.9385602823764028 0.02822408837241097 0.024407142715224595
0 0.7286516439270274 0.9781351691299334 0.017044757507942876 0.02655151933890587
0 0.8879336071980912 0.9611448660568942 0.018688583857304764 0.03690785744233871
0 0.9062666971941198 0.9725427084134111 0.01269284116255287 0.028685630028607356
0 0.7903513392886565 0.7402194641449069 0.018509601257942876 0.02665395119233882
0 0.77001953125 0.634033203125 0.0263671875 0.00830078125
0 0.6929644977724176 0.9830690838134667 0.02285299462241097 0.024031559252637447
0 0.49755859375 0.70947265625 0.015625 0.02734375
0 0.5971624239070961 0.7439748437980467 0.022381759334255125 0.02497397780149313
0 0.5589327047000032 0.6710569100907342 0.024737935775035247 0.0202618850572146
0 0.99072265625 0.893798828125 0.0185546875 0.03564453125
0 0.9431239630724881 0.9285121497787334 0.02646699193361668 0.03550103566064755
0 0.8171729695152541 0.9358564454239608 0.030245397219786918 0.02844996851980186
0 0.9226538228022039 0.8719090148790822 0.017413717025035247 0.0197497257900503
0 0.9753870888336231 0.9521034113020659 0.015579913757942876 0.026449087485473033
0 0.9755859375 0.988037109375 0.017578125 0.02392578125
0 0.983370904020358 0.6623477663452001 0.026921181259928595 0.033582054611791756
0 0.9085299764130534 0.7031821781691325 0.028831691355319045 0.03127722416636891
0 0.8305523384261742 0.728142316401075 0.018492555296099056 0.02567738869233882
0 0.8012691824822757 0.9808602204094339 0.026887089336240955 0.031628929611791756