0 0.029731418383974945 0.2891179483111942 0.038427179593010896 0.07172655083843726
0 0.22586810214928676 0.3996439320347466 0.05582917292428946 0.0567943720908235
0 0.32373046875 0.4091796875 0.01171875 0.0517578125
0 0.323974609375 0.302734375 0.01123046875 0.046875
0 0.075927734375 0.484619140625 0.03955078125 0.03076171875
0 0.048457240064031154 0.38754622080880796 0.034577404171306614 0.034577404171306614
0 0.6935382433809921 0.08637156744809898 0.045751398343010896 0.07181177583943155
0 0.42384256713477036 0.11734556040142119 0.043094088757158755 0.05322868000576686
0 0.42830130716400194 0.3326548649844894 0.03561646500536908 0.039959861254772466
0 0.6843307900769566 0.3023282399496898 0.034287981256959865 0.05166156625457363
0 0.6628798208992868 0.22151218245247373 0.038120369589431435 0.045359363338437264
0 0.9253943463309338 0.3288240532503448 0.049424700006959865 0.05183769792329507
0 0.951904296875 0.473876953125 0.05419921875 0.05224609375
0 0.756001208426132 0.4182092986901448 0.04234479292647686 0.0727485666723009
0 0.856689453125 0.4716796875 0.03466796875 0.056640625
0 0.953857421875 0.028564453125 0.03564453125 0.05712890625
0 0.986572265625 0.338623046875 0.02685546875 0.07275390625
0 0.4959007071779218 0.43442122080880785 0.06309657500695992 0.05199678459181767
0 0.3765491763307349 0.3337454029081822 0.049822074589232684 0.04403087959002816
0 0.6099412479859343 0.24654554662636552 0.04143038667150545 0.0361217912555678
0 0.0699696813086621 0.8294994874134983 0.0601555241734939 0.05098613209142
0 0.08122356090366156 0.9153176724121064 0.06014416084002816 0.05000956959142