0 0.03260838550489864 0.4487650674742589 0.03193183847375847 0.039607970779006685
0 0.06934990995638712 0.3573311003478763 0.025189653763900255 0.044859742796099056
0 0.3574564737242589 0.2951906813157513 0.02627096337241097 0.022912655488865008
0 0.16536591391305344 0.30977068156808996 0.026072463473758578 0.0395056950079431
0 0.3727004109202169 0.34471411044532596 0.026569267704680488 0.04000249923886501
0 0.6948489321244706 0.15442386414553444 0.046656982802056324 0.04425819145666621
0 0.5885496192687252 0.06402228667929233 0.05655897549680805 0.05224115107510585
0 0.862109419139651 0.4717192288991531 0.048241148284964064 0.05111969789943216
0 0.86572265625 0.5634765625 0.0458984375 0.052734375
0 0.9921875 0.573974609375 0.015625 0.03173828125
0 0.97705078125 0.037353515625 0.0458984375 0.04736328125
0 0.49045895064198963 0.2863703469972347 0.05649079164943219 0.04833490107510585
0 0.9245483959043308 0.36226394176482746 0.05795563539943216 0.04836047001787169
0 0.17684354910979083 0.8098446636586552 0.031049028763900255 0.044962018567162865
0 0.2170299736229116 0.8286685062421308 0.026526652800070605 0.03756109298886501
0 0.22735811536376238 0.7962714841236911 0.027974450588226674 0.03661009943163096
0 0.08179064199730851 0.8022293011884416 0.030415856838226563 0.036652714336240844
0 0.05069652699135124 0.8218092177365264 0.031417988280992515 0.038134604048084775
0 0.05636728744248687 0.9164079355226966 0.02084626039943216 0.04771272346780131
0 0.023228765983834887 0.9692165460135473 0.028754984527021077 0.02539667664347478
0 0.08263467050887016 0.9496305778219877 0.021411248477730016 0.05211577769872333
0 0.11262190696355062 0.9095684177166689 0.0195007383823399 0.05452309202503525
0 0.132568359375 0.99609375 0.02685546875 0.0078125
0 0.3146108791634801 0.9431407556340465 0.031066074725744297 0.045938581067162865
0 0.08940933137326448 0.6454057901292217 0.025104423954680488 0.039976930296099056
0 0.05197003145475426 0.6929200136983703 0.02307459212638263 0.035548307122411194
0 0.005859375 0.66455078125 0.01171875 0.0380859375
0 0.009765625 0.764404296875 0.01953125 0.03564453125
0 0.005126953125 0.844970703125 0.01025390625 0.03662109375
0 0.022489484580784036 0.8437794026490792 0.021036237317162865 0.03063140269872322
0 0.2620956303300045 0.9035424168045425 0.020556479048084775 0.0311111609678012
0 0.11196427506369178 0.8353837596403567 0.026893140979715735 0.05855718673886501
0 0.33642578125 0.599853515625 0.0244140625 0.02001953125
0 0.26960215858510844 0.6412842476690106 0.015151293374396912 0.02906428317765941
0 0.2855620261785128 0.6497920517985853 0.02148190366255287 0.028198519429645186
0 0.20319505301681318 0.9221432995151804 0.01975037616652442 0.04085974000595727
0 0.45458984375 0.98876953125 0.0498046875 0.0224609375
0 0.4948837401093642 0.6697588293939016 0.048311803469786974 0.02720243963035418
0 0.481689453125 0.607666015625 0.04931640625 0.03564453125
0 0.4443359375 0.73388671875 0.029296875 0.0244140625