0 0.293153530842551 0.22588116832681254 0.02890592684616955 0.06200924741255298
0 0.311767578125 0.392333984375 0.01611328125 0.03955078125
0 0.3044068437975843 0.45085097986298284 0.023503212509928817 0.032138861353333104
0 0.24218119495623958 0.15985598113085464 0.018259963473758467 0.039369327313191316
0 0.3528516880563807 0.17335603414354872 0.048019550780992626 0.03842438539943216
0 0.4952521928258854 0.048762919290642276 0.038980850496807995 0.051934323761914536
0 0.5316527980404946 0.11943832716425962 0.026149170302056324 0.04390022625794304
0 0.6630004542904947 0.11714564529624666 0.02782103693163096 0.02782103693163096
0 0.8145208020468048 0.3191530258268863 0.03864845424085073 0.032891355011914536
0 0.8267509309021237 0.3482453492847588 0.03985760856319143 0.018268486454680488
0 0.9509973282749615 0.24692532645688764 0.042614365107304764 0.03637750760929037
0 0.8534702853576575 0.14410364321759594 0.04231358943758812 0.047111172128368406
0 0.7578584418103522 0.17898579545922627 0.03695954164943216 0.04799398183822656
0 0.6970410493580104 0.33243753297908385 0.04414739270468049 0.040309326552056435
0 0.6646646535074425 0.3803803769317785 0.04231358943758812 0.04711117212836835
0 0.595947265625 0.474853515625 0.03076171875 0.02978515625
0 0.573269720979642 0.29308141792142306 0.04236472732312002 0.05004085962836835
0 0.5106660828397119 0.4001634826531246 0.0326697575079431 0.025953141740850727
0 0.39713025238063326 0.47150232066979014 0.030339150009928817 0.032258183086240955
0 0.5295253797157417 0.24939784649255747 0.044354415584255014 0.024204568282978345
0 0.594586361098935 0.05923978541348007 0.04053339539347478 0.029019196935602454
0 0.706298828125 0.0166015625 0.03466796875 0.033203125
0 0.9871193998568779 0.07778645673312914 0.025308975496808106 0.051695680296099056
0 0.8639065011127613 0.40620839869653214 0.032848740107304764 0.03620704799085073
0 0.294921875 0.50146484375 0.0224609375 0.0234375
0 0.26355698914141534 0.5339159818919896 0.02000853693163096 0.02768466923687929
0 0.2873414600217695 0.5813669642886565 0.015477637986879289 0.019795462408581432
0 0.29063763570141476 0.6023119201531246 0.016017057122411194 0.022733672889503342
0 0.15378004666921596 0.6247264090422013 0.02357139635730454 0.036045111353333104
0 0.18393169109886115 0.6452026009559605 0.020196042511914536 0.03842685673687929
0 0.043083731226023325 0.746812405135179 0.020102289721772748 0.03305576298687929
0 0.04311288047481712 0.804446638597023 0.022029845779006796 0.03162501116056715
0 0.06643463904793723 0.8533709877246118 0.019707761261914536 0.03841833375595716
0 0.01644108359878732 0.9553486424523419 0.017729067319148584 0.036919398082269295
0 0.03125 0.503662109375 0.0166015625 0.02783203125
0 0.026243778660493378 0.5375698693700726 0.014217345779006796 0.03148864346581548
0 0.13971338980907222 0.8262051113553928 0.0211044211645387 0.03453765269872333
0 0.10809937296687411 0.7779139341534775 0.02026422635929037 0.04233310673687907
0 0.1368139605264468 0.9679004266455344 0.023236528763900255 0.044825650872411194
0 0.1599677308185743 0.9792185965422013 0.023100161069148584 0.037013150872411194
0 0.1886424282112697 0.9430626864368825 0.018756767704680488 0.03986613154411334
0 0.0826062187955248 0.9683581962778745 0.021660886261914536 0.03845242567964524
0 0.21639306335836322 0.7980030116197196 0.017754636261914536 0.038384241832269295
0 0.23957240259325674 0.8107860252663865 0.021567133471772748 0.03308133192964524
0 0.23038190442162837 0.5081198341137624 0.02098509943163096 0.02770171519872322
0 0.3071380313989317 0.6801727077445432 0.024059677607304653 0.036053634334255125
0 0.23800664544105926 0.6931017210354645 0.022989362317162865 0.030665494622411194
0 0.21953718775027908 0.6983084068104999 0.011381411069148584 0.036808599330283576
0 0.21580028840013793 0.6241322717151098 0.014799379819148584 0.03686826019673739
0 0.22138939934808155 0.5805644417131239 0.015202431259928817 0.03199397067765952
0 0.24080132761517387 0.5733875849762448 0.017643837509928817 0.032036585582269295
0 0.18486700106311754 0.5308936505704286 0.0137802024145387 0.03440980798489357
0 0.1769690178536122 0.7220076478816342 0.021036237317162865 0.03063140269872311
0 0.470458984375 0.50390625 0.02490234375 0.0283203125
0 0.413818359375 0.494384765625 0.02490234375 0.00927734375
0 0.46031950486673295 0.6168869777305691 0.024812171265886085 0.051198876065177146
0 0.4918897978357404 0.5787268047397184 0.017419768668510194 0.047164781351347385
0 0.5164157680563068 0.6686582558863852 0.03014312144872322 0.021027714336240955
0 0.33662130301063453 0.5257560042110644 0.023673672128368406 0.041904486353333104
0 0.46058346387502885 0.827884138597023 0.02806820337836835 0.04198119318163096
0 0.5753039886822628 0.8244163943303573 0.0289169211645387 0.03467402039347478
0 0.6996477191512703 0.7846368549643302 0.025411251267871804 0.057555055296099056
0 0.7616825355065892 0.8128598343681606 0.03736259309021239 0.043119692319148584
0 0.7512862099183626 0.7768974814866002 0.027991496550070605 0.03758666193163096
0 0.6962726187061657 0.5912774799643301 0.02108737520269477 0.03356109019872322
0 0.645896891484393 0.5594319802683723 0.020059674817162865 0.03061435673687929
0 0.65185546875 0.50146484375 0.0244140625 0.0234375
0 0.8856864557072981 0.8375589889448993 0.03879334491652431 0.041192136261914536
0 0.8455561117546035 0.8050462253995798 0.01730896991652431 0.040817125101347385
0 0.8112741484835397 0.7997834590641184 0.021232265878368572 0.04186187144872333
0 0.8128849918777942 0.8920686153141184 0.03259057934219811 0.049382118759928595
0 0.6691854137021205 0.886273590455181 0.041055768567162865 0.03098084491652453
0 0.6300802987975105 0.8845140226789394 0.03332849837638263 0.03572728972177286
0 0.515783705099214 0.7443759415600731 0.03222409116255298 0.028386025009928817
0 0.40151020900623635 0.6335432584221288 0.022637448761914536 0.03846947164148906
0 0.4272428622116964 0.7366412573569517 0.025138515878368406 0.041930055296099056
0 0.39800837281588286 0.5168696086148947 0.02823014001588603 0.05125853693163096
0 0.8839821129231875 0.5440422968284454 0.03349043501390048 0.04500463347177275
0 0.752342203984393 0.5575739704273803 0.021505001267871804 0.05748687144872322
0 0.7028624987280091 0.6610079459241884 0.023117207030992626 0.03798971337241097
0 0.587158203125 0.49462890625 0.02392578125 0.009765625
0 0.5402755833960926 0.83235426770674 0.023400936738865008 0.026279486353333104