0 0.5120192307692307 0.40024038461538464 0.026442307692307692 0.06490384615384616
0 0.59375 0.39783653846153844 0.038461538461538464 0.04807692307692308
0 0.7259615384615384 0.3161057692307692 0.026442307692307692 0.06490384615384616
0 0.9122596153846154 0.6670673076923077 0.038461538461538464 0.03365384615384615
0 0.8269230769230769 0.6706730769230769 0.026442307692307692 0.03365384615384615
0 0.6754807692307693 0.6057692307692307 0.03365384615384615 0.036057692307692304
0 0.6694711538461539 0.7055288461538461 0.028846153846153848 0.055288461538461536
0 0.5444711538461539 0.625 0.028846153846153848 0.057692307692307696
0 0.6394230769230769 0.47596153846153844 0.02403846153846154 0.05048076923076923
0 0.7668269230769231 0.48677884615384615 0.03125 0.036057692307692304
0 0.44711538461538464 0.09975961538461539 0.03125 0.052884615384615384
0 0.6430288461538461 0.7175480769230769 0.03125 0.05048076923076923