0 0.19404562042083096 0.3023609009324648 0.031477258976990496 0.05305313576481474
0 0.22867349329932818 0.18017612319704815 0.024672569586326576 0.060002449816261606
0 0.5154505020454796 0.09509418835781173 0.026009580161769463 0.03075103430523729
0 0.32362130775136444 0.11602333974696122 0.025617883976990496 0.05287129780891201
0 0.5318535384911425 0.1610003839790791 0.026109005964202847 0.053537492638570626
0 0.7935296774329568 0.42944387229557224 0.05986290843287523 0.06890597755167842
0 0.8042835534323358 0.5437089892060757 0.059857226958450305 0.06760389421834508
0 0.2959928329290675 0.7570926805515912 0.06567399090026471 0.058020107174247805
0 0.09634545716052745 0.7769621992152776 0.051034075611901875 0.05951863728449077
0 0.1472516995978722 0.8040321035974536 0.04866084705499896 0.07506787146953127
0 0.17116076197512736 0.911377668440509 0.03636859368862755 0.055157792394733875
0 0.157958984375 0.9798177083333334 0.05712890625 0.040364583333333336
0 0.223876953125 0.9762369791666666 0.05712890625 0.047526041666666664
0 0.3271484375 0.990234375 0.052734375 0.01953125
0 0.348388671875 0.97265625 0.03466796875 0.0546875
0 0.38671875 0.9641927083333334 0.0361328125 0.07161458333333333
0 0.2700972078063226 0.8659838680198203 0.052010638111901875 0.05954894361047458
0 0.23532664696614747 0.7316279227625865 0.03389025785486666 0.04661848491310764
0 0.4413276860096417 0.8248578161429972 0.03731674881650382 0.04867768205405095
0 0.4634707864923845 0.8632384238083617 0.043707016124689524 0.05864029817294562
0 0.5446987589623398 0.9004365404183732 0.057447068817786606 0.0746895867367187
0 0.5590744856899512 0.8374819455286162 0.039380662567786606 0.07412891970601858
0 0.5213941225102627 0.7077742109160005 0.05783308352814087 0.051267239899710715
0 0.4540425581195989 0.7170268057422159 0.054398070354866546 0.04725491775876748
0 0.3574619708715028 0.6308192705182866 0.020811771381724742 0.0702978911789931
0 0.48120166020079425 0.6738605202813363 0.05681675070716752 0.04212235024039357
0 0.7415588096420282 0.6639525290525744 0.03827342615601714 0.04415069671336802
0 0.7534480038747711 0.7026513531407689 0.039653047789645735 0.02466490620234385
0 0.878662109375 0.5849609375 0.04248046875 0.011067708333333334
0 0.632568359375 0.6819661458333334 0.02587890625 0.054036458333333336
0 0.7899217048402567 0.7796550190793683 0.03243393631650382 0.04852615042413196