0 0.10442674421147524 0.2630751126951697 0.03678620417428946 0.05889032456001986
0 0.15155071128062358 0.1622458995220883 0.040635637506959865 0.054303509985427434
0 0.506685269210481 0.1860604699213123 0.014029820004175964 0.03179771148892652
0 0.5878766588011056 0.2458763646328433 0.017044732505170135 0.03934392868298209
0 0.7832960842019302 0.1440880413752491 0.022029815006363362 0.04850298858974156
0 0.8114533388118438 0.3418498088810742 0.017782665002386233 0.018910115664334093
0 0.7973215908955085 0.3432182226514718 0.020791895836647534 0.025968051608389664
0 0.3876953125 0.01416015625 0.0263671875 0.0283203125
0 0.38741998963138985 0.20824553345570584 0.03402662458724415 0.031361575856640234
0 0.98828125 0.026123046875 0.0234375 0.01513671875
0 0.8624327629694294 0.27887725014272435 0.03155112833684637 0.028246889653260387
0 0.7312151008762197 0.19624441313224705 0.03181816667329507 0.0511961084032605
0 0.45458984375 0.00390625 0.0302734375 0.0078125
0 0.5286866758831795 0.23212205226105392 0.027605106669715773 0.024532922977852922
0 0.4406713963040884 0.2566750991987079 0.02624821458764187 0.03369926750582508
0 0.40579252170690155 0.15207133584206767 0.017118594172698592 0.0456915849329822
0 0.5453400575618437 0.3216849502126842 0.01856071125576675 0.04384945915500993
0 0.8519011392275824 0.3380848498571776 0.02682740250536897 0.04154876724650103
0 0.8834739679642591 0.24241930123246597 0.027264548754772466 0.037191235737176975
0 0.6327911416892035 0.03901612072840993 0.02336966208823843 0.0378718003117694
0 0.8084076233539479 0.03817587112175014 0.024942457506164528 0.04726014328379724
0 0.5189281009060478 0.39969108973483125 0.03296517917528369 0.06591854538461228
0 0.5951394054841446 0.3669258302709546 0.02276206583684648 0.027580894321093563
0 0.00439453125 0.961669921875 0.0087890625 0.03857421875
0 0.09867963418999892 0.7678524806905175 0.024334861254772466 0.03696923729312129
0 0.03283018752982819 0.810672078458589 0.014983655837244148 0.029918585970278383
0 0.04904573878102125 0.8206821324008952 0.021319948753778295 0.02942302009906561
0 0.3417250658666746 0.8599348208157862 0.019894876670908834 0.03272998962703788
0 0.351318359375 0.9453125 0.01708984375 0.025390625
0 0.4573919317164466 0.8654015562820282 0.046688189175880246 0.0713490693735388
0 0.7033329608927246 0.9547762073513526 0.03675211417389168 0.05596063706001997
0 0.7681419783626975 0.738690765314633 0.04371838791971561 0.025753914420159063
0 0.8753255654489474 0.7682780835226649 0.046227974170511166 0.0317982881235388
0 0.7582687437838053 0.7706286145104382 0.0521328025043748 0.03614853501165016
0 0.9583390596156803 0.7750563206875756 0.040964832088437264 0.04066863472610338
0 0.867919921875 0.982177734375 0.05029296875 0.03564453125
0 0.9520187854322436 0.6511511670308161 0.040476550838437264 0.04063163498542749
0 0.5801330229799687 0.9742238667103384 0.04626774583764193 0.0352162568735388
0 0.5070328771482925 0.9808809368589467 0.04714772000318168 0.026989475104890692
0 0.809840771726787 0.9682132445687086 0.0499016179234939 0.05402994255827043