0 0.35096153846153844 0.09735576923076923 0.055288461538461536 0.057692307692307696
0 0.4362980769230769 0.1658653846153846 0.04326923076923077 0.06490384615384616
0 0.6009615384615384 0.18870192307692307 0.06971153846153846 0.07451923076923077
0 0.5108173076923077 0.21153846153846154 0.057692307692307696 0.0673076923076923
0 0.4735576923076923 0.11057692307692307 0.05048076923076923 0.057692307692307696
0 0.6081730769230769 0.09495192307692307 0.0625 0.0985576923076923
0 0.6045673076923077 0.02283653846153846 0.08413461538461539 0.038461538461538464
0 0.5204326923076923 0.4098557692307692 0.038461538461538464 0.10096153846153846
0 0.6790865384615384 0.6634615384615384 0.06009615384615385 0.052884615384615384
0 0.6274038461538461 0.7439903846153846 0.06490384615384616 0.05048076923076923
0 0.5925480769230769 0.890625 0.06009615384615385 0.08653846153846154
0 0.5384615384615384 0.9555288461538461 0.0625 0.03365384615384615
0 0.5168269230769231 0.9026442307692307 0.04807692307692308 0.040865384615384616
0 0.484375 0.890625 0.05048076923076923 0.057692307692307696
0 0.390625 0.9278846153846154 0.038461538461538464 0.055288461538461536
0 0.3713942307692308 0.8233173076923077 0.03365384615384615 0.052884615384615384
0 0.13942307692307693 0.9134615384615384 0.04326923076923077 0.07211538461538461
0 0.09495192307692307 0.9615384615384616 0.055288461538461536 0.0673076923076923
0 0.015625 0.8545673076923077 0.03125 0.07692307692307693
0 0.028846153846153848 0.6165865384615384 0.057692307692307696 0.07451923076923077
0 0.008413461538461538 0.5036057692307693 0.016826923076923076 0.0673076923076923
0 0.125 0.6694711538461539 0.05048076923076923 0.06971153846153846
0 0.22235576923076922 0.3269230769230769 0.05048076923076923 0.08653846153846154
0 0.4110576923076923 0.5480769230769231 0.052884615384615384 0.07932692307692307