0 0.20192307692307693 0.39663461538461536 0.06971153846153846 0.06490384615384616
0 0.15504807692307693 0.39663461538461536 0.0673076923076923 0.07451923076923077
0 0.2403846153846154 0.5240384615384616 0.07692307692307693 0.0889423076923077
0 0.27163461538461536 0.6514423076923077 0.09134615384615384 0.0985576923076923
0 0.16706730769230768 0.7439903846153846 0.08653846153846154 0.09134615384615384
0 0.49759615384615385 0.7800480769230769 0.08653846153846154 0.10336538461538461
0 0.5288461538461539 0.6574519230769231 0.04807692307692308 0.06009615384615385
0 0.6322115384615384 0.296875 0.0625 0.08173076923076923
0 0.5540865384615384 0.29927884615384615 0.07692307692307693 0.07211538461538461
0 0.5552884615384616 0.4362980769230769 0.07932692307692307 0.0673076923076923
0 0.6826923076923077 0.47475961538461536 0.10336538461538461 0.06971153846153846
0 0.7391826923076923 0.6153846153846154 0.04807692307692308 0.08413461538461539
0 0.7752403846153846 0.6105769230769231 0.04807692307692308 0.08173076923076923
0 0.8233173076923077 0.6201923076923077 0.0673076923076923 0.052884615384615384
0 0.9302884615384616 0.5504807692307693 0.08173076923076923 0.08653846153846154
0 0.8293269230769231 0.45072115384615385 0.07932692307692307 0.08413461538461539
0 0.8449519230769231 0.31850961538461536 0.07451923076923077 0.038461538461538464
0 0.6105769230769231 0.0625 0.10096153846153846 0.08653846153846154
0 0.8894230769230769 0.36778846153846156 0.0625 0.0625