0 0.10724833472270706 0.0947115700340041 0.049982957122299054 0.061591959589829326
0 0.0341796875 0.165283203125 0.068359375 0.05322265625
0 0.10824508057816257 0.3329075950330098 0.07084264161647191 0.0579300212593461
0 0.2361592312749387 0.06839086213496925 0.04613406289560762 0.0771658245892326
0 0.43727065969954015 0.12490820091201338 0.04593565131424038 0.08546092417249973
0 0.32161776382759555 0.16748991339610497 0.045690732814169355 0.06447051208923282
0 0.6972780916993276 0.06452938129076513 0.04242622447697486 0.06882527167210206
0 0.725358152949682 0.16979393337741278 0.038758690674672414 0.07561575583823843
0 0.8286133433445808 0.03774880047539503 0.03273965295949355 0.056998570004175964
0 0.8814314390775246 0.15257477964869015 0.04608911172704566 0.08985545542249973
0 0.9402732397760727 0.4119433721554513 0.029402293442153837 0.08722087250357946
0 0.884521484375 0.44287109375 0.04150390625 0.0341796875
0 0.834322410828446 0.4248649250576677 0.04033669022114772 0.06489629500517013
0 0.7230159835376561 0.3962371183760207 0.02196491889567853 0.0978721533358522
0 0.6040040097409681 0.3426274246101124 0.040223534424672414 0.07563280083843726
0 0.52197265625 0.310546875 0.0439453125 0.06640625
0 0.5384084365252222 0.1554165054354253 0.03534536847690406 0.04775531625457363
0 0.43505859375 0.46923828125 0.0537109375 0.0185546875
0 0.3243893236643648 0.5241337421427246 0.0545650510990614 0.06701418834042583
0 0.334654120165357 0.8180790546427246 0.07746931868049955 0.07997085751014144
0 0.20715382309010033 0.9127477742082936 0.08624753232589466 0.09373932084460179
0 0.5575102961004789 0.8111468708972982 0.056284106453595495 0.0323803095908235
0 0.6452303681343077 0.4997945675773544 0.054865769622299165 0.06164877625715881
0 0.8106647187450942 0.5968957246826943 0.059334707802586095 0.07780751084102233
0 0.9456799294955904 0.7453797042836594 0.0420340478664718 0.05759480292210206
0 0.7768167819783924 0.8156510642603935 0.0545247464827312 0.0518831512571587
0 0.7174061321935714 0.8335069067522404 0.05068670111064488 0.05379082292329507
0 0.53662109375 0.992919921875 0.0341796875 0.01416015625