0 0.23242369755974945 0.1773126971524684 0.046120679216874017 0.06299430500576675
0 0.17265821556733585 0.08768984797698585 0.05164360028297288 0.04890801042329515
0 0.20751927185200525 0.4706788217347412 0.05301831080278707 0.05575531125676103
0 0.4838575645677955 0.424055867605194 0.04619200489752373 0.039085568755965694
0 0.44052164328993504 0.18657470634743872 0.04693623844597594 0.043485781672698565
0 0.25271499542011844 0.3490516792399114 0.03894828778297299 0.04876028708823843
0 0.010498046875 0.644775390625 0.02099609375 0.06005859375
0 0.6044921875 0.59912109375 0.0693359375 0.080078125
0 0.6563552325041706 0.5852654867271847 0.03209790289086789 0.0735660425037783
0 0.6992439365086589 0.6458638388168151 0.05097023677523316 0.07085794000636336
0 0.769287109375 0.689697265625 0.03955078125 0.02001953125
0 0.8735695187134581 0.614178060923547 0.05994438153297277 0.049004598757755424
0 0.9704439200659343 0.6539056580203362 0.048761159476780946 0.06644068208943166
0 0.6729820446688815 0.23268097089332107 0.06819746044922714 0.08179330417528363
0 0.64223867782848 0.16489476005528153 0.074829963781889 0.03649109959320973
0 0.59375 0.41357421875 0.0478515625 0.0537109375
0 0.7759096235939593 0.210425257573775 0.07482033218715234 0.05308129875974388
0 0.7241460840167162 0.10086242048255378 0.043271493352323054 0.0727201583386361
0 0.726318359375 0.01220703125 0.05029296875 0.0244140625
0 0.2591452352633117 0.7616305800445434 0.030993592061610564 0.046227974170511166
0 0.29486590799132983 0.7942946308829807 0.032406373320434056 0.03697335708744298
0 0.31111129772801815 0.7251007350513045 0.018194154579257438 0.027536926668920353
0 0.3525390625 0.71337890625 0.0322265625 0.02734375
0 0.20888070565758415 0.7605570871210494 0.039085667706966754 0.059496792921505476
0 0.123779296875 0.715576171875 0.04345703125 0.03173828125
0 0.12668845238668602 0.7791451804433794 0.035648891407430994 0.042378540837840706
0 0.0678054951465932 0.7750397300186923 0.03723712332925738 0.027758511671505448
0 0.029052734375 0.717529296875 0.02392578125 0.03564453125
0 0.01123046875 0.723388671875 0.0224609375 0.03955078125
0 0.01513671875 0.933349609375 0.0302734375 0.05029296875
0 0.02099609375 0.973388671875 0.0419921875 0.02783203125
0 0.32659110876903696 0.9207257267216168 0.040270935811610564 0.046335925838437264
0 0.2735482633394709 0.8834626046307933 0.02799257888096074 0.07010262041991466
0 0.25046648046284525 0.9022498983778104 0.03313615947678117 0.06625886875397713
0 0.4111197320277072 0.820077975065622 0.03057182069489206 0.030608655837244148
0 0.4019189853956626 0.9025463713150255 0.030699569024149387 0.05793536083704531
0 0.45939788169179396 0.8133105596554513 0.03906686015743088 0.042418312504971356
0 0.4776204754153237 0.7856717050743716 0.037777467070434056 0.03703585542150545
0 0.46338417768730567 0.7532576475721842 0.02185362823560455 0.05685652833585217
0 0.43215298523684154 0.7357928138178094 0.031093356886532808 0.02280751917071004
0 0.4231031546410211 0.7317786121498833 0.018990450618886046 0.04120880166892035
0 0.557373046875 0.827392578125 0.02490234375 0.05322265625
0 0.561279296875 0.9013671875 0.01708984375 0.060546875
0 0.544890898258046 0.939390076334712 0.023351726927245187 0.04906675500278401
0 0.9396448456148574 0.7842001533905372 0.041527073956966865 0.05952520125517019
0 0.8209824146301834 0.7158795237905663 0.05449760194489206 0.030887057507158755
0 0.744140625 0.714599609375 0.0439453125 0.02978515625
0 0.6316343258924113 0.7957631037655106 0.03153393580278718 0.05550531792051122
0 0.597412109375 0.72119140625 0.05517578125 0.0400390625
0 0.99462890625 0.7421875 0.0107421875 0.0478515625