0 0.14235996088775316 0.38516108089491197 0.017033369171704393 0.03730255166892027
0 0.14861705255905977 0.41940894839570736 0.01979260666971583 0.02268820416931805
0 0.12400550007954181 0.569981044642128 0.024278044587442982 0.030551839169914663
0 0.3290498771681779 0.6114241630032347 0.015432165420113497 0.025566756668721435
0 0.3288109050763601 0.5489298446699676 0.024334861254772466 0.03543465166991466
0 0.25412283751391984 0.0881621104938885 0.017987205004772466 0.03536079000238623
0 0.22170446670113475 0.2391315813225819 0.0228870625049713 0.03688245041971572
0 0.1796373912665049 0.10633578423374693 0.011134222504573632 0.03381640291812493
0 0.12826093461568033 0.22242138297658814 0.02179118500357935 0.026617180836249865
0 0.5954538158418178 0.03301200086528262 0.048294732505170246 0.03864274083982924
0 0.42326132668284017 0.08764131584181778 0.03888102875357938 0.026816039171903172
0 0.3984375 0.33935546875 0.017578125 0.05859375
0 0.41855704047479847 0.39662675875735764 0.038580242505766776 0.042923638755170135
0 0.42298600381423 0.4415940870912212 0.03082455917309629 0.04771554458744298
0 0.4484962859046558 0.4941299458446018 0.06099572667190317 0.039278745424885964
0 0.5060506329815595 0.44744278293582296 0.0535181029201135 0.026009926673891792
0 0.4835723083923268 0.40373007668284017 0.051003177091618945 0.06162036792349401
0 0.6062836229660489 0.3343667571162769 0.0379726462543748 0.032664050838437264
0 0.6807065708794013 0.3108219896264185 0.04449643417309623 0.047874631255965694
0 0.7368301642067028 0.2670474692174408 0.040522004172300896 0.04196980292210206
0 0.6990617158656803 0.20997503754573654 0.042509219172698565 0.04492221708903377
0 0.645196689185823 0.11219344878857779 0.0404367791713065 0.03464558417210206
0 0.7992953900282374 0.18087202339272454 0.045177892092016725 0.06448187542269856
0 0.9091579871001697 0.09817738674110454 0.05027626583883493 0.04110687375676103
0 0.980224609375 0.0498046875 0.03955078125 0.0380859375
0 0.9677734375 0.120849609375 0.064453125 0.05322265625
0 0.986328125 0.26416015625 0.02734375 0.0537109375
0 0.9566192250407651 0.274975312997269 0.0418788962543748 0.032709504172300896
0 0.9775390625 0.314697265625 0.044921875 0.03271484375
0 0.2626953125 0.7216796875 0.04296875 0.0234375
0 0.2668172575936605 0.7647704892136626 0.03977804791931805 0.01999146500536897
0 0.02744581175900143 0.7522208475145163 0.029694591671306614 0.03452058750397713