0 0.20793269230769232 0.35697115384615385 0.021634615384615384 0.036057692307692304
0 0.31850961538461536 0.4098557692307692 0.026442307692307692 0.04326923076923077
0 0.578125 0.28966346153846156 0.03365384615384615 0.05048076923076923
0 0.5829326923076923 0.10697115384615384 0.06971153846153846 0.03365384615384615
0 0.6177884615384616 0.48677884615384615 0.02403846153846154 0.021634615384615384
0 0.5985576923076923 0.4891826923076923 0.028846153846153848 0.028846153846153848
0 0.04807692307692308 0.18990384615384615 0.038461538461538464 0.038461538461538464
0 0.05048076923076923 0.38822115384615385 0.04567307692307692 0.03365384615384615
0 0.8076923076923077 0.09254807692307693 0.04807692307692308 0.03365384615384615
0 0.8557692307692307 0.15504807692307693 0.04567307692307692 0.016826923076923076
0 0.9543269230769231 0.48677884615384615 0.04807692307692308 0.03365384615384615
0 0.6838942307692307 0.41947115384615385 0.04326923076923077 0.03125
0 0.4795673076923077 0.1141826923076923 0.038461538461538464 0.036057692307692304
0 0.5084134615384616 0.3473557692307692 0.04807692307692308 0.055288461538461536
0 0.13581730769230768 0.1622596153846154 0.04567307692307692 0.040865384615384616
0 0.15865384615384615 0.125 0.05048076923076923 0.040865384615384616
0 0.2403846153846154 0.4014423076923077 0.038461538461538464 0.028846153846153848
0 0.12259615384615384 0.4326923076923077 0.036057692307692304 0.036057692307692304
0 0.27163461538461536 0.8233173076923077 0.06009615384615385 0.040865384615384616
0 0.07451923076923077 0.3317307692307692 0.028846153846153848 0.04807692307692308
0 0.26322115384615385 0.4891826923076923 0.028846153846153848 0.04567307692307692
0 0.671875 0.4807692307692308 0.040865384615384616 0.04326923076923077
0 0.7115384615384616 0.38221153846153844 0.040865384615384616 0.040865384615384616
0 0.375 0.1971153846153846 0.036057692307692304 0.040865384615384616
0 0.05889423076923077 0.10576923076923077 0.040865384615384616 0.026442307692307692
0 0.6081730769230769 0.18269230769230768 0.038461538461538464 0.05048076923076923
0 0.23076923076923078 0.5697115384615384 0.05048076923076923 0.06971153846153846
0 0.33052884615384615 0.53125 0.03125 0.03125