0 0.013427734375 0.18017578125 0.02685546875 0.05078125
0 0.04996532849036084 0.28346100663110774 0.05477695899872859 0.06890402081738545
0 0.348388671875 0.029052734375 0.05712890625 0.05810546875
0 0.4176707413720877 0.19061301376115472 0.058055464869426476 0.05541120924418225
0 0.5308819375875518 0.09742840808172254 0.05667041780416904 0.03248188643049299
0 0.5399601522636902 0.14718418655133236 0.0322861481083383 0.06166104743340184
0 0.611083984375 0.07666015625 0.03759765625 0.068359375
0 0.15328182441649923 0.32937686939274335 0.051478644982732136 0.04638339550845316
0 0.15555292736215265 0.06308286309517322 0.04824007774751626 0.0365182908268995
0 0.18209017640783565 0.2566644166361382 0.04921664024751626 0.03655808269952099
0 0.35128518596581926 0.41961359676960797 0.05636137689651077 0.07042855237631773
0 0.12208182829707287 0.3836938021398344 0.03597321913051443 0.04721156929650938
0 0.16724228748908943 0.2120103059659466 0.05702914024751626 0.03687641768049299
0 0.74267578125 0.0185546875 0.0546875 0.037109375
0 0.7673505730877292 0.3827313416599233 0.04514089280538158 0.06413146677748127
0 0.8211015298094324 0.42774690242525515 0.043955135986428306 0.04364355021379218
0 0.9217373906037849 0.4528457348636874 0.05101033305047298 0.03468454144476407
0 0.918130358025015 0.5328044842458229 0.03888293731277348 0.059009903041752354
0 0.27587890625 0.58837890625 0.0458984375 0.037109375
0 0.32167935064438213 0.6327595021871311 0.05178752471794801 0.056129124572142475
0 0.2951330839744827 0.719492839639561 0.032266178790597344 0.07334000556078024
0 0.22468136285384407 0.8075285301099582 0.0540097519901242 0.04161995862631773
0 0.05326436778234789 0.7016087765449346 0.044811963166203395 0.08991089334592761
0 0.38529594012723256 0.7834643298726545 0.0551854435639858 0.09179355175845316
0 0.460849652725695 0.6806210344117714 0.030771542236428084 0.04310635993340184
0 0.4990950224227382 0.677116026379533 0.036999624338645676 0.041900163355441666
0 0.392333984375 0.580810546875 0.03857421875 0.02197265625
0 0.4941230732688944 0.8393754517122504 0.050671338166203395 0.09014964458165653
0 0.5636280246937021 0.7212055952960285 0.03932137585464224 0.06438099679175235
0 0.611572265625 0.8046875 0.03662109375 0.0673828125
0 0.5486312523403314 0.8512674712228252 0.03119001146055589 0.06015641181078024
0 0.5712890625 0.978515625 0.0380859375 0.04296875
0 0.54638671875 0.97900390625 0.0322265625 0.0419921875
0 0.5302734375 0.984375 0.0458984375 0.03125
0 0.6570975677968953 0.6775918237172478 0.02312845909234179 0.038901670888740636
0 0.8480554751823773 0.6931704288745026 0.035136200096037795 0.036957663046509326
0 0.8794453409927854 0.7974959933470214 0.02337759204677703 0.035991879325051324
0 0.9324883539693377 0.7140629106475004 0.03135942831646954 0.056270057747091096
0 0.9676347804829096 0.7544833191789513 0.028449710134210493 0.04447172400184812
0 0.9142429491356594 0.8243042146874046 0.025689439490124144 0.040465994320294296
0 0.8855740600236252 0.8833845843166311 0.028330135986428084 0.04300688025184818
0 0.9855122034903608 0.8574128448681709 0.020886343088645676 0.041243597457186976
0 0.7668023838845064 0.9612227331044139 0.03538525246425195 0.057894068987577096
0 0.800537109375 0.983154296875 0.02978515625 0.03369140625