0 0.03503307574241832 0.16982530210468694 0.03203912928248531 0.034219831067162865
0 0.071533203125 0.44580078125 0.03564453125 0.0078125
0 0.08286735357210873 0.13135830180064484 0.021861992240419514 0.0355056922178012
0 0.786865234375 0.306884765625 0.04443359375 0.024658203125
0 0.869384765625 0.30908203125 0.0341796875 0.016357421875
0 0.892822265625 0.257568359375 0.036865234375 0.02392578125
0 0.893798828125 0.201416015625 0.0283203125 0.018310546875
0 0.973876953125 0.188720703125 0.034912109375 0.028564453125
0 0.978759765625 0.162841796875 0.0390625 0.02099609375
0 0.96533203125 0.102783203125 0.028564453125 0.029296875
0 0.97998046875 0.04248046875 0.03515625 0.021484375
0 0.611083984375 0.4140625 0.0517578125 0.0244140625
0 0.554443359375 0.41259765625 0.050537109375 0.026611328125
0 0.45751953125 0.292724609375 0.03564453125 0.033447265625
0 0.4150390625 0.2099609375 0.040771484375 0.0302734375
0 0.3642578125 0.11474609375 0.048095703125 0.01806640625
0 0.293212890625 0.08349609375 0.043212890625 0.02587890625
0 0.322021484375 0.143798828125 0.02587890625 0.0263671875
0 0.371826171875 0.388671875 0.031494140625 0.014892578125
0 0.00830078125 0.564697265625 0.0166015625 0.04345703125
0 0.17587660030669106 0.9782510638236943 0.024535782380638915 0.030674017603333326
0 0.78173828125 0.634765625 0.041259765625 0.028564453125
0 0.810302734375 0.57080078125 0.039306640625 0.037841796875
0 0.8037109375 0.67236328125 0.025146484375 0.02978515625
0 0.9296875 0.6728515625 0.044677734375 0.0263671875
0 0.98681640625 0.6591796875 0.026123046875 0.02783203125
0 0.890380859375 0.529296875 0.033447265625 0.029296875
0 0.95068359375 0.50634765625 0.03173828125 0.031494140625
0 0.56640625 0.4833984375 0.0302734375 0.02197265625
0 0.634521484375 0.5 0.04541015625 0.035888671875
0 0.419921875 0.5703125 0.04931640625 0.03466796875
0 0.29541015625 0.86328125 0.0341796875 0.027099609375
0 0.335205078125 0.884765625 0.03564453125 0.015380859375
0 0.32177734375 0.82177734375 0.02880859375 0.010986328125
0 0.698486328125 0.53662109375 0.041259765625 0.037109375
0 0.8994140625 0.837890625 0.039306640625 0.01708984375
0 0.67724609375 0.83056640625 0.02978515625 0.037109375