0 0.28725961538461536 0.9302884615384616 0.055288461538461536 0.0625
0 0.3076923076923077 0.8882211538461539 0.04807692307692308 0.057692307692307696
0 0.4699519230769231 0.8509615384615384 0.05048076923076923 0.06009615384615385
0 0.4951923076923077 0.7620192307692307 0.052884615384615384 0.06009615384615385
0 0.5348557692307693 0.8125 0.06009615384615385 0.06490384615384616
0 0.5336538461538461 0.7007211538461539 0.052884615384615384 0.052884615384615384
0 0.4831730769230769 0.6574519230769231 0.06490384615384616 0.06009615384615385
0 0.47716346153846156 0.33413461538461536 0.07211538461538461 0.06971153846153846
0 0.8245192307692307 0.6754807692307693 0.06009615384615385 0.06971153846153846
0 0.8161057692307693 0.7175480769230769 0.05048076923076923 0.05048076923076923
0 0.23677884615384615 0.3713942307692308 0.04567307692307692 0.052884615384615384
0 0.3858173076923077 0.6057692307692307 0.04567307692307692 0.04567307692307692