0 0.163330078125 0.591552734375 0.06591796875 0.01611328125
0 0.45703125 0.16943359375 0.052490234375 0.0390625
0 0.5263671875 0.2421875 0.030517578125 0.02294921875
0 0.5849609375 0.199462890625 0.044921875 0.027587890625
0 0.671630859375 0.279541015625 0.050537109375 0.042236328125
0 0.537109375 0.363037109375 0.050537109375 0.025634765625
0 0.37841796875 0.42041015625 0.036376953125 0.031982421875
0 0.310546875 0.39404296875 0.04150390625 0.027587890625
0 0.29443359375 0.43603515625 0.041259765625 0.02197265625
0 0.350830078125 0.50830078125 0.04345703125 0.025390625
0 0.889892578125 0.498046875 0.042724609375 0.037841796875
0 0.8662109375 0.3974609375 0.0380859375 0.02001953125
0 0.66357421875 0.424072265625 0.0302734375 0.0341796875
0 0.409912109375 0.060302734375 0.03369140625 0.057861328125
0 0.482666015625 0.358642578125 0.031005859375 0.037353515625
0 0.439453125 0.45751953125 0.05859375 0.03466796875
0 0.19189453125 0.7099609375 0.0361328125 0.0654296875
0 0.705482792209932 0.6982258998073565 0.04474400136921908 0.07651532184962173
0 0.6787480075617061 0.8016105538598204 0.060925466466595024 0.08145415783038035
0 0.7561961117628417 0.9014061748108173 0.04785514280602765 0.05915623023947969
0 0.8333494919377358 0.9620767147932834 0.03982104530205621 0.04596026999123293
0 0.97607421875 0.66748046875 0.0478515625 0.0830078125
0 0.988037109375 0.823486328125 0.02392578125 0.06689453125
0 0.8073314932552516 0.7443476827530932 0.0937315916692898 0.11672245479189769
0 0.42511338398262866 0.853792748494602 0.08344001318957395 0.05802246684085466
0 0.3943296765958906 0.7970713670173502 0.10720990944553122 0.07856737883559461
0 0.35324970145482804 0.9381541062603824 0.13123796646659502 0.08595998756459977