0 0.5263671875 0.115234375 0.0263671875 0.07161458333333333
0 0.4429903811623902 0.24361553812877426 0.047386448956966865 0.0808221805040737
0 0.2718924140125456 0.31420915397451793 0.052245638110062664 0.06935351413975684
0 0.7101038482592943 0.3011841995717314 0.027002024628793198 0.0603815354652261
0 0.989990234375 0.21158854166666666 0.02001953125 0.03125
0 0.8026454124476838 0.23555298209068276 0.02766575654179615 0.05326554688383508
0 0.07512125297972605 0.6056174672690037 0.034790901281889 0.0490492783567363
0 0.1943279322230702 0.6463850553692514 0.04411067592832918 0.08391824470560867
0 0.087375075283597 0.69572576604416 0.054426276264242235 0.07465278697697493
0 0.1728829948818913 0.42427444239255996 0.0562323897455117 0.08253349160488854
0 0.47605794879814556 0.45386681558500247 0.06022395717832918 0.08466849561265806
0 0.38857282521300984 0.78086129478701 0.07289564633142476 0.07356358726388024
0 0.0830078125 0.39453125 0.0283203125 0.049479166666666664
0 0.25045274810867246 0.5087321011209104 0.04987991769814348 0.09328291167462521
0 0.8997429667969087 0.4473895330595101 0.02347511509907174 0.046573251209399036
0 0.9416638286162589 0.47740358002056804 0.027210730233437008 0.04284888021716856
0 0.8106464435829797 0.7150937508429086 0.03085139634024825 0.05926133113966229
0 0.6563683761325154 0.7451098997350805 0.026551814117802275 0.038919895341197254
0 0.8396371263531004 0.4267029530520241 0.03057663649226039 0.030660967558271263
0 0.994140625 0.8108723958333334 0.01171875 0.043619791666666664
0 0.5755696409309676 0.7547432641462978 0.04516819570371544 0.03004093050407401
0 0.6059091326743117 0.7996485996733022 0.041972924310526794 0.046135093162970854
0 0.824462890625 0.3811848958333333 0.02978515625 0.022786458333333332
0 0.9229217806588325 0.8436010895478558 0.035312437473529856 0.03867808144201194
0 0.7639189107416475 0.6422473631376778 0.032434812464706475 0.050888728976880536