0 0.33251953125 0.2329333476147709 0.0166015625 0.023040676837265295
0 0.27001953125 0.11744011445800517 0.0263671875 0.04535435622683326
0 0.22705078125 0.09062030377210367 0.02392578125 0.05015191294194121
0 0.1474609375 0.006591796875 0.021484375 0.01318359375
0 0.14208984375 0.023762986336343994 0.03125 0.03575924279661713
0 0.10888671875 0.04005918376087464 0.02978515625 0.044497151825681924
0 0.0810546875 0.09132406845864305 0.0224609375 0.017385915721006118
0 0.1533203125 0.07708174722584094 0.0439453125 0.030831479128055284
0 0.08056640625 0.2368489321156214 0.029296875 0.02153088191870356
0 0.07080078125 0.26599854900518927 0.02978515625 0.045473714325682035
0 0.10888671875 0.2778521525108746 0.02587890625 0.03605996131985467
0 0.119140625 0.3243690782143285 0.03369140625 0.038774186081508955
0 0.2392578125 0.41490105609764383 0.033203125 0.03289775992453059
0 0.33740234375 0.38461830479498693 0.0380859375 0.03697452149431468
0 0.43310546875 0.014966165783828839 0.0185546875 0.02310888146517892
0 0.4189453125 0.035480180586202226 0.02392578125 0.013042537941941212
0 0.451171875 0.04900324172562831 0.0283203125 0.010266310854746719
0 0.41357421875 0.06691774331296452 0.02392578125 0.022319881691941212
0 0.443359375 0.07027215398728259 0.033203125 0.0172727599245307
0 0.4990234375 0.062468947091745886 0.02099609375 0.0202644497500708
0 0.52685546875 0.08151656239397748 0.017578125 0.020633372901222136
0 0.56396484375 0.08852145571361969 0.03173828125 0.021616137703595495
0 0.57568359375 0.050514571696138266 0.0263671875 0.02972935622683326
0 0.68505859375 0.08673417503297831 0.0185546875 0.018226068965178976
0 0.6015625 0.18339992287628348 0.02490234375 0.026260234005897942
0 0.7158203125 0.17257401464333966 0.0283203125 0.02735615460474672
0 0.75 0.12450543365485212 0.02099609375 0.0192878872500708
0 0.75732421875 0.16428872880017625 0.02490234375 0.024795390255898053
0 0.69287109375 0.12015276277132403 0.0400390625 0.028253663622228142
0 0.677734375 0.012282911137654229 0.02197265625 0.020786833314027642
0 0.8515625 0.0701775430033465 0.01611328125 0.02204706318028693
0 0.85107421875 0.014404296875 0.0205078125 0.02880859375
0 0.515625 0.4241938952544806 0.0166015625 0.020599270587265295
0 0.482421875 0.4575799364290112 0.048828125 0.028560584447839155
0 0.82177734375 0.00439453125 0.021484375 0.0087890625
0 0.9013671875 0.30086019999155045 0.0244140625 0.019895526598919577
0 0.9365234375 0.3299059541891063 0.0361328125 0.024699285616401223
0 0.6259765625 0.1737583025273638 0.021484375 0.019793219657049166
0 0.61083984375 0.158173607143694 0.025390625 0.03506634766287642
0 0.28759765625 0.7099872196668608 0.0380859375 0.05259952149431457
0 0.32177734375 0.5930709824283733 0.03515625 0.06958705830244427
0 0.3056640625 0.7782039831086602 0.02197265625 0.05447823956402764
0 0.155029296875 0.490234375 0.04150390625 0.0205078125
0 0.21484375 0.5328403420566412 0.037109375 0.06819041918035784
0 0.6630859375 0.5462363077428971 0.06201171875 0.061247528186255895
0 0.6533203125 0.594917174632465 0.04052734375 0.06440352727920651
0 0.63818359375 0.6872426354987952 0.05078125 0.06622644532575284
0 0.38134765625 0.935791015625 0.04296875 0.07275390625
0 0.76708984375 0.8131122238064996 0.03759765625 0.08529731408733632
0 0.68115234375 0.7321288524346966 0.03173828125 0.044565356453595495
0 0.5947265625 0.838662532219872 0.06201171875 0.0837084656862559
0 0.603515625 0.96728515625 0.0380859375 0.0654296875
0 0.79248046875 0.9494325948936231 0.04541015625 0.0860584138489906
0 0.95849609375 0.7170727015209697 0.0400390625 0.07366381987222814
0 0.982666015625 0.496337890625 0.03466796875 0.03271484375