0 0.408935546875 0.032877604166666664 0.02197265625 0.039713541666666664
0 0.2869791473483526 0.02689057488972983 0.03705357497683326 0.03908891086039815
0 0.06462670667368017 0.10323616199992114 0.020338856680357842 0.05155178522822782
0 0.10515249467353843 0.16379613498182533 0.024296260151292992 0.05393006275367629
0 0.35090053358535167 0.5777113337320321 0.04771670899431468 0.05582993623970012
0 0.2898157796145583 0.5168724349915236 0.028219561308271413 0.05500625694579142
0 0.37969518767865684 0.46919984421312816 0.03775267241294733 0.06578161919373156
0 0.39822815677125317 0.6403174069668044 0.030575711773379477 0.052016768940863635
0 0.2877122850038426 0.615883912390538 0.029684405058271413 0.05516568914283463
0 0.12111692066657728 0.6199503467256454 0.037820877040860845 0.06838578586039823
0 0.0126953125 0.6194661458333334 0.025390625 0.046223958333333336
0 0.4150390625 0.3994140625 0.009765625 0.055338541666666664
0 0.3158388738710942 0.23373565948740374 0.03846726525589794 0.03729521805744144
0 0.15334505961491268 0.36164612980772715 0.021729293500070912 0.030279986490952204
0 0.369873046875 0.6588541666666666 0.02587890625 0.041666666666666664
0 0.3596803236790821 0.2985738909290753 0.018850759471006118 0.03191424709686578
0 0.41552734375 0.13444010416666666 0.0087890625 0.056640625
0 0.6514136323241226 0.44044675571377856 0.06132658166877425 0.07354086767975554
0 0.6586665349459255 0.5561461144264142 0.06129247935481752 0.07223878434642235
0 0.07054495180074327 0.8205228198485313 0.03160963004668793 0.07290324633987784
0 0.19050558808584783 0.7460909563443324 0.04026228329086079 0.06865150618880349
0 0.1134765086846965 0.733136902300059 0.0333240388489906 0.0640012392692686
0 0.5539155099873535 0.8449318376337077 0.060793349250212625 0.09036166288172669
0 0.5474454048364148 0.7554335777847822 0.05641431340704928 0.03470425682097374
0 0.5126953125 0.9814453125 0.0458984375 0.037109375
0 0.685791015625 0.9908854166666666 0.04833984375 0.018229166666666668
0 0.7744140625 0.9794921875 0.0478515625 0.041015625
0 0.7201450626737511 0.7239569365054995 0.040637408744385484 0.08297442285547015
0 0.900331692778356 0.761849407474157 0.03447111291877436 0.07061794406729745
0 0.98388671875 0.833984375 0.0322265625 0.052083333333333336