0 0.19634451631136884 0.027440888665685725 0.03511765355066476 0.05310368333764193
0 0.281494140625 0.023193359375 0.01611328125 0.04638671875
0 0.12106488375553592 0.19713618117443532 0.0451023119405225 0.056635285422300896
0 0.19876924400724338 0.13426653074775963 0.049239961828627 0.06790552583943155
0 0.14550592468392254 0.29541104867025936 0.055099336828627 0.067973705840227
0 0.010986328125 0.406982421875 0.02197265625 0.05517578125
0 0.21785604854766338 0.45314225324239055 0.04880845253668342 0.0459442329228974
0 0.301025390625 0.018310546875 0.02294921875 0.03662109375
0 0.35009765625 0.008544921875 0.0419921875 0.01708984375
0 0.50537109375 0.015625 0.0439453125 0.03125
0 0.820068359375 0.013671875 0.03564453125 0.02734375
0 0.716064453125 0.00830078125 0.04248046875 0.0166015625
0 0.7433184482973416 0.026645455323072498 0.029459136431801536 0.02571448000377824
0 0.6791163956487627 0.06154671449815735 0.03613206402270208 0.03847797250457363
0 0.6910680424914628 0.12630062574596995 0.02964032184962173 0.04376952292031233
0 0.7451108088201358 0.1281113669886123 0.043600368695782654 0.033197785422300896
0 0.796292277627814 0.10604746198185122 0.03377216272725181 0.03210758958764193
0 0.7876538585386665 0.1266404994828455 0.026397729506967504 0.03885262041991466
0 0.5694350482938808 0.08282757576287259 0.04351886374123315 0.039539760005567914
0 0.5972059955299456 0.1595953415917648 0.03606948305417146 0.03750141000457363
0 0.6057644066191389 0.20877538784017396 0.038229274945782654 0.03313528708823843
0 0.647362932799233 0.24488513158420833 0.01745877207341273 0.0211835887521874
0 0.7057136648901796 0.30129246615912353 0.028995588178294618 0.04132243500357946
0 0.7512679070632601 0.306129483236226 0.03147484240033238 0.02671376917071
0 0.7601763224898473 0.32700626198483407 0.026041167681801536 0.025674708336647534
0 0.7346358025562925 0.3448684703214817 0.038116479506967504 0.03898898042150556
0 0.8264457925318369 0.374051027808755 0.03668292624123293 0.039460216671306725
0 0.8180395218080918 0.42147680739281745 0.017853181870616464 0.01972442666892027
0 0.6955377000161482 0.4448585169925894 0.02487030478843666 0.03785901291971583
0 0.674134829970698 0.4514504849121064 0.029940860194029195 0.0408455170870452
0 0.658239833633258 0.41016248199795846 0.04246735377445554 0.030745015838834933
0 0.6071900842504137 0.44539861742125364 0.03715228350521427 0.046784435421306725
0 0.6077962214724053 0.3902569261716513 0.02987827922549835 0.0398689545870452
0 0.610337308185676 0.36583150033818534 0.0324324809143135 0.03404366958744287
0 0.6204594950108421 0.35253995492025936 0.03154978986710977 0.03549715000397713
0 0.6736319367905579 0.34509039741310055 0.025621276410806804 0.04957776291971583
0 0.4822125718150135 0.3170668999393494 0.018040924776209 0.02265411416892038
0 0.42725357852297796 0.20011837203116717 0.029214621568152577 0.04474040375357935
0 0.3860996766103719 0.1722980462036669 0.027086120160806693 0.04959480791991466
0 0.3125488963235966 0.07898587663113799 0.023236642118863116 0.027593743336249865
0 0.305908203125 0.103271484375 0.03271484375 0.03466796875
0 0.31340179384113054 0.15704269663034254 0.045822741555924806 0.029808225005965694
0 0.3774985358238724 0.4968630357853432 0.03523700647725181 0.03212463458784054
0 0.4773640437084701 0.46886555202201996 0.04037014285137519 0.036087701255170135
0 0.3226873708414063 0.8956204195675576 0.04475155912583073 0.06638954708883493
0 0.324284682493538 0.9468331341502281 0.05354062162583073 0.06649181709002816
0 0.3204249045773332 0.7634211974856825 0.03807207404715779 0.06875141000457363
0 0.34099961010174284 0.6631587729004269 0.03994444256990598 0.037058582088437264
0 0.41698299371885256 0.6271445912237512 0.030353445499954057 0.07012534708684637
0 0.44506834275216706 0.775144602885314 0.025984395723745057 0.0476303195864487
0 0.46333560688330394 0.8022554045492629 0.029576992403793134 0.08085048958664753
0 0.4929802407888045 0.659438649546479 0.018422219597868383 0.051445662918721435
0 0.5711816852101775 0.7258612603686102 0.029296126522702304 0.03839842917031233
0 0.9462478297572894 0.5834164165688965 0.03782249865033238 0.02678763083823843
0 0.9305544397782841 0.6075069661541521 0.04453908322374511 0.047846222922300896
0 0.9203638629741127 0.6447072478218794 0.04991017697374511 0.04790872125636336
0 0.8858028806524534 0.673896513242987 0.035142386547157844 0.06871732000417596
0 0.8598046214758661 0.6532185928300325 0.022854598819905814 0.036859723752784124
0 0.8347450768272413 0.6178922349170777 0.03707077855066454 0.05312641000457363
0 0.8433355268779978 0.704641529081822 0.026316224552418 0.04519459500318179
0 0.948005336217237 0.8224753707332433 0.026973324721991654 0.05544850125318179
0 0.9353428111560981 0.8982498711509705 0.014860164924787922 0.056771303334858025
0 0.9015262429690364 0.9005950311555442 0.04293015355066454 0.05319459000536897
0 0.935302734375 0.97998046875 0.02099609375 0.0400390625
0 0.906005859375 0.98583984375 0.02880859375 0.0283203125
0 0.819091796875 0.9921875 0.05712890625 0.015625
0 0.8433581932505056 0.9022477119967653 0.0358562586747877 0.0570156150043748
0 0.8450209009724512 0.7773215736642938 0.05157513012758397 0.058662272089829326
0 0.796022460098282 0.7120229065881855 0.052283193244739845 0.024028393340226994
0 0.7547171662975255 0.6256542840945488 0.04477704059962173 0.04394565458903377
0 0.7058905382521211 0.7023375091005144 0.03132419898947969 0.047204536670511166
0 0.71142578125 0.5771484375 0.02734375 0.0146484375
0 0.6003665132486603 0.7577241961977013 0.01998093480066454 0.05292755166892027
0 0.6348482360476634 0.8363655436923322 0.034441629395072115 0.050168314170908834
0 0.6219782956176153 0.8696936653604572 0.045303169821659384 0.029314262089232823
0 0.666424255865862 0.8613698153544915 0.04179713862933754 0.05074182042190323
0 0.7068017046823071 0.8784649986821906 0.01911061025170735 0.062187850418721435
0 0.7442931229812642 0.8872991724270205 0.028068491671281115 0.07253834500318179
0 0.7779953987749153 0.8029852607565091 0.048958347470238195 0.06351099458943166
0 0.7419062432574273 0.7951106045114806 0.02328029910137519 0.03588884291951677
0 0.66162109375 0.992431640625 0.0439453125 0.01513671875
0 0.562255859375 0.981689453125 0.04931640625 0.03662109375
0 0.5036156206683718 0.9579201928757689 0.031211403550664596 0.053058230003778295
0 0.4438371443221649 0.8781094483012515 0.052363949721991654 0.05574394792329507