0 0.14089797714965885 0.01155027631208494 0.03420377584770551 0.023030835400999483
0 0.11188073834123058 0.12079817553164429 0.03249011566876414 0.038542125077396516
0 0.12863348996937674 0.17712175790854112 0.02466557149491133 0.02745880660658795
0 0.18603395471303874 0.16469134486029025 0.026438106260131655 0.044594134486029
0 0.28268154854043537 0.1998877662308034 0.02069109530074953 0.02581202633882318
0 0.3690471089211715 0.15031588450994904 0.028946392421308476 0.025222078939073134
0 0.3289144579693311 0.2824327321114939 0.02264422030074964 0.02590299459770562
0 0.13033248578150736 0.2868258447054971 0.029423975780440648 0.035475985189073134
0 0.13380401635885827 0.41366525938189413 0.03166070344795541 0.03119516426267599
0 0.0937180510734203 0.21203719680449762 0.02954838399491133 0.02768622725379366
0 0.22525834173205272 0.21182989802905433 0.029775804642117154 0.03256903975379366
0 0.1323298210009754 0.44477880699357075 0.03403388350379366 0.029844030836279067
0 0.10486966811140258 0.3991626258781005 0.014116018403543817 0.020633566997455777
0 0.6787004567281678 0.2015987338437749 0.048753239763925316 0.07389235576901387
0 0.6966826261342103 0.3052401133412306 0.048263612230940334 0.05291900408373462
0 0.7814188355529743 0.34621563934372923 0.07105363652789631 0.05056991237560182
0 0.570068359375 0.014404296875 0.05126953125 0.02880859375
0 0.5453541913487265 0.19441358767505645 0.06124387368144013 0.07008911820174912
0 0.7270563111279635 0.09958543139831821 0.04576602396063145 0.06205989544541102
0 0.9203313769109942 0.033555170980712146 0.0461512927778962 0.04941006707485229
0 0.6916179494894574 0.4789424838437749 0.0673774997410721 0.09717200759895483
0 0.8180145670452957 0.4833678348564052 0.057487466526601305 0.10450692423982266
0 0.903076171875 0.533447265625 0.07080078125 0.05224609375
0 0.0166015625 0.571044921875 0.033203125 0.02294921875
0 0.0727539786230118 0.6433435669946375 0.0417567615278962 0.049205388492367
0 0.10619260196812741 0.77547649761899 0.035635179642117265 0.03284194453044065
0 0.42550848996937674 0.8317627459373672 0.04473193315733748 0.05031840338069049
0 0.3030529086521119 0.8387270581277809 0.037600348815969964 0.04365235822460245
0 0.0902786865416847 0.8731541434007255 0.04480015935149906 0.05178324713069049
0 0.24005251085524715 0.6472378451937966 0.035362274865470056 0.026982569530440648
0 0.6776488642460694 0.7633816856635841 0.0734963890608813 0.07163423231976362
0 0.5647275208056557 0.8809022389364831 0.04391591139336648 0.07464149762180816
0 0.5085510887079501 0.8568480106230575 0.05793961525504299 0.07237132999870499
0 0.47265625 0.912109375 0.025390625 0.1142578125