0 0.3616440763322364 0.08916219961241278 0.04234699111204687 0.057572544524001845
0 0.3019850629292248 0.10469750540392753 0.030519644272724245 0.04266271496239149
0 0.2816306240034888 0.16127034942695273 0.04359297956262842 0.052235545390733495
0 0.06097887870855412 0.04542717040364552 0.0446076723144766 0.0771378891407335
0 0.006591796875 0.050537109375 0.01318359375 0.07177734375
0 0.0146484375 0.0908203125 0.029296875 0.0419921875
0 0.0630074551583486 0.12733340680896243 0.026931729253696246 0.05038429598444005
0 0.4248046875 0.1953125 0.03125 0.0693359375
0 0.814697265625 0.0185546875 0.04248046875 0.037109375
0 0.836181640625 0.220703125 0.06298828125 0.0185546875
0 0.2533342962222783 0.5734751342262802 0.03425428638292294 0.07445782057361106
0 0.24804530040516626 0.7511640497373044 0.04168876359301865 0.06536231477951393
0 0.3451469783761103 0.9420799772048607 0.041650633341170584 0.040482700774001845
0 0.16886828645537183 0.6710534631465276 0.03953834085068453 0.036530991285026015
0 0.044999031583537644 0.5983247361799479 0.0419689683221425 0.048295200774001734
0 0.1641644938691987 0.379447681302821 0.04195818954360042 0.06000258590175783
0 0.02490234375 0.714111328125 0.0498046875 0.05029296875
0 0.3492944067735446 0.5409969115109589 0.043164386121560705 0.05368902426848954
0 0.013671875 0.922607421875 0.02734375 0.02978515625
0 0.16658856188350277 0.8467210644240883 0.03920010993340184 0.028230210035026015
0 0.30126953125 0.250732421875 0.025390625 0.04150390625
0 0.41552734375 0.234375 0.046875 0.0087890625
0 0.18009547547679486 0.9103108673900389 0.02917417614058876 0.04555830784565984
0 0.1531338370491778 0.5304402362752603 0.03609881454360042 0.05986620743483073
0 0.990234375 0.29541015625 0.01953125 0.06640625
0 0.455322265625 0.527587890625 0.01123046875 0.07763671875