0 0.9519230769230769 0.8737980769230769 0.09134615384615384 0.0985576923076923
0 0.9519230769230769 0.9603365384615384 0.09134615384615384 0.07451923076923077
0 0.7836538461538461 0.9711538461538461 0.07211538461538461 0.052884615384615384
0 0.7932692307692307 0.8413461538461539 0.06971153846153846 0.07692307692307693
0 0.6935096153846154 0.9158653846153846 0.06971153846153846 0.0673076923076923
0 0.7319711538461539 0.9723557692307693 0.06490384615384616 0.05048076923076923
0 0.7776442307692307 0.9098557692307693 0.07451923076923077 0.06971153846153846
0 0.9747596153846154 0.7259615384615384 0.04567307692307692 0.10096153846153846
0 0.9435096153846154 0.5637019230769231 0.04567307692307692 0.04326923076923077
0 0.8677884615384616 0.4411057692307692 0.06971153846153846 0.06971153846153846
0 0.7896634615384616 0.4074519230769231 0.05048076923076923 0.05048076923076923
0 0.7668269230769231 0.3473557692307692 0.07211538461538461 0.06490384615384616
0 0.9098557692307693 0.23197115384615385 0.0625 0.06971153846153846
0 0.4579326923076923 0.3894230769230769 0.07692307692307693 0.09134615384615384
0 0.36538461538461536 0.36177884615384615 0.07692307692307693 0.08413461538461539
0 0.23076923076923078 0.3125 0.06009615384615385 0.06971153846153846
0 0.20552884615384615 0.36778846153846156 0.05048076923076923 0.04807692307692308
0 0.1346153846153846 0.4483173076923077 0.04807692307692308 0.057692307692307696
0 0.2283653846153846 0.5492788461538461 0.06490384615384616 0.07451923076923077
0 0.3545673076923077 0.6610576923076923 0.07451923076923077 0.08413461538461539
0 0.3293269230769231 0.7860576923076923 0.06009615384615385 0.06971153846153846
0 0.2824519230769231 0.8293269230769231 0.057692307692307696 0.08173076923076923
0 0.2439903846153846 0.7944711538461539 0.052884615384615384 0.06490384615384616
0 0.2608173076923077 0.90625 0.0625 0.07211538461538461
0 0.4362980769230769 0.9326923076923077 0.07692307692307693 0.07451923076923077
0 0.4326923076923077 0.8786057692307693 0.052884615384615384 0.05048076923076923
0 0.42427884615384615 0.8185096153846154 0.07692307692307693 0.057692307692307696
0 0.5348557692307693 0.5444711538461539 0.08413461538461539 0.07451923076923077
0 0.4855769230769231 0.4855769230769231 0.07932692307692307 0.0625
0 0.6971153846153846 0.6574519230769231 0.05048076923076923 0.057692307692307696
0 0.1346153846153846 0.8149038461538461 0.07211538461538461 0.0673076923076923
0 0.3942307692307692 0.33052884615384615 0.0625 0.052884615384615384
0 0.46875 0.3112980769230769 0.04807692307692308 0.057692307692307696
0 0.7307692307692307 0.6622596153846154 0.04567307692307692 0.05048076923076923
0 0.609375 0.8221153846153846 0.05048076923076923 0.055288461538461536
0 0.9627403846153846 0.35697115384615385 0.06009615384615385 0.07932692307692307
0 0.9675480769230769 0.1814903846153846 0.06009615384615385 0.06971153846153846