0 0.46799549391996553 0.033156077468538325 0.0222799160570748 0.03518033834770562
0 0.5090797164099179 0.05519426734673011 0.026117976823611055 0.03243258736547017
0 0.37200096480651085 0.23510656780097783 0.029331786129709214 0.04477607100379366
0 0.2171252978350482 0.25942838813212243 0.025561506340147644 0.02948015780074953
0 0.4085043272691843 0.018329742299728558 0.02980829425097653 0.023337180133234825
0 0.13617289418524353 0.26759810212573876 0.044434002006488726 0.023042879574852293
0 0.16530011261456212 0.3009470311219451 0.040811873812586774 0.035067974307087635
0 0.07927210189309947 0.3220622203274879 0.03056933243483073 0.03507867219795546
0 0.4807760761165152 0.33024645394189134 0.034339203967903575 0.02940123371572012
0 0.3272369732484596 0.18097826781110954 0.03113716779053821 0.03851938301267599
0 0.784698047111285 0.33955589136449477 0.024255770801562715 0.03624786910658784
0 0.7342118755331384 0.3335975427807145 0.02838890998995236 0.025222078939073134
0 0.5540766546942493 0.09171645988596178 0.02850255871239149 0.030104891439073078
0 0.1810996019536677 0.46085581097598866 0.021121515601171925 0.027322354218264344
0 0.16136378425327708 0.4529764310648119 0.011503225683854201 0.012241817488573337
0 0.533935546875 0.71875 0.01123046875 0.015625
0 0.06236729584147151 0.4419453281383691 0.01840776067380645 0.03646324557994085
0 0.6346086243804694 0.8080531808326222 0.06005981851946618 0.06571732901646965
0 0.865234375 0.36767578125 0.0419921875 0.015625
0 0.5595703125 0.460205078125 0.0400390625 0.07470703125