0 0.1440303709072409 0.09097166496758669 0.05762923501153361 0.08562001084102233
0 0.09497566341599051 0.15600431997434772 0.060808573758749596 0.06515197000815309
0 0.037120872180308045 0.26216055164903485 0.04991866292369285 0.05233166084002816
0 0.374755859375 0.419921875 0.02978515625 0.0869140625
0 0.5082136375616448 0.4446386424351734 0.06011007083963038 0.04707988209142011
0 0.5943887412973274 0.33815287408997513 0.02552164542389157 0.053512421253380515
0 0.5705030738034919 0.3838471136766227 0.04154402000616453 0.045887416255568025
0 0.4369636625507079 0.3648903961947184 0.031767031672698565 0.044797220420908834
0 0.5424477471057376 0.15513865409673616 0.04147584000536897 0.040028041255567914
0 0.413330078125 0.48876953125 0.04736328125 0.037109375
0 0.8273440087921571 0.29735109989162434 0.0385120625049713 0.037064263755170135
0 0.9055983187708797 0.13968102529742027 0.03450388459281206 0.07021625375457363
0 0.5475214754982634 0.8494177749294066 0.04587037125536897 0.04007917625616453
0 0.541990610901673 0.7518126599300032 0.0459726412565622 0.04886823875616453
0 0.6718102408895428 0.6609345044955722 0.04860722417548269 0.06549820958982921
0 0.910888671875 0.533203125 0.04833984375 0.046875
0 0.734412510890736 0.6689963136537544 0.036570300838437264 0.03801809958823843
0 0.9154064521502809 0.7372122786292953 0.039727255007755424 0.0575834395886361
0 0.47108358842891607 0.953348503689946 0.038035144588437264 0.038035144588437264
0 0.9702349675515033 0.6227893557050059 0.051105105003778295 0.028422924590226994
0 0.9629899500467308 0.5877126490392672 0.031153753754573632 0.034049351254175964