0 0.070556640625 0.01904296875 0.01708984375 0.0380859375
0 0.2952713945535811 0.09945792849370816 0.017987260400781357 0.017680391539645735
0 0.2811680626648007 0.1018169533645491 0.021076056112196206 0.02453337346292006
0 0.3454722195561635 0.032864515388220494 0.03185233822892797 0.02606071343159233
0 0.0126953125 0.01025390625 0.025390625 0.0205078125
0 0.03450164454066906 0.43236817927689886 0.04175434169585507 0.0319769031758399
0 0.02915811330358109 0.09790972671296078 0.01905515013522141 0.042585576026858085
0 0.33563963009216624 0.09285777218233571 0.027287742151757666 0.03970418105946849
0 0.365966796875 0.006103515625 0.02783203125 0.01220703125
0 0.01025390625 0.177734375 0.0205078125 0.0634765625
0 0.07944053369431464 0.13970054742141125 0.023063275728927968 0.026009580161769463
0 0.5541789385444446 0.09302821641507858 0.03458923115726997 0.03877022961765425
0 0.49033870013263897 0.0770339205774691 0.029660959168294254 0.036788697245530466
0 0.53125 0.560791015625 0.0439453125 0.03759765625
0 0.7497715440950958 0.4837618155302079 0.028684396668294365 0.03678301577110554
0 0.7420694267656254 0.3206531521325089 0.04970322016278228 0.037881729971238065
0 0.7300876516780601 0.22538149363826132 0.046989465235416805 0.04714202929796385
0 0.8085190949721572 0.21802635232945455 0.03918833010766054 0.047584858752565684
0 0.8308310643635202 0.1488296109528612 0.02475541692380645 0.035783727373406626
0 0.8739820605759117 0.1778853488403383 0.028048780335611978 0.05142577179668095
0 0.8993726855759117 0.1780330671753821 0.01823769584663637 0.04941583205243327
0 0.6005859375 0.008056640625 0.029296875 0.01611328125
0 0.6889319739027344 0.030344219597332744 0.04332146929605041 0.03637995663747712
0 0.780029296875 0.564453125 0.04150390625 0.0302734375
0 0.9361528875373266 0.18508205996631064 0.03891557317380645 0.035866108752565684
0 0.449462890625 0.149169921875 0.01904296875 0.06103515625
0 0.08872604257408934 0.9225435498964978 0.06119508097439241 0.04917753567712291
0 0.86614805560089 0.6744216027444108 0.05420044351946629 0.06329508086893709
0 0.6662389061894318 0.7904301968012728 0.06702036135766054 0.04774678077367134
0 0.6406563031307513 0.844961456254592 0.048692563046050186 0.03641120474681325
0 0.6269693889501087 0.6554543572475566 0.03173950601946629 0.06316440695716763
0 0.734130859375 0.597900390625 0.06005859375 0.03662109375