0 0.7211538461538461 0.7043269230769231 0.05048076923076923 0.06490384615384616
0 0.7824519230769231 0.5925480769230769 0.038461538461538464 0.038461538461538464
0 0.7295673076923077 0.6322115384615384 0.04807692307692308 0.0625
0 0.6706730769230769 0.6334134615384616 0.04807692307692308 0.0625
0 0.6574519230769231 0.890625 0.057692307692307696 0.06009615384615385
0 0.6370192307692307 0.859375 0.052884615384615384 0.052884615384615384
0 0.5829326923076923 0.5721153846153846 0.055288461538461536 0.07692307692307693
0 0.47596153846153844 0.6117788461538461 0.04567307692307692 0.06009615384615385
0 0.6490384615384616 0.5540865384615384 0.04567307692307692 0.055288461538461536
0 0.5793269230769231 0.44350961538461536 0.04807692307692308 0.04567307692307692
0 0.7776442307692307 0.47716346153846156 0.05048076923076923 0.05048076923076923
0 0.31850961538461536 0.36778846153846156 0.0625 0.08173076923076923
0 0.27884615384615385 0.44711538461538464 0.05048076923076923 0.052884615384615384
0 0.19831730769230768 0.45072115384615385 0.04807692307692308 0.052884615384615384
0 0.16826923076923078 0.5901442307692307 0.038461538461538464 0.040865384615384616
0 0.4362980769230769 0.038461538461538464 0.040865384615384616 0.05048076923076923
0 0.3954326923076923 0.03125 0.05048076923076923 0.0625
0 0.6177884615384616 0.3161057692307692 0.05048076923076923 0.0673076923076923
0 0.8269230769230769 0.3112980769230769 0.06009615384615385 0.06009615384615385
0 0.8557692307692307 0.34375 0.04567307692307692 0.04807692307692308
0 0.8461538461538461 0.2764423076923077 0.052884615384615384 0.055288461538461536