0 0.9254807692307693 0.23798076923076922 0.06490384615384616 0.08173076923076923
0 0.8052884615384616 0.4639423076923077 0.0625 0.09615384615384616
0 0.7584134615384616 0.47716346153846156 0.057692307692307696 0.06009615384615385
0 0.6430288461538461 0.4050480769230769 0.07932692307692307 0.09134615384615384
0 0.5228365384615384 0.5504807692307693 0.09134615384615384 0.11298076923076923
0 0.6790865384615384 0.9110576923076923 0.07211538461538461 0.10336538461538461
0 0.4206730769230769 0.8125 0.0625 0.06490384615384616
0 0.421875 0.9879807692307693 0.06490384615384616 0.019230769230769232
0 0.109375 0.875 0.0625 0.06490384615384616
0 0.26322115384615385 0.5 0.08413461538461539 0.10336538461538461
0 0.40384615384615385 0.1466346153846154 0.07692307692307693 0.10817307692307693
0 0.1045673076923077 0.3786057692307692 0.040865384615384616 0.06009615384615385