0 0.0732421875 0.451171875 0.0537109375 0.036458333333333336
0 0.17871577026842422 0.40070594882271493 0.046694386813563415 0.07709416222311738
0 0.15692699325677062 0.24841938087121815 0.05832221783561198 0.07279588150650262
0 0.119873046875 0.019205729166666668 0.05224609375 0.038411458333333336
0 0.32091157217701816 0.15358656706915727 0.04686485989722211 0.08685978722311753
0 0.35026445502526027 0.20867191132901333 0.04738723576395398 0.08885083108214742
0 0.7394996745595916 0.43279962238411374 0.04575151067380645 0.05101457669742082
0 0.813139632588129 0.4157009929052709 0.04189072016278206 0.05331539249184806
0 0.8967627812152559 0.27486010683757384 0.03751891865726997 0.05427620609391193
0 0.08447265625 0.4762369791666667 0.0556640625 0.013671875
0 0.351318359375 0.4801432291666667 0.04150390625 0.021484375
0 0.30610116867018206 0.5459466375777177 0.041050536129709214 0.06105205477378828
0 0.27853740353266015 0.8365200783956741 0.04672807317380645 0.0510904144154806
0 0.4199356231017357 0.775137165937266 0.04076682258009989 0.07273288591475824
0 0.44384765625 0.8570963541666666 0.0322265625 0.068359375
0 0.3238554160352426 0.9293529971958813 0.02962727280805133 0.07706908549040303
0 0.26228978509817674 0.7029177034192031 0.029831840508441898 0.08878783549040303
0 0.6662607531115016 0.6106868878600664 0.05607360615727003 0.055717122737049575
0 0.71533203125 0.4778645833333333 0.0517578125 0.016927083333333332
0 0.8857267400628688 0.5866589117054782 0.033033468429318535 0.0487266030293092
0 0.9330782481841361 0.6190207932237454 0.04142516865726997 0.0545795569661515
0 0.887644137420182 0.7008945542443844 0.041050536129709214 0.06105205477378828
0 0.85986328125 0.9827473958333334 0.046875 0.034505208333333336
0 0.990478515625 0.9296875 0.01904296875 0.07291666666666667
0 0.5506379311727645 0.764037006424151 0.02926359689624569 0.0562357521570697
0 0.8438327538481767 0.8578656200858698 0.029831840508441898 0.08878783549040303