0 0.08965340832178359 0.14162563424472913 0.056333101953335185 0.06753865674893922
0 0.13703075662770048 0.26482588281899316 0.05228001021477813 0.07224240582214247
0 0.06590214794944205 0.258473241706673 0.05919450155104655 0.06668146986680368
0 0.02001953125 0.243408203125 0.0400390625 0.03271484375
0 0.0760641157663553 0.33596157174472907 0.07655415076099636 0.05034767169661203
0 0.147311432071337 0.09691682062792539 0.03020157596214057 0.04894583899709115
0 0.3262243421017306 0.2468921451530447 0.06665194995641921 0.047996627970397165
0 0.388916015625 0.338134765625 0.02197265625 0.09228515625
0 0.25502812798028224 0.45039184470140214 0.04204998198194243 0.07912891397330601
0 0.3032010530964978 0.5691776660893555 0.07607613544497616 0.04351173419661203
0 0.36061672303883663 0.5488232271636195 0.033056055775076754 0.07584109961971253
0 0.44378719807795164 0.22490704850372922 0.03030400781557352 0.05041068274709115
0 0.536205356496958 0.17050473809517325 0.027179722542687745 0.04054557806553738
0 0.47942861066511333 0.314016310481005 0.03923656590492608 0.02496948709592761
0 0.7534909677196905 0.3009015652106757 0.038253083620150674 0.05268214272806304
0 0.7717039882218812 0.23540307274397476 0.03992971086179198 0.0279190705322383
0 0.8482309148165087 0.21329612980211965 0.034445919324378904 0.03305141304650938
0 0.8420365651171087 0.10691962226882062 0.02751781590492608 0.02449198462446961
0 0.7231193544609269 0.5611645886184444 0.026633419324379126 0.03273307806553749
0 0.7652822617166485 0.5570121318457202 0.03129083624955342 0.043634433056023436
0 0.475915357332822 0.4129981326768298 0.03268739209726479 0.04271755836495561
0 0.3485009477628247 0.955335197577206 0.0349136687064191 0.04670339211019858
0 0.18422598181208494 0.7283216940121825 0.03301521952552333 0.033480006487577096
0 0.5240360428336731 0.7229439537790889 0.040773043706419154 0.04694214334592761
0 0.8883313454340219 0.6866768981002037 0.05540094933845929 0.06117110456262842
0 0.7672786591699416 0.718875256560026 0.040878821709056656 0.06934339303699533
0 0.9386078109243653 0.858934905752428 0.06474658099074793 0.0625256898525327
0 0.5721783976343151 0.890906909862867 0.07284584468308675 0.08087063921088311
0 0.7159986344995954 0.6445230289220727 0.0585696444964694 0.06470844893049299