0 0.27061246874129175 0.1289860158274756 0.05561307015151096 0.04839256600232611
0 0.2707805916637966 0.24342154240964264 0.055509355550695916 0.040617065743002057
0 0.24188227592079453 0.29426893063516935 0.042089194114214745 0.04930969826339959
0 0.5825770199563413 0.03901727399763466 0.017659985737176975 0.028039460451630305
0 0.5952341794464406 0.10529067091196875 0.03286341934731618 0.036473671421908715
0 0.5955071702389853 0.14705357534670038 0.026715331043121293 0.025812768024473076
0 0.6412654700321065 0.1264577707575354 0.021788234181232657 0.03126514587703788
0 0.7410155593735976 0.1256679368647522 0.03549710892190849 0.0327894198659644
0 0.8032352839598402 0.08225634324586562 0.017053420643936334 0.03284827347027841
0 0.7920916540297804 0.19043278230180993 0.03153200531759448 0.05093711021852876
0 0.6443341419697606 0.21557667182105433 0.03091029434731618 0.03632567245920493
0 0.652502646768707 0.16610498198713786 0.022313515171908604 0.031790426867713606
0 0.6245299011772159 0.17233377775928482 0.029919162604890692 0.04887298599650114
0 0.5192977188636969 0.1741814582546326 0.01724570396852887 0.028979023210954136
0 0.49729765403268317 0.04974316235137222 0.032826419606640234 0.035985390171908715
0 0.804931640625 0.01123046875 0.02490234375 0.0224609375
0 0.47633625348490966 0.17731013706582543 0.02512491882866802 0.03685823807109356
0 0.6088146025496014 0.25659172018644183 0.031125008170159063 0.04556601646852876
0 0.17140049972906501 0.8293732466462037 0.06472784569638179 0.05976374909381721
0 0.035668480023339555 0.6634141687120684 0.06284872017773369 0.06059231263111342
0 0.006103515625 0.904541015625 0.01220703125 0.04833984375
0 0.2662397913549299 0.7378516689771979 0.06277472069638179 0.05961575013111342
0 0.31131197185608317 0.609656275305866 0.04112049287003994 0.07496660606934391
0 0.16641245435316088 0.506352480955647 0.07097178734556664 0.05246924546328041
0 0.39892578125 0.470947265625 0.068359375 0.02197265625
0 0.47646874156471136 0.6300208552971773 0.04919141442015906 0.0469350068735388
0 0.6250484741812914 0.9634312634964618 0.05117425453962232 0.05388194359556664
0 0.8967880225524846 0.779731127351333 0.060643881614214745 0.05071568840908558
0 0.8008550378526038 0.8014357708915515 0.046972006614214745 0.04967969567015906
0 0.989501953125 0.54541015625 0.02099609375 0.0634765625
0 0.7696096509295027 0.5397752978612532 0.056737631614214745 0.050419690483678004
0 0.6938092916113512 0.859620793840279 0.06071788109556664 0.05169225090908558
0 0.766845703125 0.484130859375 0.04248046875 0.04833984375