0 0.4675480769230769 0.24879807692307693 0.06009615384615385 0.09134615384615384
0 0.5240384615384616 0.27884615384615385 0.038461538461538464 0.0625
0 0.5600961538461539 0.28725961538461536 0.04807692307692308 0.057692307692307696
0 0.4543269230769231 0.36899038461538464 0.04807692307692308 0.0673076923076923
0 0.375 0.27283653846153844 0.04807692307692308 0.06971153846153846
0 0.4098557692307692 0.3485576923076923 0.040865384615384616 0.06009615384615385
0 0.35216346153846156 0.35336538461538464 0.04567307692307692 0.08653846153846154
0 0.18509615384615385 0.49399038461538464 0.040865384615384616 0.07692307692307693
0 0.3269230769230769 0.546875 0.04807692307692308 0.06009615384615385
0 0.27403846153846156 0.6418269230769231 0.052884615384615384 0.04807692307692308
0 0.24158653846153846 0.6694711538461539 0.04807692307692308 0.05048076923076923
0 0.3125 0.6706730769230769 0.04326923076923077 0.0625
0 0.28365384615384615 0.7560096153846154 0.0625 0.055288461538461536
0 0.4014423076923077 0.8798076923076923 0.04326923076923077 0.07211538461538461
0 0.3425480769230769 0.9014423076923077 0.04567307692307692 0.038461538461538464
0 0.5673076923076923 0.8762019230769231 0.0625 0.07692307692307693
0 0.6778846153846154 0.6754807692307693 0.052884615384615384 0.06490384615384616
0 0.6959134615384616 0.6081730769230769 0.04567307692307692 0.03365384615384615
0 0.8245192307692307 0.40865384615384615 0.05048076923076923 0.10096153846153846
0 0.7764423076923077 0.25600961538461536 0.07451923076923077 0.08653846153846154
0 0.9146634615384616 0.2932692307692308 0.04807692307692308 0.06971153846153846
0 0.8870192307692307 0.43509615384615385 0.03365384615384615 0.0673076923076923
0 0.7836538461538461 0.7139423076923077 0.038461538461538464 0.0625
0 0.828125 0.7680288461538461 0.028846153846153848 0.03365384615384615
0 0.9050480769230769 0.8425480769230769 0.04326923076923077 0.06971153846153846
0 0.7980769230769231 0.859375 0.04567307692307692 0.057692307692307696
0 0.8341346153846154 0.890625 0.04326923076923077 0.057692307692307696
0 0.7764423076923077 0.9507211538461539 0.0625 0.07211538461538461
0 0.65625 0.9735576923076923 0.052884615384615384 0.03125
0 0.46153846153846156 0.6225961538461539 0.04567307692307692 0.057692307692307696
0 0.48677884615384615 0.5324519230769231 0.04326923076923077 0.0625
0 0.4831730769230769 0.375 0.040865384615384616 0.06971153846153846
0 0.21754807692307693 0.31971153846153844 0.06490384615384616 0.057692307692307696