0 0.44409916390319615 0.43530982159554305 0.019904403165361018 0.0466026220858522
0 0.3607877680863507 0.44262904285687776 0.03322108983237115 0.0345546775043748
0 0.22018449021777342 0.5121591832928996 0.020364269348721598 0.04563174125258507
0 0.065781294041629 0.25849827122951796 0.036786359032701055 0.02288138083823843
0 0.1534445985085156 0.24966307121758669 0.022626202782701 0.022716612502982736
0 0.3001600513406806 0.28947384078116717 0.030495532915979395 0.02476064417071
0 0.3150761424927836 0.21456795119551386 0.02312346644888663 0.03980645625298285
0 0.43286411619125786 0.2674149332630714 0.02315188151552583 0.04078301875298285
0 0.32201611168795896 0.38593194327858205 0.01908934864901035 0.035366471669119215
0 0.19453208283800022 0.3859500145458824 0.028542407915979395 0.024737917503778295
0 0.3440746592930723 0.2039731449415368 0.025422797365690752 0.034952052086647534
0 0.8326178671805364 0.436525014098327 0.04259266119847416 0.0546764787555678
0 0.913857252613691 0.44192951367065714 0.03277543118232984 0.036013839587641705
0 0.9398295648169075 0.32733080116668 0.03522581984851536 0.05312641000457363
0 0.9435308625704126 0.20273385741568573 0.02705813151552583 0.04082847208684637
0 0.17180267002301047 0.7467373549391505 0.07320707949814431 0.0667474920930109
0 0.10920991022498983 0.6771293816140365 0.07226415718191759 0.051116810426278025
0 0.077880859375 0.97900390625 0.06591796875 0.0419921875
0 0.7633661777098764 0.5996577732883259 0.051438553831752554 0.05673187375676103