0 0.13996687450536072 0.07062202442498527 0.030271969681917588 0.05264459365638674
0 0.1681309041388453 0.0736813513178593 0.03144743764839175 0.05956024725490838
0 0.2028728461916081 0.16875681277477828 0.03834020528167015 0.06207138494455944
0 0.32527368925701017 0.11395014155810182 0.04794056499896904 0.040447466479036076
0 0.360595703125 0.117431640625 0.05810546875 0.06103515625
0 0.376708984375 0.163818359375 0.02587890625 0.03466796875
0 0.6827187542065154 0.16823922223793625 0.03980504903167015 0.06219095909234179
0 0.5621065925212989 0.11134906135239514 0.05361524206581447 0.0345781068201656
0 0.48524230568769067 0.10788100813560031 0.04291045204863919 0.05172777793716732
0 0.517333984375 0.46142578125 0.06201171875 0.0166015625
0 0.769043439397505 0.43251927498060333 0.04681670204863919 0.05204664233125367
0 0.9025027929949896 0.33248184902871103 0.049741164431505336 0.06884749507755772
0 0.9647470573952369 0.33616908122332956 0.037226792565608235 0.04054715189529867
0 0.7557321533553195 0.11989962024659978 0.047764849481999994 0.051149795929775255
0 0.72607421875 0.009521484375 0.056640625 0.01904296875
0 0.9442498706371958 0.05287617487971634 0.03326371243232984 0.038275162501212295
0 0.03723853511026787 0.6309600274509167 0.03696060673158763 0.06488149829677714
0 0.18207695021847392 0.9099485062330279 0.03405933429822683 0.06561891250121232
0 0.28776926345253573 0.9271383577441752 0.04582070689818574 0.06804034943347137
0 0.3565556861150101 0.7729513139917507 0.042289077881628945 0.06385509308864568
0 0.326904296875 0.489501953125 0.03857421875 0.03955078125
0 0.2650153683776493 0.637697085396866 0.03806127973241247 0.035744055493820204
0 0.24037251752645344 0.5973290932576879 0.029584782965443313 0.045768798107125974
0 0.22873525542731943 0.6289676890914253 0.03683796404884543 0.043925262596037795
0 0.24195771447822667 0.6600383681628623 0.020596814998969037 0.038215415720431745
0 0.20103402761336064 0.7271918558537257 0.043535583514701104 0.07321215293716743
0 0.10907793411068023 0.6397094736603195 0.05288396493129899 0.07641086212312242
0 0.11426139429136073 0.5452719021640156 0.04216643519888663 0.04289885738790655
0 0.06708134315643288 0.4926170820900947 0.042342150715855675 0.03219652793716732
0 0.086669921875 0.4794921875 0.03173828125 0.01953125
0 0.92578125 0.972412109375 0.03515625 0.05517578125
0 0.9368402311795874 0.8477380613402722 0.02705813151552583 0.042639820360822034
0 0.46388562297987607 0.8965745592747192 0.03856752581478351 0.06988388494455944
0 0.4309891924405772 0.6878491407155825 0.04656096644888663 0.04325757983125367
0 0.392822265625 0.754638671875 0.00634765625 0.06005859375