0 0.2247596153846154 0.32091346153846156 0.052884615384615384 0.06490384615384616
0 0.2980769230769231 0.051682692307692304 0.038461538461538464 0.04567307692307692
0 0.44711538461538464 0.28846153846153844 0.057692307692307696 0.06971153846153846
0 0.4879807692307692 0.32572115384615385 0.04567307692307692 0.055288461538461536
0 0.36177884615384615 0.38100961538461536 0.04567307692307692 0.05048076923076923
0 0.3161057692307692 0.25961538461538464 0.040865384615384616 0.04567307692307692
0 0.17668269230769232 0.3137019230769231 0.05048076923076923 0.052884615384615384
0 0.45913461538461536 0.6225961538461539 0.04807692307692308 0.06490384615384616
0 0.5853365384615384 0.6502403846153846 0.04807692307692308 0.055288461538461536
0 0.6105769230769231 0.6346153846153846 0.040865384615384616 0.05048076923076923
0 0.5456730769230769 0.3485576923076923 0.04326923076923077 0.057692307692307696
0 0.5540865384615384 0.4014423076923077 0.03125 0.036057692307692304
0 0.5685096153846154 0.13341346153846154 0.04567307692307692 0.055288461538461536
0 0.265625 0.07211538461538461 0.036057692307692304 0.04326923076923077
0 0.3112980769230769 0.11177884615384616 0.038461538461538464 0.04567307692307692
0 0.2620192307692308 0.1310096153846154 0.04326923076923077 0.04807692307692308
0 0.1971153846153846 0.14302884615384615 0.040865384615384616 0.05048076923076923
0 0.20673076923076922 0.11899038461538461 0.036057692307692304 0.04567307692307692
0 0.234375 0.17307692307692307 0.04326923076923077 0.055288461538461536
0 0.6935096153846154 0.12740384615384615 0.06009615384615385 0.0673076923076923
0 0.35096153846153844 0.8064903846153846 0.052884615384615384 0.057692307692307696
0 0.21033653846153846 0.7884615384615384 0.057692307692307696 0.07211538461538461