0 0.43630416692371576 0.24292329646446165 0.0412457382131759 0.04755683847375858
0 0.43729553853655034 0.473709868096022 0.028335049239822663 0.05318609298886501
0 0.2634526767967277 0.4179839267924066 0.036045883090072506 0.06161471895269477
0 0.06771069775999472 0.26917772067559986 0.03816755415099937 0.033842348569148584
0 0.008056640625 0.314208984375 0.01611328125 0.05126953125
0 0.06357306063684587 0.37936734653808224 0.050955181192866794 0.05699611886127609
0 0.09248870566853584 0.4554941352960252 0.038497987230940334 0.051411950588226674
0 0.03556582428400601 0.4798705255663095 0.04968297185149928 0.05063141664943216
0 0.07813307769790978 0.06347247539340112 0.04412994158373462 0.04663141385929037
0 0.013671875 0.235107421875 0.02734375 0.05810546875
0 0.09607918695540574 0.3126067116453869 0.05641589691876403 0.03806394886326192
0 0.6382012401748282 0.4414604613909887 0.02533578926267599 0.030691063565177146
0 0.50537109375 0.2236328125 0.0107421875 0.0302734375
0 0.5720610911635384 0.16318770647049274 0.02689160127155832 0.0326697575079431
0 0.6627650007739656 0.1203734790956692 0.022360617633234714 0.02966336317964524
0 0.7016937409516122 0.16008372564573975 0.024983960400999372 0.033612228084255125
0 0.6733868189084499 0.19130210505949885 0.03087812163957282 0.04493644962439691
0 0.7400753252929797 0.16709617440765429 0.023678311104043726 0.03700462789148917
0 0.7626231922029072 0.10650421316559733 0.019612866650999372 0.03351847529411334
0 0.5068359375 0.049072265625 0.013671875 0.02490234375
0 0.6357356008310989 0.06379498629957009 0.020895773883234825 0.02963779423687929
0 0.5465647611648334 0.10809962636715964 0.028969134486029002 0.02489987241255287
0 0.5142915129984311 0.44173703048680546 0.02376793307994096 0.017978705103333104
0 0.7305198363804166 0.43331420276616517 0.028878166227146895 0.02294674741255287
0 0.7950666222052689 0.47835045682417876 0.017784149865470056 0.025680406351347385
0 0.9539734049286219 0.47526957360474464 0.019726576974602228 0.03595988154411334
0 0.973119386111357 0.4882887593797799 0.013503328939073134 0.028045105773049528
0 0.8417903607041108 0.24546944982297247 0.019248993615470056 0.025705975294113337
0 0.8143368668564509 0.12741013443148336 0.027152461874352607 0.027795467988865008
0 0.8349609375 0.0126953125 0.0205078125 0.025390625
0 0.9691942157765556 0.0164361409238932 0.02231513350379366 0.028686800679645186
0 0.7626204996369372 0.06454611758928525 0.02124760274491133 0.0267166297178012
0 0.7595358012788718 0.4801696854668741 0.023507072477146895 0.022852994622411194
0 0.5430157251584499 0.18902646915332988 0.022201423180190805 0.02624539442964524
0 0.6479761444096992 0.23232872437786795 0.023064275356587838 0.023821034141489172
0 0.6049003431280092 0.15595476917318746 0.025278260959382015 0.018980836546099056
0 0.6329851572828936 0.025692002837726158 0.021065666227146673 0.0228103797178012
0 0.5236235477397314 0.05549556741843642 0.01929447774491133 0.026682537794113337
0 0.99658203125 0.447265625 0.0068359375 0.0341796875
0 0.8812743344159458 0.44375178089013545 0.03101322774491133 0.026887089336240955
0 0.9831284424083585 0.3889350738074393 0.017954042209382015 0.018852991832269295
0 0.9658150721140839 0.09053556919098549 0.02599396285658795 0.023872172027020966
0 0.9581243601355964 0.21871489447517 0.029684836383234714 0.029791207893475002
0 0.8813973239744197 0.23689099050857498 0.019203509486029002 0.024729412794113337
0 0.8681844014907981 0.4874328809815539 0.027754453447955463 0.030245397219786918
0 0.7373114912879366 0.09728047863857625 0.02345089045683757 0.03212181539148917
0 0.22825894799218438 0.9203879142129764 0.030458066583734622 0.04639277039347489
0 0.27549378217875886 0.8660814770170184 0.023133847833734622 0.04626492567964524
0 0.29563106260131655 0.9318094688492878 0.027845421706837792 0.03219852221978692
0 0.277587890625 0.99072265625 0.01806640625 0.0185546875
0 0.0535946793564509 0.8051257523330488 0.025097670724602367 0.036053634334255125
0 0.09276550454811397 0.7243328059041833 0.023508418760131655 0.04383204241056715
0 0.3233332281318942 0.6781052990539682 0.023258256048205306 0.03846094866056715
0 0.3084480183768055 0.704191228183543 0.021065666227146673 0.0228103797178012
0 0.32734518313059924 0.7328183679967342 0.021986046706837792 0.03209624644872322
0 0.3790548189351881 0.6907871458981522 0.02386024762180816 0.04091087789148917
0 0.37536798425749607 0.7478052533961664 0.030844681683984465 0.05469355164347489
0 0.42108044639077646 0.6817630202383645 0.03087677535658795 0.023957401836240844
0 0.4475399484326438 0.7051554339963075 0.01532000155074964 0.025149510196737446
0 0.47856387406842293 0.7217971400634704 0.021054968336278845 0.033055762986879234
0 0.49365234375 0.71875 0.0126953125 0.0478515625
0 0.36256838541478786 0.8919955841592871 0.014775538280440648 0.03440980798489357
0 0.9138552735975687 0.5913114138551713 0.028879512510131544 0.04392579520070894
0 0.9681682026711715 0.5946988709875112 0.04302762458627907 0.03343929712836835
0 0.787109375 0.5517578125 0.04296875 0.0244140625
0 0.8235593748691269 0.6219356559418387 0.03541980316876403 0.03769746068361668
0 0.8375750734059055 0.6714566137339664 0.037656530836278845 0.033345544338226674
0 0.883226040759949 0.7088447757669447 0.01709119003298487 0.021277352120425364
0 0.9478985810822569 0.7670561005940363 0.02827752093652869 0.04147586596978692
0 0.9892578125 0.773193359375 0.021484375 0.02685546875
0 0.99609375 0.794189453125 0.0078125 0.02587890625
0 0.9814453125 0.811279296875 0.037109375 0.03955078125
0 0.9536081856101075 0.9105937421321924 0.02421207648348478 0.03798971337241097
0 0.9329077387014751 0.9165749102025471 0.02923134137180816 0.04100463068163096
0 0.9124199757002258 0.8747471306775119 0.04193735176267599 0.03098084491652431
0 0.865206537295387 0.9085628013353138 0.03634018364845515 0.04698332741453859
0 0.8597069964819615 0.8533358821997818 0.029185857242366886 0.04002806818163096
0 0.8595464557459325 0.8289388656616258 0.03184263996572012 0.034219831067162865
0 0.8682097637484767 0.8159172085491435 0.030934303659881923 0.035667628855319045
0 0.9206257498423887 0.8100017529887173 0.024757886036778753 0.04970846337241097
0 0.7258563668297127 0.7763532150436129 0.017647697477146673 0.022750718851347385
0 0.6578755292320527 0.6575864922355993 0.02843671538957282 0.04489383471978692
0 0.6135877394782591 0.6285161574144649 0.026222729786778642 0.049734032315177146
0 0.529296875 0.54296875 0.0224609375 0.0068359375
0 0.5253746867232161 0.5572089399840401 0.032864686595161174 0.035213439529006796
0 0.504150390625 0.571533203125 0.00830078125 0.04443359375
0 0.5391067825924799 0.6111159060452457 0.045309836383234825 0.030063943282978345
0 0.5087890625 0.809326171875 0.017578125 0.03564453125
0 0.516845703125 0.8564453125 0.03369140625 0.0380859375
0 0.6409182437674451 0.9534362631875144 0.03468135920683779 0.03231784395269477
0 0.7378119614578131 0.9282939136028326 0.03974610822460245 0.036309323761914536