0 0.06661087229684409 0.326142009339049 0.019358290580574256 0.05497516026611926
0 0.09329305607688887 0.2974511295861402 0.017379598945662822 0.050501045270876066
0 0.21458565768175553 0.33656500929120536 0.017884924618937093 0.053450628707186976
0 0.2586101852731727 0.2680630394954834 0.022253889234025603 0.04923516088398361
0 0.2702071091235698 0.33150892728063064 0.026651261221238065 0.04990250556078024
0 0.3018371168089699 0.2302829965771399 0.02560368029092852 0.037655682438158866
0 0.2804944531190595 0.1698571588157778 0.03682562682929147 0.036648445223306014
0 0.23016991070919385 0.07847230456208154 0.021683226604866657 0.03505510869767292
0 0.977783203125 0.162109375 0.04443359375 0.05859375
0 0.9228386610160559 0.17769948096375898 0.05457703679924664 0.06714985518049299
0 0.797301761682916 0.08032096501820768 0.051153386574821824 0.06603402112631773
0 0.6202005455307473 0.09800108388740641 0.06621624615729993 0.05395548265195094
0 0.723876953125 0.422607421875 0.06005859375 0.03466796875
0 0.896728515625 0.417236328125 0.05517578125 0.04541015625
0 0.9554010816081757 0.4045587583876469 0.049574913336326576 0.04644308331738545
0 0.5167051312417635 0.18116559320321723 0.05547405865729993 0.053517772053114476
0 0.586222224822297 0.04731185803196486 0.059334856861901875 0.04586443954360042
0 0.031005859375 0.977294921875 0.06201171875 0.04541015625
0 0.078857421875 0.978759765625 0.03271484375 0.04248046875
0 0.29856053381853 0.9512687969809389 0.06768108990729993 0.05401517046088311
0 0.40956798106406045 0.9845937682734787 0.06508912458504379 0.02803678452932923
0 0.38988738497636943 0.5385849105026024 0.044351537921370365 0.07161485301796727
0 0.3435151954629607 0.6231006818667707 0.03402945397827328 0.059478288355441555
0 0.30712890625 0.47021484375 0.0341796875 0.060546875
0 0.04987635703136842 0.5798932241440116 0.051624623401547554 0.06312422956262848
0 0.48974609375 0.70654296875 0.01953125 0.037109375
0 0.5379338398926492 0.7054983668242311 0.013836637758318115 0.02887739871670092
0 0.5237253911100388 0.6966206034212193 0.02599821721291995 0.021562297124469554
0 0.5094430831599064 0.6750475275182077 0.023085574136194276 0.024372609006605206
0 0.6646227763318979 0.6652611540150253 0.024598710418804792 0.03273307806553738
0 0.7072878930007026 0.6987303817240604 0.024573143783893414 0.02833854681553738
0 0.7281959238971188 0.6844491882354224 0.023139548143229494 0.033649952756605095
0 0.7143564454015884 0.6550835082687216 0.026557516893229494 0.03378922431078035
0 0.5876334201157912 0.6894613460779273 0.01821980605946849 0.027103337143497663
0 0.5995765883555693 0.7285130672993851 0.015327048143229494 0.033331617775633204
0 0.7767516636752597 0.7235282609301865 0.03582917916880479 0.03319068460068464
0 0.8868418783517207 0.6831028675364154 0.024647002951415198 0.04103385931553727
0 0.9502581342692018 0.507506474879434 0.030492174265353444 0.03883120430126635
0 0.8871714038683569 0.7397434925364154 0.03380503573849536 0.020904069605441666
0 0.8726223921707902 0.756236458197093 0.027959864424557113 0.023106724619712526
0 0.8679299090640197 0.7887523425839855 0.02502165471292006 0.02152250525184818
0 0.9049938322686215 0.7824519337436022 0.019179324136194165 0.02421344151611915
0 0.935698736274374 0.7739397527311793 0.026543313207167518 0.03134781806078035
0 0.9135616428165854 0.828688602160885 0.03334516186061909 0.025766986169130757
0 0.8909163829483101 0.8799995869042798 0.02855609368862755 0.041681308056023436
0 0.8613581601247711 0.833883955725635 0.020178612533893414 0.028159483388740636
0 0.8524384237130016 0.8110648913720416 0.03133522211637141 0.015921777423887784
0 0.776329044931674 0.818703312807565 0.03142044423274282 0.030570214923887784
0 0.8034430207680006 0.8642311830546561 0.026594446476990496 0.040136880560780464
0 0.7263993649943292 0.7951895523038688 0.02365055529092852 0.037576098692915894
0 0.6326294798338425 0.7879515637822053 0.01235474958504379 0.025888023407768745
0 0.5996933841318063 0.8324970776130745 0.030404111411769463 0.023694485551266298
0 0.541403593013531 0.8823556590057848 0.024110429168804792 0.03271318212922658
0 0.48388671875 0.755859375 0.0078125 0.0341796875
0 0.512939453125 0.996337890625 0.02197265625 0.00732421875
0 0.5589678398779986 0.9645949855266609 0.03189168105946849 0.02766042336019847
0 0.6000800499432195 0.9828678066767638 0.017260287982742817 0.029993232770876066
0 0.6993371735288842 0.9263797026841561 0.022157304168804792 0.03263359838398361
0 0.67819368699437 0.9840980314864833 0.024096225482742817 0.03027177587922658
0 0.898193359375 0.99560546875 0.02490234375 0.0087890625