0 0.7283653846153846 0.5949519230769231 0.0889423076923077 0.0985576923076923
0 0.5877403846153846 0.5805288461538461 0.057692307692307696 0.06009615384615385
0 0.4639423076923077 0.5901442307692307 0.08653846153846154 0.09375
0 0.5276442307692307 0.5012019230769231 0.09134615384615384 0.09134615384615384
0 0.6021634615384616 0.7836538461538461 0.09615384615384616 0.0985576923076923
0 0.328125 0.8786057692307693 0.10096153846153846 0.10096153846153846
0 0.22596153846153846 0.5456730769230769 0.10576923076923077 0.0985576923076923
0 0.5805288461538461 0.38822115384615385 0.08653846153846154 0.08413461538461539
0 0.08052884615384616 0.3112980769230769 0.09615384615384616 0.10817307692307693
0 0.7055288461538461 0.7956730769230769 0.07692307692307693 0.09375
0 0.49038461538461536 0.7391826923076923 0.09615384615384616 0.10336538461538461
0 0.3076923076923077 0.09615384615384616 0.09134615384615384 0.08413461538461539