0 0.28966346153846156 0.5805288461538461 0.10817307692307693 0.11057692307692307
0 0.24158653846153846 0.6658653846153846 0.10336538461538461 0.09134615384615384
0 0.19110576923076922 0.7932692307692307 0.08653846153846154 0.07451923076923077
0 0.875 0.36538461538461536 0.08653846153846154 0.0673076923076923
0 0.6899038461538461 0.7632211538461539 0.12259615384615384 0.11778846153846154
0 0.6370192307692307 0.03125 0.0673076923076923 0.0625
0 0.7728365384615384 0.10817307692307693 0.057692307692307696 0.06490384615384616
0 0.8233173076923077 0.15985576923076922 0.10336538461538461 0.07932692307692307
0 0.6322115384615384 0.12980769230769232 0.0889423076923077 0.08173076923076923
0 0.5372596153846154 0.09375 0.1201923076923077 0.09375
0 0.3473557692307692 0.3004807692307692 0.0673076923076923 0.07211538461538461
0 0.09375 0.43149038461538464 0.0673076923076923 0.07211538461538461
0 0.015625 0.2644230769230769 0.03125 0.07692307692307693
0 0.08173076923076923 0.2764423076923077 0.10096153846153846 0.0889423076923077
0 0.19831730769230768 0.2283653846153846 0.07692307692307693 0.0673076923076923
0 0.9110576923076923 0.5108173076923077 0.08413461538461539 0.10576923076923077
0 0.06850961538461539 0.8233173076923077 0.11538461538461539 0.09375
0 0.10697115384615384 0.8701923076923077 0.06971153846153846 0.057692307692307696
0 0.2091346153846154 0.1502403846153846 0.08173076923076923 0.06490384615384616