0 0.397216796875 0.074462890625 0.02490234375 0.07568359375
0 0.39208984375 0.225341796875 0.03515625 0.06494140625
0 0.3321748126411743 0.12132939309113927 0.042679087119969816 0.055553044742367
0 0.3658040691653237 0.06512221360381526 0.037881592052787294 0.05679046784516123
0 0.388671875 0.150390625 0.0419921875 0.05859375
0 0.10986328125 0.559326171875 0.0458984375 0.02099609375
0 0.039794921875 0.56103515625 0.04541015625 0.017578125
0 0.06277313353018113 0.2830814817245111 0.04367445716950569 0.07264288849236711
0 0.05729654787801586 0.1501432272270554 0.036099101918421916 0.0596291870862789
0 0.027363924469347933 0.09244442307605594 0.031064462102323054 0.07351643855963191
0 0.005126953125 0.11669921875 0.01025390625 0.05859375
0 0.0185546875 0.02001953125 0.037109375 0.0400390625
0 0.147705078125 0.031005859375 0.04638671875 0.06201171875
0 0.1398628701818868 0.08593360589706883 0.03297997200325131 0.03951868757739657
0 0.12711595083064753 0.14507181916737782 0.04940608384024836 0.045640269463175676
0 0.18114726855463698 0.4531024026813032 0.052269261456966754 0.061356237722058005
0 0.13932617156020904 0.4986463187536567 0.05109844074442793 0.04961474565733748
0 0.30897673558977734 0.38512567630561 0.029211101927245298 0.05005619649491133
0 0.33324860236841514 0.388704185791639 0.02694514634024836 0.044594134486029
0 0.26239393606748906 0.1929889876685815 0.02863750324442793 0.04856861068019075
0 0.753662109375 0.0166015625 0.05224609375 0.033203125
0 0.83740234375 0.010009765625 0.0439453125 0.02001953125
0 0.9038117832295615 0.10006443341344717 0.04557070388096074 0.07175729425124933
0 0.8499586500081993 0.10000421254418335 0.059351519660682195 0.08262523624870499
0 0.433349609375 0.030029296875 0.03759765625 0.06005859375
0 0.4448042405225947 0.13792811827914564 0.050628967043963774 0.06663636321317568
0 0.428466796875 0.30322265625 0.03759765625 0.0595703125
0 0.5858287554622211 0.28893015883364326 0.03758756901532606 0.06846373371572012
0 0.632718202854326 0.31608396699098074 0.04696467759024836 0.04552655913957282
0 0.6206205680239849 0.3556681881965691 0.05645072694489206 0.03282054874870499
0 0.6549048361462755 0.38908938223589207 0.05135920884024825 0.045731237722058005
0 0.687966676704788 0.49393609116353854 0.03434023513096074 0.07123422676267599
0 0.5683001553557162 0.5226349410658786 0.06621589630495472 0.08343190640479303
0 0.8600932688458091 0.5396526645187858 0.058076573965790246 0.05237454081342552
0 0.98095703125 0.422607421875 0.0380859375 0.07177734375
0 0.9270476716219729 0.34839760364693184 0.05875429763096074 0.07237132999870499
0 0.9507069576989094 0.23640060716215217 0.039801462111146435 0.06467119403932298
0 0.07078125866253204 0.6461260318424342 0.03406065948560455 0.05807337507739663
0 0.1129546239027781 0.7626580508144922 0.048173113401858814 0.09135677044541124
0 0.220703125 0.595947265625 0.044921875 0.05224609375
0 0.302490234375 0.582763671875 0.02783203125 0.02587890625
0 0.328857421875 0.579833984375 0.03173828125 0.02001953125
0 0.2713659988674846 0.7328261365250781 0.031671315726780946 0.06721426643907291
0 0.3095517011924067 0.758105743767445 0.04044157067724541 0.05057926398348478
0 0.1474609375 0.98974609375 0.03125 0.0205078125
0 0.865621265107271 0.7912057839616982 0.03747862823560455 0.05823256953044065
0 0.844965985448603 0.7339390790403897 0.04918338648343701 0.03345598027789631
0 0.9662872486027827 0.7356728610910936 0.030135601936068568 0.040847078939073134
0 0.9688997453583548 0.78328630505302 0.025575251617802053 0.029434673671308476
0 0.8667434722061894 0.6458451217408894 0.04012874009024836 0.04520817023348467
0 0.930419921875 0.58154296875 0.03271484375 0.0234375