0 0.9675480769230769 0.25841346153846156 0.04567307692307692 0.05048076923076923
0 0.6947115384615384 0.1658653846153846 0.055288461538461536 0.052884615384615384
0 0.9206730769230769 0.3245192307692308 0.038461538461538464 0.04326923076923077
0 0.7223557692307693 0.5432692307692307 0.06009615384615385 0.055288461538461536
0 0.6346153846153846 0.4026442307692308 0.052884615384615384 0.0625
0 0.41346153846153844 0.45913461538461536 0.0625 0.0625
0 0.3545673076923077 0.3485576923076923 0.07211538461538461 0.055288461538461536
0 0.921875 0.46153846153846156 0.07692307692307693 0.06490384615384616
0 0.28365384615384615 0.027644230769230768 0.0673076923076923 0.055288461538461536
0 0.5084134615384616 0.3137019230769231 0.06971153846153846 0.06009615384615385
0 0.6286057692307693 0.5288461538461539 0.06009615384615385 0.057692307692307696
0 0.6526442307692307 0.6286057692307693 0.07451923076923077 0.08653846153846154
0 0.5721153846153846 0.38822115384615385 0.05048076923076923 0.06490384615384616
0 0.33653846153846156 0.4026442307692308 0.052884615384615384 0.06971153846153846
0 0.2980769230769231 0.30408653846153844 0.05048076923076923 0.055288461538461536
0 0.5216346153846154 0.04807692307692308 0.0625 0.0673076923076923