0 0.522216796875 0.01904296875 0.06201171875 0.0380859375
0 0.42414551198637057 0.06314318020516352 0.049984498320433945 0.03996720096214057
0 0.4899935219755328 0.18497471253351971 0.06155623680170341 0.046611886838459515
0 0.5358254495922513 0.16620846902824482 0.025594059167338146 0.04701492195378165
0 0.7319294298345117 0.13061237627167221 0.04431938153297277 0.05124207959726479
0 0.8196397883741404 0.11086287796798822 0.0566970476486075 0.055025365875872145
0 0.04865723073637063 0.7744672120608292 0.034667513110062664 0.052512325574378904
0 0.317287148434514 0.6876018155406229 0.044921419360062664 0.05322934854840922
0 0.3292123258394709 0.4494571413452001 0.0387443979756974 0.055715164683533325
0 0.24173358121345812 0.9160933350370923 0.05900107397461363 0.044488042082738044
0 0.331606225997668 0.9594106718196768 0.047339202263158686 0.04464514975527489
0 0.08449328635928532 0.45976146731963474 0.04549983384024836 0.04646169895069774
0 0.053315067679872374 0.5358581346325708 0.04553308878188922 0.038683342901842055
0 0.5529607174763103 0.49909263534775344 0.030296605206966754 0.06095994856293607
0 0.5895297487351336 0.5057750388107872 0.03730317757260149 0.06436765137895617
0 0.6257627816999932 0.576671559615811 0.046339016416254264 0.03582194330413069
0 0.6507180992210445 0.6658632283948649 0.0322829851486075 0.053318168318657655
0 0.5585611469402392 0.6951632220577033 0.027556360122137358 0.08070632820378165
0 0.5195078228950385 0.6643399077038238 0.03848799003730796 0.10140873847666754
0 0.5204669447653147 0.8315574907786494 0.028168029543963802 0.06616032255721471
0 0.4902788246981321 0.8322095719995954 0.028898271340248305 0.045300804611791756
0 0.4692494760064913 0.8258994058499443 0.03388520882260149 0.06412864372094607
0 0.41730222109132076 0.8494699080189507 0.030154409485604522 0.058518542312936184
0 0.4047543757499887 0.9062709868406922 0.037772651273065644 0.04738023948238901
0 0.4356599165391577 0.5593284136655179 0.05322701640743094 0.04554315841900636
0 0.44037554305107923 0.4199189838235279 0.03873476638096074 0.0722484392812448
0 0.38330078125 0.483154296875 0.02734375 0.05615234375
0 0.5177086071688815 0.3863063588961626 0.027452235139784176 0.062219928606070285
0 0.89306640625 0.345947265625 0.0400390625 0.01220703125
0 0.8525390625 0.35302734375 0.0283203125 0.0263671875
0 0.7615127782349804 0.38336039562287216 0.03904805260789512 0.02753142798811048
0 0.7780767256359087 0.4162426129793891 0.04027093581161045 0.04852752173811048
0 0.7032380415391577 0.5406175284384457 0.02424297199442793 0.048865615100348814
0 0.7517870465337388 0.6004406881660065 0.04530557562770943 0.034777092901842055
0 0.8219332718255351 0.5566321789569498 0.03406065948560455 0.05879169392209038
0 0.9110988425204272 0.5202469742021215 0.04191123022461363 0.043293003792687634
0 0.9194941171580437 0.48464685283724573 0.025565620023065616 0.04652664070378165
0 0.986572265625 0.588134765625 0.02685546875 0.07373046875
0 0.9564399512894641 0.7436887625648065 0.03480970883142498 0.054953731824379126
0 0.9067870911055631 0.7612633139292357 0.0377914588226016 0.0644017953301006
0 0.8733931567705804 0.6332720308253562 0.030746815717957787 0.07703908586179176
0 0.8347152686781645 0.7045439076066009 0.029978958822601598 0.06385549211179198
0 0.7969657851120657 0.693081123497 0.03202221705278718 0.05719027436751323
0 0.7077486075659343 0.7887976330938183 0.03965926638978412 0.06307352738467764
0 0.7193641438634558 0.9066407879503352 0.03913291440077504 0.0790843767812448