0 0.5360576923076923 0.2860576923076923 0.08653846153846154 0.08653846153846154
0 0.5444711538461539 0.43990384615384615 0.09134615384615384 0.10096153846153846
0 0.1466346153846154 0.2956730769230769 0.0889423076923077 0.09375
0 0.17668269230769232 0.5264423076923077 0.08653846153846154 0.0889423076923077
0 0.03125 0.47716346153846156 0.0625 0.0625
0 0.046875 0.5420673076923077 0.0673076923076923 0.08413461538461539
0 0.6514423076923077 0.030048076923076924 0.08653846153846154 0.052884615384615384
0 0.4807692307692308 0.5504807692307693 0.07451923076923077 0.07451923076923077
0 0.3329326923076923 0.23197115384615385 0.06490384615384616 0.0625
0 0.4170673076923077 0.47836538461538464 0.0673076923076923 0.06490384615384616
0 0.359375 0.7680288461538461 0.09375 0.10336538461538461
0 0.5384615384615384 0.5997596153846154 0.06009615384615385 0.06971153846153846
0 0.4050480769230769 0.4170673076923077 0.07211538461538461 0.0673076923076923