0 0.055288461538461536 0.47836538461538464 0.052884615384615384 0.05048076923076923
0 0.1778846153846154 0.6117788461538461 0.05048076923076923 0.052884615384615384
0 0.20793269230769232 0.5841346153846154 0.055288461538461536 0.057692307692307696
0 0.18269230769230768 0.5396634615384616 0.04326923076923077 0.04567307692307692
0 0.34975961538461536 0.5348557692307693 0.052884615384615384 0.057692307692307696
0 0.3894230769230769 0.5036057692307693 0.036057692307692304 0.040865384615384616
0 0.37259615384615385 0.5024038461538461 0.040865384615384616 0.040865384615384616
0 0.34375 0.4855769230769231 0.038461538461538464 0.040865384615384616
0 0.45552884615384615 0.3858173076923077 0.04807692307692308 0.05048076923076923
0 0.515625 0.40024038461538464 0.04326923076923077 0.04807692307692308
0 0.5192307692307693 0.37259615384615385 0.04567307692307692 0.05048076923076923
0 0.4855769230769231 0.34615384615384615 0.04807692307692308 0.052884615384615384
0 0.41586538461538464 0.4579326923076923 0.038461538461538464 0.04326923076923077
0 0.45552884615384615 0.4951923076923077 0.040865384615384616 0.04567307692307692
0 0.5877403846153846 0.38822115384615385 0.055288461538461536 0.057692307692307696
0 0.6394230769230769 0.2800480769230769 0.055288461538461536 0.06009615384615385
0 0.5492788461538461 0.054086538461538464 0.06009615384615385 0.04567307692307692
0 0.6850961538461539 0.34375 0.04567307692307692 0.04326923076923077
0 0.6875 0.3713942307692308 0.040865384615384616 0.040865384615384616
0 0.7091346153846154 0.4110576923076923 0.038461538461538464 0.038461538461538464
0 0.7331730769230769 0.38221153846153844 0.036057692307692304 0.038461538461538464
0 0.75 0.3545673076923077 0.04807692307692308 0.05048076923076923
0 0.7764423076923077 0.42908653846153844 0.04807692307692308 0.04807692307692308
0 0.8004807692307693 0.5024038461538461 0.057692307692307696 0.0625
0 0.7403846153846154 0.46634615384615385 0.040865384615384616 0.04567307692307692
0 0.7163461538461539 0.44471153846153844 0.038461538461538464 0.036057692307692304
0 0.6622596153846154 0.4963942307692308 0.05048076923076923 0.052884615384615384
0 0.7199519230769231 0.5336538461538461 0.055288461538461536 0.06009615384615385
0 0.6069711538461539 0.5 0.05048076923076923 0.057692307692307696
0 0.5288461538461539 0.5444711538461539 0.03125 0.038461538461538464
0 0.5396634615384616 0.6141826923076923 0.04567307692307692 0.04567307692307692
0 0.5348557692307693 0.7043269230769231 0.04567307692307692 0.05048076923076923
0 0.4951923076923077 0.8040865384615384 0.052884615384615384 0.057692307692307696
0 0.390625 0.6514423076923077 0.04807692307692308 0.04567307692307692
0 0.38221153846153844 0.5985576923076923 0.04807692307692308 0.052884615384615384
0 0.27283653846153844 0.8245192307692307 0.052884615384615384 0.05048076923076923
0 0.18629807692307693 0.7487980769230769 0.06009615384615385 0.0673076923076923
0 0.3629807692307692 0.9170673076923077 0.0625 0.06009615384615385
0 0.4182692307692308 0.9483173076923077 0.05048076923076923 0.057692307692307696
0 0.42427884615384615 0.984375 0.04567307692307692 0.026442307692307692
0 0.40024038461538464 0.9783653846153846 0.04567307692307692 0.038461538461538464
0 0.46033653846153844 0.9158653846153846 0.055288461538461536 0.055288461538461536
0 0.421875 0.875 0.052884615384615384 0.055288461538461536
0 0.3942307692307692 0.8846153846153846 0.052884615384615384 0.057692307692307696
0 0.30408653846153844 0.7932692307692307 0.038461538461538464 0.040865384615384616
0 0.49759615384615385 0.9711538461538461 0.057692307692307696 0.052884615384615384
0 0.5288461538461539 0.9663461538461539 0.0625 0.0625
0 0.5048076923076923 0.9146634615384616 0.0673076923076923 0.07211538461538461
0 0.6466346153846154 0.9050480769230769 0.052884615384615384 0.04807692307692308
0 0.6105769230769231 0.859375 0.038461538461538464 0.040865384615384616
0 0.6129807692307693 0.7872596153846154 0.05048076923076923 0.05048076923076923
0 0.6598557692307693 0.7860576923076923 0.040865384615384616 0.04567307692307692
0 0.7151442307692307 0.8617788461538461 0.05048076923076923 0.057692307692307696
0 0.6899038461538461 0.6634615384615384 0.04567307692307692 0.05048076923076923
0 0.71875 0.7415865384615384 0.04567307692307692 0.04807692307692308
0 0.8677884615384616 0.7007211538461539 0.05048076923076923 0.052884615384615384
0 0.890625 0.7572115384615384 0.04807692307692308 0.04567307692307692
0 0.9086538461538461 0.6454326923076923 0.05048076923076923 0.057692307692307696