0 0.39663461538461536 0.4639423076923077 0.03125 0.040865384615384616
0 0.5456730769230769 0.4651442307692308 0.038461538461538464 0.052884615384615384
0 0.3894230769230769 0.5612980769230769 0.030048076923076924 0.057692307692307696
0 0.42788461538461536 0.7824519230769231 0.026442307692307692 0.08052884615384616
0 0.4338942307692308 0.8617788461538461 0.026442307692307692 0.04326923076923077
0 0.7487980769230769 0.7560096153846154 0.03125 0.054086538461538464
0 0.8137019230769231 0.8377403846153846 0.027644230769230768 0.051682692307692304
0 0.8533653846153846 0.8341346153846154 0.027644230769230768 0.08533653846153846
0 0.8665865384615384 0.6971153846153846 0.037259615384615384 0.054086538461538464
0 0.8485576923076923 0.3269230769230769 0.03245192307692308 0.08173076923076923
0 0.8293269230769231 0.20432692307692307 0.039663461538461536 0.06490384615384616
0 0.8918269230769231 0.34975961538461536 0.02283653846153846 0.0985576923076923
0 0.5901442307692307 0.17427884615384615 0.026442307692307692 0.06610576923076923
0 0.6538461538461539 0.2091346153846154 0.04326923076923077 0.042067307692307696