0 0.20582371144681122 0.26728373739700356 0.038492569246808106 0.07245146805744145
0 0.438720703125 0.4169921875 0.04248046875 0.08919270833333333
0 0.431640625 0.21061197916666666 0.056640625 0.099609375
0 0.34331311003581744 0.1485942459896706 0.03465450309418383 0.07723464886532616
0 0.3764029649463846 0.12350906505696801 0.04064419414546072 0.050581771719179956
0 0.32713436967617415 0.45065106101431085 0.04330719789943216 0.06777457538091862
0 0.21778988129383425 0.5111187034331163 0.045200662032978345 0.06342985997697603
0 0.32192879286971965 0.3627206048271238 0.03611082386326192 0.0767430393957027
0 0.5859375 0.6136067708333334 0.0419921875 0.012369791666666666
0 0.6972320398768832 0.5514026573574213 0.04014738991453859 0.049877585986832194
0 0.6062959859500032 0.47565636467604944 0.037774167511914536 0.05482019899176027
0 0.654129140119293 0.33286544851673544 0.042398819246808106 0.07287662058288975
0 0.7519497980942577 0.3682869890519611 0.027031980011914536 0.053651029546777064
0 0.805406155135179 0.28152548741316746 0.05040734780801359 0.08870088396712002
0 0.8597114833625561 0.46607561569883665 0.04125784877184335 0.09745677171918003
0 0.6330854887897889 0.2595104238944212 0.05537786145468049 0.05868651035627829
0 0.5328685108068811 0.257730473763138 0.051403427607304764 0.05305302449749657
0 0.466796875 0.173828125 0.013671875 0.05859375
0 0.4974783066156743 0.08501858903902998 0.024940015979715735 0.08007801755170511
0 0.837646484375 0.6103515625 0.03857421875 0.018880208333333332
0 0.06298828125 0.6539713541666666 0.037109375 0.068359375
0 0.058180464441707325 0.8078076454790851 0.053716989143475 0.043553119825901966
0 0.2272888225478057 0.7016871016743541 0.050194273284964064 0.0724248423004535
0 0.027099609375 0.9925130208333334 0.03076171875 0.014973958333333334
0 0.16951575005376296 0.6699723328583085 0.050194273284964286 0.07242484230045321
0 0.956787109375 0.9866536458333334 0.03662109375 0.026692708333333332
0 0.83837890625 0.650390625 0.060546875 0.061197916666666664
0 0.9260261985095759 0.7053810977565146 0.032888883674467406 0.09134498926926866
0 0.6245204951312076 0.7279828949636507 0.0657851813612762 0.07152128573558054
0 0.6720190351073785 0.8348598015317563 0.04855044693560251 0.058593535103410144