0 0.39865219029220134 0.2839504285012992 0.02401706270269477 0.0338850865993402
0 0.32020442598574683 0.2162049130702064 0.01902345145070894 0.027395355016144318
0 0.3477296299225555 0.23459286746942293 0.013686449624396912 0.02919219714962884
0 0.20370975877787434 0.2010905626068249 0.025833820007943098 0.026129416732618593
0 0.05188701958269604 0.08284565836115473 0.030219828277021077 0.025769003282494873
0 0.0928322427981586 0.2559993363599176 0.024334884334255125 0.024133669132659796
0 0.12315681818369051 0.25395051592573203 0.02197870789347489 0.028945443966061912
0 0.1553748577027685 0.2553764943748249 0.019452071834255014 0.023991593799463917
0 0.16540963778624407 0.29621640385785586 0.02782955991255287 0.02862765311589688
0 0.23548102298298157 0.28408792487255685 0.02524326298687929 0.020255834199298883
0 0.4222854654531214 0.07750168736740232 0.019435025872411194 0.023015031299463917
0 0.08283291700723727 0.32507953826016506 0.0267166297178012 0.02078673804925779
0 0.3973044503379475 0.44512586360125794 0.023230477120425252 0.01678103531602071
0 0.20372952947745093 0.4238604728733816 0.023769896255957268 0.01972493034934031
0 0.3408203125 0.006591796875 0.0185546875 0.01318359375
0 0.27814380123808546 0.022989081221484728 0.0330642859678012 0.020971435982412384
0 0.1889442174821282 0.03944627890731975 0.02526883192964524 0.021720677949298994
0 0.3929948954968818 0.24421494931814458 0.02284447164148906 0.022626202782701
0 0.2790282267170955 0.33616206040463936 0.02442011414347489 0.029016481632659796
0 0.12547174208872708 0.37321900872560837 0.0242752234678012 0.020715700382659796
0 0.14964801669120686 0.10767402880839189 0.022878563565177146 0.024579327782701055
0 0.09952797889709353 0.12429126665979393 0.022518127029006796 0.031889338999381456
0 0.1334178850457462 0.14188735649216508 0.02195313895070894 0.027480600216061857
0 0.445068359375 0.1181640625 0.00927734375 0.0234375
0 0.466029204549012 0.2871193545867631 0.032377504819148584 0.03754458341577327
0 0.6808036617330553 0.38130391684734044 0.023477643567162865 0.03094119156602071
0 0.0767250131916335 0.5576959152723919 0.05807495713234001 0.05586150014839175
0 0.13982792689993262 0.6929005059872166 0.0637443552146093 0.07310762676490723
0 0.14736794491071475 0.9046530605035672 0.048516355011914536 0.03947827576531959
0 0.4005044018900039 0.7322398175631962 0.059693214538935724 0.06469318524835055
0 0.38720703125 0.469970703125 0.046875 0.02001953125
0 0.5620779380604999 0.7581026974464125 0.03705082310212687 0.08160355618232984
0 0.5812606014109938 0.4987632984460001 0.019245048954680488 0.040090667516144346
0 0.6806142869833345 0.516310072743196 0.044232622513900255 0.04569806421544331
0 0.895263671875 0.469482421875 0.02490234375 0.01904296875
0 0.8810727029233351 0.5910254402541858 0.019662675019857523 0.06401644876614432
0 0.9176597047496471 0.5940441302531548 0.024332412996808106 0.0519514928493402
0 0.9733042499503561 0.5687941127682683 0.02754335886723336 0.06815001929925779
0 0.98583984375 0.473388671875 0.0283203125 0.02685546875
0 0.98876953125 0.808349609375 0.0224609375 0.04443359375
0 0.7669369368939754 0.804611412723959 0.03968467760730454 0.03678113391556703
0 0.7662636214011389 0.843185631473959 0.03821131087638263 0.036250230065608235
0 0.7446538730247563 0.8777309575412167 0.027057548954680488 0.04031798804925768
0 0.6747895107075934 0.9059869253098352 0.044420128094183886 0.056440251715443424
0 0.646594571583976 0.8699924308439795 0.04425819145666621 0.04716290796544331
0 0.7021484375 0.976318359375 0.0400390625 0.04736328125