0 0.147705078125 0.044677734375 0.08740234375 0.08935546875
0 0.08497749498183829 0.164287253363524 0.08275881847844369 0.08322150999246558
0 0.15129311644795734 0.34257422122295555 0.08210661748048986 0.1265250028265974
0 0.24158782755194808 0.17006015236247723 0.07617462580538992 0.10624957421681691
0 0.025390625 0.386474609375 0.05078125 0.06689453125
0 0.9609375 0.0205078125 0.029296875 0.041015625
0 0.8709657486706113 0.0460062454051936 0.03563622618433171 0.03887506678248531
0 0.8852690620043941 0.09593680531866677 0.037847324810529326 0.0346084842123755
0 0.9311336047027476 0.13486097530669106 0.017213639897056154 0.021840555037275555
0 0.99072265625 0.195068359375 0.0185546875 0.04248046875
0 0.9951171875 0.338623046875 0.009765625 0.03857421875
0 0.9820227152574397 0.34399058365689084 0.029467698086178107 0.04196036896477073
0 0.9612929001993057 0.3015142674397251 0.042113907380638915 0.03239738558617811
0 0.9142816464537471 0.33362326259192043 0.03661071241791447 0.04817800026846353
0 0.9084603187882276 0.27829394292605203 0.029416518614221676 0.04098380646477073
0 0.9081573944893253 0.25393105989800824 0.03203912928248531 0.03527796988063914
0 0.9167438153679182 0.2412336711315911 0.031139335990419514 0.03669163415868293
0 0.9691199340642254 0.23716142511722027 0.025045500833782874 0.050493534104990356
0 0.7741739954335864 0.19675445216991339 0.017778690354990134 0.02333098852325355
0 0.705506869062877 0.07580318471472336 0.028695853474002275 0.045815439492814525
0 0.6610539143761502 0.045230975448655175 0.026510344583782874 0.050570303312924336
0 0.5148275130023479 0.03318511314121897 0.023330988523253604 0.017778690354990134
0 0.5864789843388747 0.025253644065970027 0.04548069665868282 0.03159995123802428
0 0.521964973073806 0.17866733590524086 0.030371643911077995 0.022043196658682707
0 0.5137091424965108 0.20696413493568 0.03211382222400233 0.04599456764466092
0 0.552486002867918 0.2221437280919677 0.027721367240419403 0.03651250600683653
0 0.5651965237718106 0.26955611254750667 0.0356618159203097 0.03936334803248531
0 0.6902781200515519 0.37057775009810645 0.03486645783857312 0.0334783832965071
0 0.7870152158227592 0.3488658182796939 0.03995398822639751 0.037640530656287696
0 0.40598501773658124 0.2884808394107291 0.04609485032215599 0.04331870123802428
0 0.3520610572830885 0.31876673450923165 0.0321670779623755 0.037719376130638915
0 0.158935546875 0.979736328125 0.05419921875 0.04052734375
0 0.260986328125 0.962890625 0.06982421875 0.07421875
0 0.20456767935838482 0.5753937489390746 0.03039100484780466 0.05028673995074873
0 0.283935546875 0.709716796875 0.05126953125 0.07666015625
0 0.27579237759945474 0.86593422482655 0.047525799270509594 0.07991420525204629
0 0.08259557326946276 0.5894529479726066 0.06386938814431198 0.08515319778932179
0 0.15699070061591913 0.4945029811870284 0.043314548705190026 0.06459835835019989
0 0.11520525462066211 0.8307365021477066 0.06174128752529984 0.06312936206736564
0 0.6117893621370792 0.6410938676637747 0.030388928581387642 0.05953849396477073
0 0.5580929585019989 0.5735167186080359 0.0571890653265974 0.07847287497160715
0 0.532470703125 0.444580078125 0.02587890625 0.04931640625
0 0.6168056775772479 0.5045265798132259 0.04590741710464119 0.07690774854411209
0 0.6484375 0.4462890625 0.04296875 0.052734375
0 0.7139777988600821 0.4911154292448135 0.04324193203009008 0.04463000657215599
0 0.710338502090921 0.5610440832051428 0.0391821436142219 0.0414956011843316
0 0.7661533522013992 0.4646334252023987 0.020501583700748727 0.028830030953143848
0 0.7973182779277967 0.5018133406110815 0.03455938100683653 0.02761900829650732
0 0.7882055284647234 0.5695073824756522 0.02618183054890233 0.025719139034880434
0 0.7267166603053427 0.6412736703545939 0.03535473908857312 0.03350397303248531
0 0.6115445206483571 0.7014616145119285 0.03260833227325355 0.018264895338573117
0 0.5804100117297448 0.757775801743465 0.0345573047404194 0.036870762310529326
0 0.5240010960809914 0.6384408401877262 0.05056407451367306 0.05426560662584867
0 0.909443110087479 0.7365514239865812 0.03645717400204629 0.045248312768463306
0 0.4051059871086864 0.6833385271791924 0.04038070867235588 0.0829483279623755
0 0.47598909182689897 0.54924929118568 0.02478960347400233 0.045610721604990134
0 0.5664705089599331 0.5754165878696627 0.025661730763673063 0.05296053009096824
0 0.5523165288596859 0.8906989657530457 0.020627456114221898 0.040523191217165966
0 0.5732421875 0.990966796875 0.0400390625 0.01806640625