0 0.5528846153846154 0.7331730769230769 0.07932692307692307 0.08173076923076923
0 0.5348557692307693 0.5805288461538461 0.07451923076923077 0.10336538461538461
0 0.16947115384615385 0.8112980769230769 0.07692307692307693 0.09134615384615384
0 0.15865384615384615 0.5769230769230769 0.07692307692307693 0.08653846153846154
0 0.026442307692307692 0.6586538461538461 0.052884615384615384 0.057692307692307696
0 0.027644230769230768 0.5901442307692307 0.052884615384615384 0.08653846153846154
0 0.7127403846153846 0.9663461538461539 0.07932692307692307 0.0625
0 0.453125 0.484375 0.06490384615384616 0.07211538461538461
0 0.3629807692307692 0.8317307692307693 0.06009615384615385 0.057692307692307696
0 0.4014423076923077 0.5709134615384616 0.06009615384615385 0.057692307692307696
0 0.2956730769230769 0.2980769230769231 0.07692307692307693 0.10576923076923077
0 0.4987980769230769 0.42427884615384615 0.05048076923076923 0.06971153846153846
0 0.40024038461538464 0.6334134615384616 0.0673076923076923 0.0625