0 0.1346245070973604 0.21787434309515807 0.035219808075682035 0.032175232830100375
0 0.19591541000384272 0.35971514073953426 0.03705357497683304 0.02889383988467742
0 0.2614877297602367 0.18367457869993065 0.04074436223848732 0.036945347542687745
0 0.34010410181232664 0.2478309015599781 0.037275240017552225 0.03524149613467764
0 0.3304656136618842 0.03564703360002838 0.01584201848848732 0.03520400603432877
0 0.29736328125 0.01123046875 0.0185546875 0.0224609375
0 0.405517578125 0.11279296875 0.02880859375 0.046875
0 0.2926664343302333 0.11378899183241742 0.02941158654661713 0.03323034916636891
0 0.06130017531275189 0.14165783072366767 0.035912703209422636 0.0380687517812448
0 0.2805508404693051 0.25150818234958183 0.03741164927337959 0.03914774613467764
0 0.24287411003859294 0.3958856708262495 0.022859316412876307 0.02692710280149324
0 0.316965743887229 0.4501295269477398 0.030791174511725083 0.03089137476980186
0 0.3920324258821106 0.23932883023868318 0.03537947079086079 0.05069577637895617
0 0.3748774476080933 0.4655635028104248 0.03219401593618487 0.04316669392209027
0 0.06307498929406563 0.509285855939339 0.023784725441941212 0.025530546953781652
0 0.28779752009054094 0.5042876819618201 0.027793282383811402 0.028733386062936184
0 0.8414697294225462 0.43702715072411424 0.02267795598848754 0.035682021350348814
0 0.8882796155967225 0.5053559554085407 0.018550040947768354 0.029061213491194504
0 0.431396484375 0.5537109375 0.02294921875 0.01171875
0 0.6454457273816854 0.49895628702954253 0.018833708314027642 0.02323598244233871
0 0.6500851978299498 0.32425403138297537 0.02341580229078999 0.028914371752637447
0 0.7366009021152671 0.19009987884073432 0.029428637703595495 0.03371863041636902
0 0.9179965879170024 0.35179328910132607 0.03219401593618487 0.04316669392209038
0 0.7835285699399568 0.4503334807091407 0.024545825203595495 0.03337719090492608
0 0.46575513657959544 0.44186776205636347 0.02365451848848743 0.03575030925263745
0 0.06998537512073977 0.9238466756369526 0.01789745043035773 0.03827026933890598
0 0.07465116913225234 0.957616635723221 0.020315603221006118 0.02382669554577166
0 0.1956380070345376 0.6174488594168996 0.01880580830244427 0.036385432241194504
0 0.15617246087123593 0.771206123497 0.023739774273379366 0.03819171550263745
0 0.34037851747050996 0.6292466182259006 0.024545825203595495 0.033377190904926024
0 0.12026598066238026 0.6417158526919763 0.011918717331509177 0.034442573175174435
0 0.0634563791445445 0.7621026181655599 0.02240513747683326 0.02786952135034887
0 0.5851639335390181 0.8062054933108292 0.03349455041877447 0.052512325574378904
0 0.852199533015993 0.7193400967906229 0.04374845666877447 0.05322934854840922
0 0.7818730519629109 0.9478316162870923 0.05805587102920651 0.044488042082738044
0 0.872802734375 0.984375 0.04638671875 0.03125
0 0.48322475233535167 0.8659393782954092 0.04339658467460161 0.05710145459726501
0 0.583984375 0.5732421875 0.044921875 0.02734375