0 0.10098466528011674 0.130859375 0.06129048018049299 0.05419921875
0 0.019287109375 0.145263671875 0.03857421875 0.04931640625
0 0.10060084857399065 0.0615234375 0.05571876544661203 0.0732421875
0 0.0908203125 0.009765625 0.0810546875 0.01953125
0 0.03835365831683868 0.29541015625 0.030896005441855223 0.0751953125
0 0.874460252018995 0.3876953125 0.0614604264495211 0.04638671875
0 0.9575650735258736 0.2822265625 0.027071000807871393 0.05322265625
0 0.9350013331027731 0.32763671875 0.0428659470768995 0.04541015625
0 0.8008649225277218 0.30712890625 0.033060530204278016 0.04443359375
0 0.9002795139730326 0.0986328125 0.042627195841170584 0.03955078125
0 0.6545629341960653 0.263671875 0.05169646307029441 0.0224609375
0 0.566587740588502 0.33349609375 0.045386937072142475 0.04736328125
0 0.6432520291339506 0.41748046875 0.03737547770903493 0.04248046875
0 0.7805278653506516 0.43115234375 0.049343757723306014 0.03662109375
0 0.005859375 0.538330078125 0.01171875 0.03076171875
0 0.2690039424183105 0.498046875 0.03256147017573596 0.05615234375
0 0.22133889888210245 0.53857421875 0.02692261209592761 0.03759765625
0 0.25619918051211643 0.63916015625 0.022826519890588814 0.044921875
0 0.20245590667649027 0.67431640625 0.033400422742334124 0.02880859375
0 0.16131012728008376 0.68310546875 0.02515932930126641 0.0302734375
0 0.11160491946163742 0.685546875 0.03283255774709115 0.02685546875
0 0.09637451494630567 0.7431640625 0.022388809291752354 0.0341796875
0 0.18590904712310236 0.74755859375 0.020923965541752354 0.0341796875
0 0.03746988550232899 0.771484375 0.03205495461019858 0.03173828125
0 0.07505842459456025 0.75927734375 0.02084438179650938 0.0322265625
0 0.1446604648035953 0.8017578125 0.02033620461019847 0.03173828125
0 0.18411922190903685 0.83544921875 0.02047547616437373 0.03515625
0 0.22844255719894113 0.8447265625 0.021860736169130757 0.033203125
0 0.273372740302808 0.72509765625 0.026663964923887784 0.03125
0 0.363525390625 0.78125 0.03271484375 0.03515625
0 0.34079781535010456 0.833984375 0.03778417521379218 0.04052734375
0 0.27682385444233604 0.82177734375 0.026624173051266187 0.0302734375
0 0.16968968322142491 0.55322265625 0.029235525570294407 0.0224609375
0 0.025897053539597703 0.67919921875 0.01720755774709115 0.02685546875
0 0.07180541725126821 0.8232421875 0.01911011209592761 0.03759765625
0 0.10920245251738736 0.84228515625 0.020177037119712526 0.02783203125
0 0.40283445841170534 0.6142578125 0.03768303391146491 0.06201171875
0 0.388671875 0.7470703125 0.017578125 0.0869140625
0 0.4626609038961001 0.80029296875 0.04766917583165653 0.04345703125
0 0.4537583032074273 0.56982421875 0.038111627352532707 0.060546875
0 0.5222030558688923 0.6318359375 0.040066413973306014 0.03662109375
0 0.5634599027792964 0.74560546875 0.032740533602532707 0.060546875
0 0.6106640165388104 0.74169921875 0.042725013901950826 0.06591796875
0 0.8828125 0.493896484375 0.041015625 0.04833984375
0 0.9578195448894951 0.77734375 0.03327772388292294 0.07373046875
0 0.8814047863583174 0.6875 0.04792616138292294 0.07373046875
0 0.8000135295618082 0.6552734375 0.038807985123408884 0.07763671875
0 0.7503191005219039 0.64599609375 0.04930562747145795 0.01171875
0 0.7390703974563666 0.62158203125 0.047510008341170584 0.03955078125
0 0.6931014933688923 0.6318359375 0.04504538291331306 0.0869140625
0 0.7951480988104739 0.83544921875 0.04109022388292283 0.07373046875
0 0.8262521807732051 0.927734375 0.04770730608350471 0.068359375
0 0.827198921125224 0.783203125 0.03631766984301876 0.064453125
0 0.983154296875 0.919677734375 0.03369140625 0.08447265625
0 0.932861328125 0.984375 0.06689453125 0.03125