0 0.5096153846153846 0.45913461538461536 0.055288461538461536 0.06009615384615385
0 0.25961538461538464 0.22956730769230768 0.0625 0.0673076923076923
0 0.265625 0.3485576923076923 0.0673076923076923 0.07692307692307693
0 0.33653846153846156 0.5120192307692307 0.052884615384615384 0.057692307692307696
0 0.09735576923076923 0.7223557692307693 0.07211538461538461 0.07932692307692307
0 0.21153846153846154 0.6730769230769231 0.06009615384615385 0.06971153846153846
0 0.36658653846153844 0.18509615384615385 0.055288461538461536 0.0625
0 0.6574519230769231 0.7079326923076923 0.055288461538461536 0.0625
0 0.6694711538461539 0.6009615384615384 0.06009615384615385 0.0625
0 0.4230769230769231 0.6141826923076923 0.07211538461538461 0.08173076923076923
0 0.8413461538461539 0.36538461538461536 0.04807692307692308 0.052884615384615384
0 0.12259615384615384 0.42908653846153844 0.04807692307692308 0.05048076923076923