0 0.3974586920681066 0.04278967101986017 0.05391029842654138 0.05267609803029827
0 0.21980507354535844 0.08814385683860793 0.06410162370801042 0.0524765300844931
0 0.22851113413621327 0.1704043899038763 0.05404201785137519 0.03956650376165016
0 0.14212826139142742 0.22356206119757427 0.038097555520948845 0.048562418828667964
0 0.2484010125853648 0.3965598927564409 0.04501499797549846 0.04276975868880717
0 0.4760521220468821 0.41169257506415435 0.04404424448597277 0.06553397873542743
0 0.5367044865206271 0.4546898869143928 0.04321832539682546 0.04506316597610338
0 0.641357421875 0.46875 0.05029296875 0.0224609375
0 0.058150443879199654 0.21471529836248487 0.05033587725521427 0.04997569359556664
0 0.5283203125 0.013671875 0.041015625 0.02734375
0 0.7679249566202948 0.25267509076341926 0.02317406115033227 0.027995176089741558
0 0.803543257919206 0.3108169826194829 0.02173395039682552 0.04343517738636171
0 0.769775390625 0.47314453125 0.02880859375 0.013671875
0 0.871337890625 0.46337890625 0.02587890625 0.033203125
0 0.8464661055048006 0.4140360330594629 0.031355489473745 0.049509266209204705
0 0.8414094135520502 0.34278397030013885 0.02632859105066454 0.05447336281176951
0 0.6787109375 0.009521484375 0.017578125 0.01904296875
0 0.67919921875 0.038818359375 0.0185546875 0.03564453125
0 0.9618314514523366 0.4303174372319678 0.030679465318152577 0.04654257896852876
0 0.920209689230345 0.37802763575469145 0.023699441895072115 0.051358676608389775
0 0.9698929571797723 0.1809458561888464 0.03439141492478792 0.05897160866258455
0 0.996826171875 0.211181640625 0.00634765625 0.05322265625
0 0.99462890625 0.29638671875 0.0107421875 0.044921875
0 0.28078046392811085 0.6262341957867588 0.03780938367478792 0.05923060684731607
0 0.25325627698758835 0.5718948393298802 0.049365872242986386 0.03483897484556664
0 0.37409970311346497 0.5588126536422457 0.03036656047549835 0.04165976646852887
0 0.3825059738372101 0.6057689377448103 0.025740629337394072 0.030133299793121293
0 0.43703121240540865 0.5761233425670766 0.04378811160137519 0.03878950920745533
0 0.263916015625 0.492431640625 0.04052734375 0.02490234375
0 0.31409114502584123 0.8857183921037766 0.02831956402270208 0.04004692375582497
0 0.3883790334821444 0.8658602757896812 0.03550625433739407 0.030873294606640123
0 0.6067593566814338 0.8664852349388856 0.03886745112933743 0.05299394981934391
0 0.6090238895694924 0.9477619208829413 0.04203509600521427 0.04934669800407576
0 0.6164850670854107 0.6660527781177921 0.025370952536683422 0.04711214432109345
0 0.5998850015400063 0.5907688968940148 0.05614503778492996 0.057218628243002057
0 0.535305966125647 0.6319706738666193 0.02826279206464566 0.06190858078379724
0 0.582763671875 0.492431640625 0.04736328125 0.02490234375
0 0.41802441586494266 0.9686134754779117 0.04758156616256004 0.044907882392187126
0 0.9443168347060732 0.6160431795833594 0.04114659594753611 0.027899322744751487
0 0.9543996766046061 0.7197880876486278 0.025283638571659273 0.030584581302445346
0 0.993408203125 0.73291015625 0.01318359375 0.0244140625
0 0.94970703125 0.48681640625 0.0322265625 0.013671875
0 0.9150081628772164 0.901370435678926 0.025934929730758616 0.018000268024473076
0 0.9463323618666961 0.9460994507197213 0.02586579127445554 0.03208642479312118
0 0.9135026560538956 0.7400599090967591 0.02219749865033238 0.027921176608389664
0 0.913217299309018 0.9270200588636577 0.020544911994739845 0.024880489886361712