0 0.030517578125 0.363525390625 0.03759765625 0.03271484375
0 0.019133720870197657 0.3277645238306637 0.03118249045714694 0.03337400634014753
0 0.148943490456656 0.3422854981970481 0.03461883064328708 0.02809383156809897
0 0.20165727986542303 0.14078363364548563 0.025371810732841338 0.04493364812873257
0 0.11849607684357677 0.0720626240161237 0.03122520953113428 0.03386228759014759
0 0.08919920184357677 0.07274451635075915 0.02617152073518514 0.03179551386770835
0 0.009033203125 0.250244140625 0.01806640625 0.02197265625
0 0.383544921875 0.06103515625 0.03271484375 0.029296875
0 0.40576171875 0.011474609375 0.01171875 0.02099609375
0 0.40869140625 0.21533203125 0.017578125 0.0205078125
0 0.959735170328184 0.19647770819733013 0.0312922762429686 0.040198578967903575
0 0.7046865720719049 0.11518966571456118 0.0243589481915798 0.016647430245464445
0 0.5122059261894973 0.10407651999539902 0.0251035438855034 0.019588482617708403
0 0.4221627473780683 0.2811083141987194 0.023431080967274254 0.028320720756488615
0 0.8481277117394689 0.32479543437957836 0.0251278915233506 0.025436492745464445
0 0.5768137702043994 0.29017823245290764 0.02634239703113428 0.0337486388677084
0 0.59375 0.013427734375 0.0263671875 0.02685546875
0 0.43733355201423685 0.057577785548914684 0.02567726328347797 0.02057640998995236
0 0.5973813447214709 0.17762351776354124 0.02192351814328708 0.027798344889756965
0 0.01806640625 0.987060546875 0.0361328125 0.02587890625
0 0.081787109375 0.986083984375 0.05029296875 0.02783203125
0 0.10106204694812027 0.8860396491513451 0.07186831526866311 0.052837883619661685
0 0.2093814653328715 0.9122684169019744 0.06716279809733794 0.026902153008441898
0 0.25056840945983905 0.9483435885277773 0.0579401258247394 0.049589979696831765
0 0.20947265625 0.993408203125 0.0615234375 0.01318359375
0 0.38134765625 0.73681640625 0.037109375 0.080078125
0 0.35990910014111743 0.6120070932297738 0.0549860906868922 0.04367378033561198
0 0.34997680372280116 0.4470479930919699 0.05181204114638294 0.06309138161317279
0 0.23125141705925945 0.46735368743051164 0.05005414008017928 0.07084705725195317
0 0.17681514096351314 0.5548704964159283 0.03877497605448488 0.05888964493483073
0 0.15478515625 0.406982421875 0.0390625 0.05419921875
0 0.5942854286341732 0.6824868665709634 0.03202447670245934 0.05970709922341588
0 0.6305831412284151 0.690900480030425 0.03911672864638294 0.06279589493483073
0 0.6646599048063377 0.7636876643841793 0.04729577170714694 0.03374904712419702
0 0.6869448754707187 0.8542916360550561 0.03378237776866311 0.05195142358463545
0 0.5941167664933171 0.879354721042426 0.02986970873593736 0.07963571149546445
0 0.5560487575984385 0.8466179640609156 0.041386815769415275 0.09988254019034293
0 0.5517578125 0.99072265625 0.0302734375 0.0185546875
0 0.500732421875 0.9873046875 0.03564453125 0.025390625
0 0.47545667521753554 0.7373923404260415 0.05445509036290502 0.04317413421336802
0 0.4842563616278941 0.597823457031749 0.04077679633017928 0.07063112467931865
0 0.42191572835144747 0.6587234595842881 0.03643737938859942 0.05444965419585501
0 0.5624176616691556 0.5677415893339408 0.029222946424421137 0.06110375373995236
0 0.841796875 0.39404296875 0.0400390625 0.0283203125
0 0.9392421866161752 0.5214498058173389 0.04157650633252308 0.057492990418294254
0 0.898068080554659 0.5409250479690968 0.02968090383486688 0.04405936947892797
0 0.9034869839183163 0.45113812233031636 0.04735641938625568 0.06786054539073355
0 0.8628255067446473 0.4647539894820742 0.01400720855917248 0.031999673311610244
0 0.8058077147735249 0.5762079445897348 0.0397763290233506 0.02577743891278217
0 0.8213720670944161 0.6099557669444657 0.04161324920480314 0.04677353266278217
0 0.7430348002175355 0.7311643904363712 0.025628125176764938 0.047863335628732684
0 0.7897274143491908 0.7934249116062713 0.04623377105917248 0.032749754879709325
0 0.8610160340181722 0.7527826943643658 0.03571713133252308 0.05735661195136721
0 0.9510669603553827 0.7204749447327035 0.04309646439094328 0.04144789840175789
0 0.960490389932466 0.6851709513935325 0.02687937355682868 0.045456023995464445
0 0.985595703125 0.9462890625 0.02880859375 0.0537109375
0 0.9396866437316853 0.961946866037825 0.03960500989638294 0.06280725980707458
0 0.9101197305602731 0.8320421403063146 0.03294592489403936 0.07580901560117193
0 0.8694283723780682 0.9016967024856332 0.03179250989638316 0.06262542185117193
0 0.8320930067736991 0.8884343711429032 0.03363584911056128 0.05584630871239149
0 0.739990234375 0.974609375 0.04150390625 0.05078125