0 0.5216346153846154 0.65625 0.026442307692307692 0.0625
0 0.6045673076923077 0.6634615384615384 0.036057692307692304 0.04567307692307692
0 0.7572115384615384 0.7548076923076923 0.026442307692307692 0.0625
0 0.8701923076923077 0.41466346153846156 0.038461538461538464 0.03365384615384615
0 0.78125 0.40384615384615385 0.026442307692307692 0.03125
0 0.640625 0.46033653846153844 0.03365384615384615 0.03365384615384615
0 0.6141826923076923 0.359375 0.026442307692307692 0.052884615384615384
0 0.5060096153846154 0.4326923076923077 0.026442307692307692 0.055288461538461536
0 0.6346153846153846 0.5877403846153846 0.021634615384615384 0.04807692307692308
0 0.7620192307692307 0.5853365384615384 0.03125 0.03365384615384615
0 0.5228365384615384 0.9543269230769231 0.028846153846153848 0.05048076923076923
0 0.5841346153846154 0.3449519230769231 0.028846153846153848 0.04807692307692308