0 0.6490384615384616 0.7824519230769231 0.07451923076923077 0.08413461538461539
0 0.7920673076923077 0.6574519230769231 0.08413461538461539 0.0889423076923077
0 0.7391826923076923 0.5625 0.0673076923076923 0.06971153846153846
0 0.7920673076923077 0.4651442307692308 0.057692307692307696 0.07211538461538461
0 0.6009615384615384 0.30288461538461536 0.0625 0.06971153846153846
0 0.3798076923076923 0.375 0.07451923076923077 0.09375
0 0.3004807692307692 0.3473557692307692 0.0625 0.07211538461538461
0 0.5697115384615384 0.06490384615384616 0.08413461538461539 0.09134615384615384
0 0.44591346153846156 0.1346153846153846 0.07451923076923077 0.0673076923076923
0 0.18990384615384615 0.3641826923076923 0.0625 0.0625
0 0.3137019230769231 0.78125 0.07211538461538461 0.0889423076923077
0 0.2127403846153846 0.7115384615384616 0.057692307692307696 0.07451923076923077
0 0.9723557692307693 0.4387019230769231 0.038461538461538464 0.08413461538461539
0 0.875 0.4411057692307692 0.07211538461538461 0.07932692307692307
0 0.6310096153846154 0.13942307692307693 0.055288461538461536 0.0673076923076923
0 0.6911057692307693 0.12259615384615384 0.06490384615384616 0.06971153846153846
0 0.7415865384615384 0.08533653846153846 0.07932692307692307 0.09375
0 0.13942307692307693 0.27283653846153844 0.06490384615384616 0.08653846153846154
0 0.5456730769230769 0.8774038461538461 0.057692307692307696 0.0673076923076923