0 0.4484192055624856 0.34685407619219166 0.027537307223758578 0.03953126395070905
0 0.1718524091952522 0.40942992745219425 0.034688595017871804 0.05771699193361668
0 0.13738788301879895 0.48111598974949954 0.018927227323120133 0.04963175654411334
0 0.4558591657393656 0.39631537311786535 0.03884448280205621 0.044121823761914536
0 0.30692239017099643 0.3663635909557391 0.025095900973758578 0.039488649046099056
0 0.25532651430851416 0.3561828112280091 0.029430771357304764 0.03614738712439691
0 0.16636915432440014 0.30383333273836455 0.04992153789546072 0.03552878982312013
0 0.0380375243522007 0.21269903231311754 0.022415851257942987 0.025774159141489172
0 0.6273479068601437 0.05332306285162641 0.04357141030801359 0.06324149934021239
0 0.614413095326033 0.3466437264068747 0.05076778434418383 0.05604512530404193
0 0.8887199393800751 0.30161190822318423 0.044618627992836446 0.039341287032978345
0 0.835724678877236 0.06379831320531243 0.0451836160711343 0.04374434126390031
0 0.6546297780565283 0.22523820641878922 0.0369765876112762 0.048970544338226674
0 0.08195504997227321 0.8181339437897152 0.08057603819950276 0.08585337915936098
0 0.02734375 0.673095703125 0.0546875 0.05322265625
0 0.6111776894814225 0.9186830646282946 0.02293822443163096 0.027735807122411194
0 0.6954504834639035 0.7916969566731875 0.028874306259928817 0.03223261414347489
0 0.8798992562938343 0.9697744688472283 0.03147764914744644 0.041552572798084775