0 0.33774038461538464 0.45072115384615385 0.052884615384615384 0.055288461538461536
0 0.265625 0.3737980769230769 0.038461538461538464 0.038461538461538464
0 0.4495192307692308 0.47475961538461536 0.04326923076923077 0.04567307692307692
0 0.6213942307692307 0.40384615384615385 0.057692307692307696 0.057692307692307696
0 0.6045673076923077 0.3389423076923077 0.04807692307692308 0.04807692307692308
0 0.8858173076923077 0.6550480769230769 0.036057692307692304 0.038461538461538464
0 0.8978365384615384 0.6947115384615384 0.04567307692307692 0.04807692307692308
0 0.6009615384615384 0.8617788461538461 0.04326923076923077 0.04567307692307692
0 0.4326923076923077 0.8377403846153846 0.06009615384615385 0.057692307692307696
0 0.7211538461538461 0.6983173076923077 0.05048076923076923 0.052884615384615384
0 0.7391826923076923 0.7319711538461539 0.038461538461538464 0.038461538461538464