0 0.8509615384615384 0.7091346153846154 0.09615384615384616 0.11538461538461539
0 0.6117788461538461 0.8413461538461539 0.06009615384615385 0.07211538461538461
0 0.5901442307692307 0.8233173076923077 0.06490384615384616 0.08173076923076923
0 0.6201923076923077 0.6899038461538461 0.07451923076923077 0.08653846153846154
0 0.4855769230769231 0.6971153846153846 0.06971153846153846 0.06490384615384616
0 0.4567307692307692 0.6730769230769231 0.0985576923076923 0.09615384615384616
0 0.3557692307692308 0.6646634615384616 0.09615384615384616 0.11778846153846154
0 0.46274038461538464 0.6009615384615384 0.07211538461538461 0.06009615384615385
0 0.4206730769230769 0.5 0.0625 0.06490384615384616
0 0.24759615384615385 0.8149038461538461 0.09134615384615384 0.07692307692307693
0 0.15384615384615385 0.890625 0.0889423076923077 0.08173076923076923