0 0.14900754264702318 0.0849233863224449 0.0597897278223079 0.05978972782230785
0 0.17441828951878569 0.22075519579834224 0.050694320590072506 0.06326387859261695
0 0.09719496678271106 0.29628498022723804 0.07960458048982266 0.056327621225851665
0 0.177978515625 0.444580078125 0.07177734375 0.03076171875
0 0.3030048043297126 0.18687377533266786 0.04702753541113114 0.07868420001013166
0 0.504747923513697 0.23179423167667101 0.04692586926138098 0.08696223919541102
0 0.3896072093385493 0.2811976397096103 0.04643624172839611 0.06598888751013154
0 0.7486288894478641 0.07136926049500264 0.048298398469513726 0.06412673076901398
0 0.4573164160695353 0.555582228729965 0.0667286777550431 0.07278068716367558
0 0.55126953125 0.634521484375 0.056640625 0.10888671875
0 0.4699904051608115 0.7541535030269209 0.07802871898218955 0.09571920802280776
0 0.4512297651683532 0.9081908637071117 0.08920300571188067 0.10549687719666045
0 0.3011240167458411 0.7532104528555211 0.03438975121442511 0.08978891426267599
0 0.34871464627003507 0.577278013727375 0.04859539159386628 0.09142499663957282
0 0.10583156624459178 0.720712404234871 0.06166392873727833 0.06864701651646965
0 0.08818259485747199 0.8565923904061794 0.07705350276517464 0.1166243335139252
0 0.0166015625 0.631103515625 0.033203125 0.08349609375
0 0.018798828125 0.5234375 0.03759765625 0.0703125
0 0.8839712161368003 0.8082565131321224 0.02622138350379366 0.02948015780074953
0 0.8031212072192855 0.8164262271257388 0.04492322128298498 0.023042879574852293
0 0.8330562063144467 0.8497751561219451 0.04158552290099948 0.035067974307087635
0 0.747426397329667 0.8708903453274879 0.03135435871572001 0.03507867219795546
0 0.988037109375 0.729736328125 0.02392578125 0.03857421875