0 0.4543269230769231 0.5348557692307693 0.016826923076923076 0.05048076923076923
0 0.45913461538461536 0.5805288461538461 0.019230769230769232 0.030048076923076924
0 0.4326923076923077 0.78125 0.02403846153846154 0.040865384615384616
0 0.7211538461538461 0.7295673076923077 0.020432692307692308 0.03125
0 0.7668269230769231 0.7848557692307693 0.025240384615384616 0.03365384615384615
0 0.6382211538461539 0.8329326923076923 0.015625 0.03485576923076923
0 0.6382211538461539 0.75 0.02403846153846154 0.046875
0 0.5685096153846154 0.13701923076923078 0.018028846153846152 0.046875
0 0.5348557692307693 0.3389423076923077 0.02283653846153846 0.04927884615384615
0 0.7151442307692307 0.16706730769230768 0.02403846153846154 0.042067307692307696
0 0.49399038461538464 0.1622596153846154 0.010817307692307692 0.04447115384615385
0 0.4423076923076923 0.3173076923076923 0.021634615384615384 0.036057692307692304
0 0.21754807692307693 0.22956730769230768 0.026442307692307692 0.042067307692307696
0 0.23197115384615385 0.8413461538461539 0.018028846153846152 0.04326923076923077