0 0.8088942307692307 0.5096153846153846 0.04567307692307692 0.04326923076923077
0 0.8305288461538461 0.5144230769230769 0.021634615384615384 0.019230769230769232
0 0.3737980769230769 0.3161057692307692 0.05048076923076923 0.04807692307692308
0 0.328125 0.3088942307692308 0.04567307692307692 0.04326923076923077
0 0.24639423076923078 0.3485576923076923 0.036057692307692304 0.036057692307692304
0 0.2247596153846154 0.38100961538461536 0.038461538461538464 0.038461538461538464
0 0.13581730769230768 0.4987980769230769 0.052884615384615384 0.05048076923076923
0 0.12620192307692307 0.46875 0.04326923076923077 0.040865384615384616
0 0.23918269230769232 0.13221153846153846 0.04326923076923077 0.040865384615384616
0 0.18990384615384615 0.15745192307692307 0.036057692307692304 0.036057692307692304
0 0.3713942307692308 0.001201923076923077 0.026442307692307692 0.002403846153846154
0 0.21033653846153846 0.6057692307692307 0.04567307692307692 0.04326923076923077
0 0.07091346153846154 0.4879807692307692 0.036057692307692304 0.03365384615384615
0 0.10576923076923077 0.44471153846153844 0.04326923076923077 0.040865384615384616
0 0.039663461538461536 0.33052884615384615 0.028846153846153848 0.026442307692307692
0 0.016826923076923076 0.3545673076923077 0.03365384615384615 0.03365384615384615
0 0.055288461538461536 0.33653846153846156 0.04807692307692308 0.04567307692307692
0 0.052884615384615384 0.30528846153846156 0.040865384615384616 0.040865384615384616
0 0.12259615384615384 0.19230769230769232 0.03365384615384615 0.03125
0 0.3016826923076923 0.5480769230769231 0.028846153846153848 0.026442307692307692
0 0.9110576923076923 0.5649038461538461 0.05048076923076923 0.05048076923076923