0 0.32751553287779406 0.2706187033463243 0.053033108903903003 0.06766303175075228
0 0.12955283523994665 0.11416329833318817 0.05879279848764041 0.07883240999062491
0 0.07539331336676514 0.1574195722787033 0.06359597547534002 0.05452813327644668
0 0.060096678902394896 0.29667158570940355 0.05709887168716732 0.04620300438859948
0 0.39382290332374326 0.049536197220108935 0.06258945899872859 0.07189266290651031
0 0.6728515625 0.014892578125 0.0556640625 0.02978515625
0 0.61875975741094 0.10503934510503443 0.03617242879059723 0.07491420758721068
0 0.608385954668273 0.1976970206175055 0.01856451098642814 0.04331647879360512
0 0.5456861003184208 0.3560719075754917 0.03765724185833824 0.06340905295714694
0 0.6328125 0.40771484375 0.0302734375 0.0439453125
0 0.664794921875 0.419677734375 0.03857421875 0.02001953125
0 0.728759765625 0.409912109375 0.02880859375 0.03955078125
0 0.7554980737975752 0.22414189873969848 0.035534619416203395 0.09085661254126154
0 0.7502967192483736 0.12478883818362208 0.023447242900206944 0.06749857448752894
0 0.909257308356771 0.10039735199739486 0.03731840814651077 0.07113611480917248
0 0.9067058291005321 0.23543168667575132 0.024573252938379753 0.07535379356151628
0 0.9224804378111471 0.19705866806125483 0.02322806392238319 0.0529355751355034
0 0.9366203829847425 0.28119554792106394 0.03755763702829684 0.0503108973551214
0 0.99658203125 0.10986328125 0.0068359375 0.0673828125
0 0.98828125 0.024658203125 0.0234375 0.04931640625
0 0.00830078125 0.83740234375 0.0166015625 0.044921875
0 0.13225327851703117 0.8061213536468739 0.034209399717947786 0.05680508226322334
0 0.2816183847573329 0.5632178104684302 0.04431385842977531 0.04993240189094317
0 0.4182273840959787 0.6154074614169543 0.0355347805886459 0.04334680263315965
0 0.009033203125 0.7685546875 0.01806640625 0.0556640625
0 0.688047786272117 0.4890957887903351 0.031060452653903003 0.06574067342132517
0 0.645751953125 0.4521484375 0.02783203125 0.044921875
0 0.5846118773706386 0.4810159076050343 0.03107043731277348 0.059924017495312454
0 0.600326255783146 0.5725624443628179 0.03011384413051449 0.048205267495312454
0 0.514478456540538 0.560203793915046 0.04546974185833824 0.06409255814094322
0 0.475830078125 0.529052734375 0.03173828125 0.05224609375
0 0.4897357867462448 0.48871353127954265 0.0328642107019515 0.03438686383721057
0 0.4871438853371968 0.7895439193862557 0.03167829271055586 0.06143158031929974
0 0.543212890625 0.987548828125 0.03955078125 0.02490234375
0 0.5495239082583085 0.9123216418768805 0.04058700994455944 0.03991046244701968
0 0.6203845974615315 0.883615972048958 0.03157860729429329 0.07208832967132528
0 0.7012199448112654 0.9236541488869208 0.01932181392238319 0.05259382254360534
0 0.7890625 0.989013671875 0.0302734375 0.02197265625
0 0.74730913845068 0.50833951484482 0.0194413880701656 0.054058666293605284
0 0.970473639018421 0.5162288198049758 0.028967864774601004 0.0519833602733506
0 0.984619140625 0.581298828125 0.03076171875 0.06982421875
0 0.9584745127078355 0.9156189774981471 0.04553955388421049 0.04713087161290508
0 0.92041015625 0.9814453125 0.0322265625 0.037109375
0 0.9056905367583677 0.8450689773213822 0.028479583524600782 0.05194064119936348
0 0.8947792547473388 0.7529730688034713 0.045589316006120706 0.06555740189094328
0 0.9339313749185096 0.7753054062504909 0.03169826202829684 0.0497982684672742
0 0.84465554168081 0.7922192831648719 0.0361923981083383 0.06328089573518514
0 0.8576903325824068 0.595563677604108 0.0396103668583383 0.06357992925309597
0 0.7776125299272916 0.49353812965399235 0.0366508059679479 0.05701867763315965