0 0.14182692307692307 0.32211538461538464 0.04326923076923077 0.057692307692307696
0 0.3473557692307692 0.2620192307692308 0.04326923076923077 0.04567307692307692
0 0.7115384615384616 0.46274038461538464 0.040865384615384616 0.06490384615384616
0 0.47836538461538464 0.25721153846153844 0.040865384615384616 0.052884615384615384
0 0.4639423076923077 0.11538461538461539 0.036057692307692304 0.05048076923076923
0 0.43990384615384615 0.5180288461538461 0.036057692307692304 0.040865384615384616
0 0.4723557692307692 0.7475961538461539 0.036057692307692304 0.04807692307692308
0 0.3269230769230769 0.8137019230769231 0.028846153846153848 0.036057692307692304
0 0.30288461538461536 0.8677884615384616 0.038461538461538464 0.040865384615384616
0 0.35336538461538464 0.8305288461538461 0.026442307692307692 0.028846153846153848
0 0.6033653846153846 0.7596153846153846 0.040865384615384616 0.04567307692307692
0 0.6754807692307693 0.7199519230769231 0.038461538461538464 0.052884615384615384
0 0.7824519230769231 0.6358173076923077 0.04326923076923077 0.057692307692307696
0 0.6875 0.6334134615384616 0.03365384615384615 0.040865384615384616
0 0.6706730769230769 0.16466346153846154 0.040865384615384616 0.052884615384615384
0 0.6358173076923077 0.15144230769230768 0.03365384615384615 0.040865384615384616
0 0.6105769230769231 0.0889423076923077 0.040865384615384616 0.05048076923076923
0 0.5084134615384616 0.12740384615384615 0.040865384615384616 0.04807692307692308
0 0.46875 0.1778846153846154 0.04326923076923077 0.04807692307692308
0 0.6838942307692307 0.47115384615384615 0.038461538461538464 0.04326923076923077
0 0.5769230769230769 0.3076923076923077 0.03125 0.03365384615384615
0 0.7307692307692307 0.6081730769230769 0.040865384615384616 0.052884615384615384
0 0.453125 0.5588942307692307 0.03125 0.03365384615384615
0 0.2644230769230769 0.8377403846153846 0.03365384615384615 0.040865384615384616