0 0.25147392784514333 0.17519398579230305 0.018208443110619088 0.024624284169119104
0 0.21563906720191384 0.2083235912138084 0.026503542886194276 0.02374431000357946
0 0.27235639210664814 0.19448092412278606 0.015732948014070436 0.018736500835454528
0 0.1870151213707186 0.17692052830105265 0.017243243559468546 0.026566045835653362
0 0.9914460675875687 0.05476122782068624 0.01525034823849536 0.01970738166872149
0 0.8392557173970372 0.03016672034136711 0.02057314945588473 0.011469098752783957
0 0.7854396726201791 0.04885810993199177 0.016712351251282787 0.019236145418920325
0 0.6704805235792506 0.08681439536423535 0.015727266539645735 0.017759938335454417
0 0.6476790231642944 0.06169080870068408 0.030804329808185704 0.0076821637541759635
0 0.5898118507896049 0.10532999537517237 0.03335084333504379 0.025776978337840706
0 0.5489411033874363 0.08090491163074029 0.024064977373406737 0.024204182919914607
0 0.6096126452742516 0.14269470328912137 0.036240760514070436 0.01897513083823843
0 0.5962415628682345 0.17507467079091105 0.018685361411769463 0.022676840835852197
0 0.5819649363925269 0.19525897037616663 0.023996799680309544 0.012485432919914663
0 0.6141062767761555 0.20953241787179183 0.028374286507035218 0.009606880420511166
0 0.5764120354609346 0.2265714687102291 0.024050773687344762 0.021762776669914663
0 0.6061716250760232 0.23061941828951904 0.03329686932800857 0.01649963458784076
0 0.6618697764225716 0.22411233328196256 0.021109723238495248 0.019775561669516994
0 0.6895853374468641 0.24380800952818438 0.0176945952257076 0.020224071252386233
0 0.7266464199142536 0.25167698410648004 0.03185759221291995 0.020877120837641816
0 0.7385839066796069 0.2139429678548892 0.026534790995530466 0.02911540375357935
0 0.7726673346649154 0.14616812035031557 0.024556099360619088 0.024698145836647534
0 0.4932884038362858 0.07959949663829674 0.030426837309468546 0.026719450837442982
0 0.8477259662281917 0.25270933700670806 0.018656954039645512 0.017794028335852197
0 0.763427734375 0.337158203125 0.02490234375 0.00537109375
0 0.877685546875 0.332763671875 0.02880859375 0.01416015625
0 0.9124344320267765 0.2919927378312255 0.021104041764070658 0.018798999169516994
0 0.919189453125 0.329833984375 0.02490234375 0.02001953125
0 0.8553424553605374 0.28630983658898085 0.04019530304668084 0.027321365422102062
0 0.8868541287346059 0.15704564158480488 0.01864559109079611 0.015840903335852197
0 0.8408363802716858 0.17808753075770234 0.022089126475707488 0.020275206252982847
0 0.8227418922000915 0.09920187159355448 0.026534790995530466 0.02911540375357935
0 0.568171235242924 0.1324354574614222 0.018205602373406737 0.024136002919119215
0 0.7206601883912849 0.021781740357474322 0.0211125639757076 0.02026384291951694
0 0.4888704955875279 0.25151426830542745 0.034313202148981925 0.023346935421306503
0 0.990478515625 0.156494140625 0.01904296875 0.02294921875
0 0.9849049156565973 0.17201690782148166 0.021552552693097082 0.011968743336249865
0 0.5896048025236306 0.056995833291905315 0.022111852373406626 0.02418145625298282
0 0.7880859375 0.334228515625 0.021484375 0.01123046875
0 0.7731066722812461 0.32242060660011673 0.025589476604866546 0.0344751341701135
0 0.03264154646598427 0.8467614916106561 0.049140606093361905 0.05427910417329507
0 0.07958984375 0.970947265625 0.0361328125 0.05810546875
0 0.7726351099039909 0.7797175265804301 0.09471552510168002 0.0831278116794596
0 0.6142643814084604 0.8103669803519065 0.07756886660743234 0.0731633283438064
0 0.48469721628956414 0.6737003916196045 0.07957596561446756 0.08246339876073816
0 0.41210206577292796 0.7311819032960812 0.05641653231075139 0.04606354792428946
0 0.418701171875 0.95751953125 0.10009765625 0.0849609375
0 0.5498046875 0.98828125 0.1015625 0.0234375
0 0.8380215352447462 0.9542377886547487 0.07562994529349432 0.07558200792687453
0 0.4971223332038585 0.8039180803678148 0.0769726373433619 0.05460295917707336
0 0.868416237010843 0.4295055528177034 0.06877128189579507 0.07159621459261323