0 0.27978515625 0.011393229166666666 0.033203125 0.022786458333333332
0 0.13355250736394692 0.16203739776420725 0.04204036419541113 0.06008947780026652
0 0.306884765625 0.18001302083333334 0.02587890625 0.06575520833333333
0 0.9398157964985681 0.18468543833640064 0.09110795401646965 0.08430065628270207
0 0.940673828125 0.031575520833333336 0.11865234375 0.06315104166666667
0 0.03135181089577388 0.6143278154668701 0.03266000801267599 0.042548240803460015
0 0.17932377171049452 0.625317110468668 0.03990530267764658 0.05474466587505026
0 0.02643959728914036 0.710752989784701 0.031320918760131655 0.05998988721157724
0 0.07323439929413766 0.9348367282890261 0.029164461460631452 0.08192058599041936
0 0.08203125 0.9954427083333334 0.02734375 0.009114583333333334
0 0.21407994378039508 0.33744049308197505 0.028664136036778753 0.06759766932375277
0 0.27925011696058566 0.37641537529947405 0.04444698420683757 0.04532023735475758
0 0.97705078125 0.3024088541666667 0.0224609375 0.025390625
0 0.627685546875 0.2972005208333333 0.01611328125 0.014973958333333334
0 0.5481124954758061 0.31042139962967696 0.03438571236547017 0.03617430272867628
0 0.5698831657092908 0.3619505135298102 0.036997010959382015 0.027264437283167336
0 0.5582005482308491 0.40399803303460047 0.019600822477146673 0.031244463289554325
0 0.5449728166343928 0.4297012715767827 0.0244943328680145 0.017947904417232447
0 0.5778816410760103 0.4514844183428508 0.028752411729691008 0.01434873124896896
0 0.54105721502651 0.47099262211577136 0.02492643209770551 0.030317696083899115
0 0.5710470498589952 0.47893329564198583 0.03395361313577916 0.02380451106200961
0 0.6264382075823482 0.47501043551064903 0.02190577633882329 0.027508811529408057
0 0.6552026634858921 0.503647963778314 0.018510549653543817 0.027921015660279675
0 0.6926986535861419 0.5173087653574228 0.032693447968264344 0.02956152711809749
0 0.7026662646026572 0.467997428575387 0.027708969318514187 0.0402539193237527
0 0.7332192659212171 0.3805079342853673 0.025551165736029002 0.03425806573186985
0 0.8139061139097448 0.5290256463874972 0.01937340182994074 0.024734046622887657
0 0.7347764965860963 0.6481911865845024 0.026084931115470056 0.035594268713173914
0 0.8487159201800082 0.6470606008763199 0.02954838399491133 0.037135189582302296
0 0.8807123694668324 0.5869489762342709 0.021860292209382015 0.026206728196074724
0 0.88990143752392 0.6408461876204985 0.026016704921308476 0.033641143713173914
0 0.8232878163754649 0.5744934357550288 0.04128987605963186 0.03860510280026652
0 0.8480456300392316 0.4047679735771848 0.019282433571058633 0.02212987995622114
0 0.8031023592574961 0.4289044766679362 0.022905080903543817 0.028228092492016188
0 0.780863457272762 0.32213918004504843 0.02770896931851441 0.0402539193237527
0 0.9799096947358921 0.5263375296788494 0.01711393209770562 0.029771781716367407
0 0.9768060760430253 0.45143361836421203 0.021872336383234714 0.04049552521477059
0 0.527878934035438 0.3447274267856315 0.019180767421308476 0.03316346864158367
0 0.659914382105019 0.9592434202083204 0.017533987153543817 0.027852776364338066
0 0.6279296875 0.9899088541666666 0.0498046875 0.020182291666666668
0 0.4547692324478184 0.49678624679567734 0.035248564541867256 0.032987333691284405
0 0.9594192391686729 0.4138493366478446 0.0347602832918672 0.03295321404331375
0 0.9469406494250108 0.43311039781930155 0.022030184553293974 0.017126264510712048
0 0.7587812019211257 0.6381784189830388 0.022371315524102542 0.026891889510712197
0 0.7428939950353467 0.6156363348959463 0.026982569530440648 0.047347138361144715