0 0.9121482724605401 0.04163002826145057 0.026573212365470167 0.02686946050216754
0 0.9135007521699221 0.060156276617178095 0.039450461383234825 0.03151512825325131
0 0.8858747457853924 0.08722481112925284 0.030491506539322977 0.03781072201207469
0 0.9317865737422301 0.11637513025045965 0.04184638350379366 0.030680761474613627
0 0.9921875 0.124755859375 0.015625 0.05224609375
0 0.930908203125 0.334228515625 0.03076171875 0.01123046875
0 0.9153108381126975 0.3092602157526272 0.02582407051267599 0.031695394713622704
0 0.8778830742066095 0.30458565321733355 0.02695982746572012 0.03517024175216754
0 0.16750874069268412 0.6753862914597472 0.044730586874352496 0.02987483384024836
0 0.25181950992367014 0.624942406673523 0.02981059088069049 0.044101499973529856
0 0.3845610911635384 0.573636171604326 0.032309525433984465 0.05593400655061953
0 0.38244891645651813 0.9277442028366792 0.05286282206342552 0.058105013110062664
0 0.09864230885390657 0.563360723965166 0.04552655913957282 0.04696467759024836
0 0.16292823407596457 0.6085770776425645 0.047513124095161174 0.037341248311610564
0 0.25249638673334773 0.5553789560193434 0.036613088425102136 0.05423683384907174
0 0.6669843269211259 0.56504780943204 0.03302522733119018 0.06084525819489217
0 0.959716796875 0.364013671875 0.07666015625 0.04833984375
0 0.6589725334705805 0.6453201926445788 0.06598888751013166 0.04718255914969127
0 0.85175273133471 0.8108397273595918 0.09848169574486576 0.1279620311617662