0 0.5020074944238355 0.39245157606064884 0.05231785790340371 0.08525808869463229
0 0.5253732302704318 0.47006305168225254 0.03926458020468049 0.05663168101786612
0 0.6204151430645451 0.43640391042740817 0.0325820563612762 0.06765976919191512
0 0.6732383281797928 0.34979440541187445 0.043625019530992626 0.05447151123931082
0 0.7739850933487296 0.4390931860101778 0.03938390193758812 0.06574626435119946
0 0.8182031412382331 0.413819883795731 0.020692846742836668 0.05345494415695148
0 0.8948253718582317 0.22272751968540624 0.028471254819148584 0.05164010529137183
0 0.8935546875 0.0166015625 0.0498046875 0.033203125
0 0.9215689328876653 0.34030891473979974 0.04089988357312002 0.06980051331390354
0 0.8930234425776659 0.4348684370436038 0.038373247513900255 0.06304343170939693
0 0.6333254946244706 0.7081492762704302 0.046656982802056324 0.0625800091647184
0 0.52685546875 0.5963541666666666 0.056640625 0.07291666666666667
0 0.9662263420787982 0.868918972144598 0.04426671443758812 0.06623959422687875
0 0.448486328125 0.8994140625 0.01708984375 0.068359375
0 0.86279296875 0.9661458333333334 0.0576171875 0.06770833333333333