0 0.4519230769230769 0.27884615384615385 0.06009615384615385 0.09615384615384616
0 0.5084134615384616 0.31009615384615385 0.038461538461538464 0.0673076923076923
0 0.5444711538461539 0.31971153846153844 0.04807692307692308 0.0625
0 0.4387019230769231 0.39783653846153844 0.04807692307692308 0.07211538461538461
0 0.359375 0.29927884615384615 0.052884615384615384 0.07451923076923077
0 0.3954326923076923 0.3786057692307692 0.040865384615384616 0.06490384615384616
0 0.33774038461538464 0.3798076923076923 0.04567307692307692 0.09134615384615384
0 0.17067307692307693 0.515625 0.04326923076923077 0.07932692307692307
0 0.3137019230769231 0.5721153846153846 0.04567307692307692 0.06490384615384616
0 0.2608173076923077 0.6658653846153846 0.05048076923076923 0.05048076923076923
0 0.2283653846153846 0.6923076923076923 0.04807692307692308 0.055288461538461536
0 0.29927884615384615 0.6959134615384616 0.04326923076923077 0.0673076923076923
0 0.27163461538461536 0.7800480769230769 0.0625 0.06009615384615385
0 0.3894230769230769 0.9074519230769231 0.04567307692307692 0.07692307692307693
0 0.33052884615384615 0.9278846153846154 0.04807692307692308 0.04326923076923077
0 0.5552884615384616 0.9086538461538461 0.0625 0.07932692307692307
0 0.6634615384615384 0.7103365384615384 0.052884615384615384 0.06971153846153846
0 0.6814903846153846 0.6442307692307693 0.04567307692307692 0.038461538461538464
0 0.8088942307692307 0.4495192307692308 0.05048076923076923 0.10336538461538461
0 0.7596153846153846 0.2956730769230769 0.07451923076923077 0.09134615384615384
0 0.8978365384615384 0.33653846153846156 0.05048076923076923 0.07451923076923077
0 0.8701923076923077 0.47716346153846156 0.03365384615384615 0.06971153846153846
0 0.7692307692307693 0.7524038461538461 0.038461538461538464 0.0673076923076923
0 0.8149038461538461 0.8076923076923077 0.028846153846153848 0.036057692307692304
0 0.8918269230769231 0.8846153846153846 0.04567307692307692 0.07451923076923077
0 0.7860576923076923 0.8990384615384616 0.04567307692307692 0.0625
0 0.8221153846153846 0.9302884615384616 0.040865384615384616 0.06009615384615385
0 0.7644230769230769 0.9735576923076923 0.0673076923076923 0.04807692307692308
0 0.6442307692307693 0.9927884615384616 0.052884615384615384 0.009615384615384616
0 0.4483173076923077 0.6526442307692307 0.04567307692307692 0.0625
0 0.4723557692307692 0.5625 0.04326923076923077 0.0673076923076923
0 0.46875 0.4050480769230769 0.04326923076923077 0.07451923076923077
0 0.203125 0.3425480769230769 0.06490384615384616 0.0625