0 0.7355769230769231 0.5913461538461539 0.057692307692307696 0.0673076923076923
0 0.6237980769230769 0.5036057692307693 0.0625 0.06009615384615385
0 0.6526442307692307 0.3401442307692308 0.06971153846153846 0.08413461538461539
0 0.3870192307692308 0.5360576923076923 0.0673076923076923 0.07932692307692307
0 0.37740384615384615 0.4543269230769231 0.0625 0.08173076923076923
0 0.3317307692307692 0.3545673076923077 0.08173076923076923 0.08173076923076923
0 0.7223557692307693 0.7379807692307693 0.0673076923076923 0.06971153846153846
0 0.6814903846153846 0.6862980769230769 0.06490384615384616 0.07692307692307693
0 0.9122596153846154 0.25841346153846156 0.07211538461538461 0.06971153846153846
0 0.9447115384615384 0.4014423076923077 0.07692307692307693 0.08413461538461539
0 0.46875 0.1502403846153846 0.0673076923076923 0.07932692307692307
0 0.04447115384615385 0.53125 0.052884615384615384 0.08653846153846154
0 0.8149038461538461 0.5396634615384616 0.07211538461538461 0.07211538461538461
0 0.7740384615384616 0.7644230769230769 0.08413461538461539 0.10096153846153846
0 0.8882211538461539 0.6454326923076923 0.0673076923076923 0.07211538461538461
0 0.9122596153846154 0.4879807692307692 0.06490384615384616 0.07211538461538461
0 0.39783653846153844 0.2668269230769231 0.08653846153846154 0.10336538461538461
0 0.5276442307692307 0.7235576923076923 0.07211538461538461 0.07451923076923077
0 0.5360576923076923 0.17668269230769232 0.07932692307692307 0.08653846153846154