0 0.20458984375 0.01123046875 0.0615234375 0.0224609375
0 0.503662109375 0.042236328125 0.01220703125 0.05126953125
0 0.501708984375 0.2373046875 0.01611328125 0.0390625
0 0.486328125 0.3359375 0.046875 0.0458984375
0 0.20973378818053345 0.15503443323582944 0.05642192172358351 0.05396178120234385
0 0.3896129947769471 0.31034563966095985 0.06903868038731509 0.0601052780084419
0 0.60498046875 0.343505859375 0.05859375 0.05224609375
0 0.520751953125 0.3232421875 0.02197265625 0.048828125
0 0.5412173700440274 0.08521627202371986 0.0563980437064191 0.046648927324587725
0 0.514892578125 0.135009765625 0.01025390625 0.04443359375
0 0.8745599297570612 0.13014467912753958 0.052355217901842055 0.044604883346636315
0 0.99365234375 0.12158203125 0.0126953125 0.044921875
0 0.9128070035379015 0.33155603295763947 0.051607397125872145 0.0548246949799045
0 0.7222440863825288 0.3080466694157773 0.06228129672358351 0.054098159669270895
0 0.29525753215849865 0.6689518446038197 0.04347733563159362 0.05707289840175789
0 0.3392336424604384 0.6905165902225047 0.031430758203335074 0.06605475547341588
0 0.3229909326770028 0.78991003264987 0.06968406930985205 0.04842062262517366
0 0.1765614609824731 0.86964476194362 0.055558057010996365 0.04857932258009989
0 0.50390625 0.632080078125 0.01171875 0.05810546875
0 0.44986884998993887 0.7659639711943147 0.04380516305985205 0.04781828439624569
0 0.10527148853700824 0.5882340207062501 0.04303011811751323 0.029763243018489594
0 0.19738257888208222 0.6138535761770836 0.031550375775523276 0.03290845483463545
0 0.25365096656869957 0.599512806740647 0.05189081466900636 0.051906372352148455
0 0.42153424294765574 0.5696740921813372 0.05177477073238901 0.036304102096636315
0 0.578601261571379 0.7325968389050349 0.0440647025858219 0.037587107890733495
0 0.55930232693098 0.7707846519987416 0.034503941292687634 0.040289497945855235
0 0.5518076159116247 0.8429934526375219 0.043033464266717836 0.05072524215175789
0 0.516357421875 0.9482421875 0.01318359375 0.0595703125
0 0.515380859375 0.6630859375 0.01123046875 0.0537109375
0 0.513916015625 0.601318359375 0.00830078125 0.06298828125
0 0.5554632274014375 0.42002783315859393 0.03429907758582196 0.03735981044585507
0 0.580322265625 0.385009765625 0.02197265625 0.03076171875
0 0.7807929715246722 0.39397157977406716 0.032936665689254796 0.03879055957912331
0 0.9795372798442228 0.4543520642552957 0.037822824338459515 0.05986620743483073
0 0.9951171875 0.517333984375 0.009765625 0.04541015625
0 0.986328125 0.63232421875 0.02734375 0.05078125
0 0.9497356203345663 0.6287476163545144 0.030225453979304984 0.055789484351171925
0 0.9115918883526238 0.7056228886641714 0.024092927370150674 0.05174685588424488
0 0.8499832047179462 0.7403805516226567 0.03289225580413069 0.045126850956879405
0 0.8128599901483955 0.683761839854167 0.043409047729304984 0.05609633590175789
0 0.8174114015845663 0.625667735976411 0.027466486235026455 0.0581627013677084
0 0.7863499895181416 0.8670373734313372 0.0402539646544795 0.06674760442380645
0 0.8777882392879435 0.8393319888019752 0.028316738864429203 0.049407733484440275
0 0.9092875128799334 0.8434886742478303 0.028818632197613603 0.0635565248621961
0 0.8559693445612758 0.8715922376622183 0.027237744510996365 0.04792015998995236
0 0.8506732310119736 0.8284302848340717 0.021388635444976267 0.04095920889526905
0 0.8203114287144576 0.9548833554553389 0.034517553375872145 0.05442692445136732
0 0.80712890625 0.991943359375 0.01953125 0.01611328125
0 0.6420443625793334 0.9443761559640628 0.035596547729304984 0.05591449794585501
0 0.9443359375 0.97705078125 0.0322265625 0.0458984375