0 0.06787291630974945 0.14188403600356542 0.046120679216874017 0.06447855963069049
0 0.016845703125 0.0498046875 0.03369140625 0.05078125
0 0.04296849060200525 0.43497719421803605 0.05301831080278707 0.05749547185149906
0 0.312744140625 0.397705078125 0.03369140625 0.04052734375
0 0.27597086203993504 0.15843083513925327 0.04693623844597594 0.04503827788957282
0 0.08816421417011844 0.31468076276624135 0.03894828778297299 0.05002275653932298
0 0.39761894753327925 0.17669631772076305 0.04030419075325131 0.03985981854820525
0 0.5280985264230634 0.12206237954811397 0.05020237987987697 0.05931214446317573
0 0.6670132732492227 0.25044428814956754 0.0513023305517033 0.044754675222058005
0 0.4855962568859087 0.33061330903543795 0.03293708546687396 0.06386452388323494
0 0.5475244807628408 0.5366840795582456 0.06115281734458339 0.09683087662814627
0 0.34375 0.380615234375 0.0283203125 0.06884765625
0 0.8522101582030913 0.34915744339059385 0.07608610192724519 0.05223943470808701
0 0.9233434888694989 0.4308074634222838 0.04384509203514053 0.07557257599236711
0 0.60986328125 0.61669921875 0.0693359375 0.0458984375
0 0.46142578125 0.612548828125 0.07421875 0.05419921875
0 0.7537601497611441 0.11445732306958097 0.037819897966874017 0.06409194453044062
0 0.8942862962160966 0.19836015379159336 0.04421044075325131 0.04004175506596991
0 0.6959982289421004 0.3580387480594493 0.04158876804287992 0.05355443561292583
0 0.6686746534114483 0.49091812797062606 0.03957876475433508 0.052486904854043503
0 0.757214107292409 0.4250282864172865 0.05579135518931999 0.08002463554566097
0 0.982421875 0.2880859375 0.03515625 0.056640625
0 0.9873046875 0.096923828125 0.025390625 0.05517578125
0 0.3855144149478257 0.5022100191268511 0.03633624666733809 0.04697935871572012
0 0.9318607847591298 0.25935251847812213 0.03549706409133213 0.05765332002155832
0 0.10546875 0.650146484375 0.0263671875 0.02099609375
0 0.07418341310061505 0.6628252216432295 0.02103370884907174 0.03506662802410254
0 0.07951253159411242 0.7394519379376412 0.039716600318266515 0.01304983392764647
0 0.014404296875 0.748291015625 0.02880859375 0.03076171875
0 0.0251011583619124 0.8666632309744654 0.03209835853080523 0.024381968827396516
0 0.0958590530755351 0.8454785416647879 0.023844823974613627 0.04152799459770551
0 0.13611209261748453 0.9193254133043607 0.024309481877709427 0.03278441622714667
0 0.2730946039509238 0.7362280222522704 0.025513557531888997 0.03673615035658784
0 0.27435646917352297 0.8322495361583585 0.024560618378793198 0.045456986662426146
0 0.24996694130030184 0.9231594706342559 0.02517710359798775 0.022598736171308254
0 0.209866640354326 0.9643770816507713 0.024290674328173667 0.01574005660658795
0 0.213623046875 0.98974609375 0.02587890625 0.0205078125
0 0.0166015625 0.97314453125 0.033203125 0.0390625
0 0.1320898078407079 0.6689494960949786 0.025352554260990923 0.017250384486029002
0 0.1614724559134626 0.7192785973665369 0.031406187473529856 0.029219297197955463
0 0.2134197108286332 0.7016242408474773 0.042171998320434056 0.038485943057087635
0 0.25012130621408235 0.6935415286368003 0.028670758186068568 0.04077885274491133
0 0.29485809895634274 0.6735929161469318 0.04308205093715234 0.054110943057087635
0 0.4515732124993759 0.9618580252257147 0.05775892758142498 0.05528148624870499
0 0.353515625 0.9384765625 0.0478515625 0.0498046875
0 0.3845293915309585 0.7007131396026572 0.055867496667338146 0.047889041304543245
0 0.346435546875 0.6708984375 0.03369140625 0.0625
0 0.3466796875 0.74951171875 0.0341796875 0.044921875
0 0.7183055165662521 0.7534690551304166 0.05184749009024836 0.04575397978677864
0 0.8605896185287909 0.7483455038993849 0.05868342759024836 0.04607236869286674
0 0.983642578125 0.865966796875 0.03271484375 0.04150390625
0 0.7588915611645464 0.9560977685555186 0.050979868369969816 0.05593965984261695
0 0.568106156541172 0.9281171683703306 0.06166517758142487 0.05546342276646965
0 0.941650390625 0.981689453125 0.06201171875 0.03662109375
0 0.993408203125 0.940673828125 0.01318359375 0.04736328125