0 0.4026442307692308 0.3942307692307692 0.07932692307692307 0.08413461538461539
0 0.3713942307692308 0.47115384615384615 0.06009615384615385 0.06009615384615385
0 0.3894230769230769 0.609375 0.04807692307692308 0.05048076923076923
0 0.17067307692307693 0.6141826923076923 0.04807692307692308 0.052884615384615384
0 0.052884615384615384 0.671875 0.057692307692307696 0.055288461538461536
0 0.3004807692307692 0.8245192307692307 0.0625 0.0673076923076923
0 0.47115384615384615 0.7620192307692307 0.06009615384615385 0.07211538461538461
0 0.5600961538461539 0.48677884615384615 0.04567307692307692 0.05048076923076923
0 0.5673076923076923 0.2692307692307692 0.04567307692307692 0.052884615384615384
0 0.6754807692307693 0.7836538461538461 0.055288461538461536 0.07211538461538461
0 0.5673076923076923 0.8401442307692307 0.04326923076923077 0.04326923076923077