0 0.9014423076923077 0.25841346153846156 0.06971153846153846 0.078125
0 0.9074519230769231 0.1622596153846154 0.07451923076923077 0.0673076923076923
0 0.7427884615384616 0.0985576923076923 0.04807692307692308 0.07451923076923077
0 0.7427884615384616 0.25 0.05048076923076923 0.06370192307692307
0 0.6502403846153846 0.14903846153846154 0.052884615384615384 0.054086538461538464
0 0.6899038461538461 0.09134615384615384 0.046875 0.055288461538461536
0 0.7319711538461539 0.17548076923076922 0.05889423076923077 0.056490384615384616
0 0.9326923076923077 0.4170673076923077 0.054086538461538464 0.08533653846153846
0 0.9723557692307693 0.5348557692307693 0.04326923076923077 0.0673076923076923
0 0.8762019230769231 0.5697115384615384 0.036057692307692304 0.036057692307692304
0 0.7944711538461539 0.6754807692307693 0.054086538461538464 0.056490384615384616
0 0.7163461538461539 0.6899038461538461 0.038461538461538464 0.042067307692307696
0 0.6911057692307693 0.7451923076923077 0.056490384615384616 0.051682692307692304
0 0.8257211538461539 0.8978365384615384 0.04567307692307692 0.05889423076923077
0 0.390625 0.625 0.055288461538461536 0.07692307692307693
0 0.2980769230769231 0.6286057692307693 0.056490384615384616 0.07091346153846154
0 0.16466346153846154 0.6454326923076923 0.04447115384615385 0.05889423076923077
0 0.14302884615384615 0.5829326923076923 0.038461538461538464 0.038461538461538464
0 0.07692307692307693 0.484375 0.03365384615384615 0.05048076923076923
0 0.17427884615384615 0.4050480769230769 0.04447115384615385 0.06370192307692307
0 0.30408653846153844 0.32211538461538464 0.052884615384615384 0.07091346153846154
0 0.2860576923076923 0.18990384615384615 0.04447115384615385 0.057692307692307696
0 0.24278846153846154 0.1346153846153846 0.036057692307692304 0.07211538461538461
0 0.20192307692307693 0.15985576923076922 0.037259615384615384 0.057692307692307696
0 0.2247596153846154 0.051682692307692304 0.04567307692307692 0.06129807692307692
0 0.39783653846153844 0.0673076923076923 0.056490384615384616 0.06129807692307692
0 0.3918269230769231 0.12259615384615384 0.042067307692307696 0.038461538461538464
0 0.3798076923076923 0.1814903846153846 0.06370192307692307 0.04326923076923077
0 0.47475961538461536 0.48677884615384615 0.06610576923076923 0.05889423076923077
0 0.4230769230769231 0.5336538461538461 0.06490384615384616 0.04807692307692308
0 0.6394230769230769 0.41225961538461536 0.03485576923076923 0.04927884615384615
0 0.09615384615384616 0.11177884615384616 0.057692307692307696 0.052884615384615384
0 0.020432692307692308 0.14543269230769232 0.039663461538461536 0.08413461538461539
0 0.3245192307692308 0.6694711538461539 0.051682692307692304 0.040865384615384616
0 0.39783653846153844 0.7067307692307693 0.03365384615384615 0.05048076923076923
0 0.671875 0.41586538461538464 0.03365384615384615 0.04326923076923077
0 0.5625 0.22355769230769232 0.03485576923076923 0.04807692307692308
0 0.7956730769230769 0.021634615384615384 0.07091346153846154 0.039663461538461536
0 0.8846153846153846 0.7836538461538461 0.038461538461538464 0.06971153846153846
0 0.8954326923076923 0.96875 0.0733173076923077 0.04927884615384615