0 0.718896416132926 0.20192638108003447 0.04570275218287523 0.05134990186868493
0 0.7043723199692118 0.3487289725028643 0.02868392686318466 0.06315916259014753
0 0.822265625 0.009033203125 0.0546875 0.01806640625
0 0.701448639494166 0.2638475891085718 0.05062533500384858 0.058299488091124174
0 0.71044921875 0.0126953125 0.052734375 0.025390625
0 0.8950949289526164 0.21003069344997788 0.05111361625384858 0.05831085296336813
0 0.36616069166421283 0.7163308489285585 0.06094457820973331 0.06976861915824661
0 0.1150196919564242 0.6665196956341795 0.045325259684158015 0.07038150574644098
0 0.26142671595063105 0.8442398479665143 0.06986147388429043 0.09194584310863707
0 0.34372466969806537 0.8804051220572912 0.05802909439579507 0.07214183617478298
0 0.11456768918912624 0.8281294245119355 0.05457987753645899 0.0666911883190755
0 0.443115234375 0.767822265625 0.05322265625 0.07373046875
0 0.48876953125 0.708984375 0.0380859375 0.03515625
0 0.59765625 0.629638671875 0.0361328125 0.02001953125
0 0.8010722181802279 0.6988886941389969 0.04466369346420285 0.04058498462419702
0 0.87890625 0.630615234375 0.060546875 0.02197265625
0 0.5788417532115555 0.7148018985099823 0.04464096756650382 0.03667873462419702
0 0.5359635812518223 0.7841500173952036 0.05207881580499896 0.056380457707855935
0 0.6611328125 0.630859375 0.0302734375 0.0224609375
0 0.8871659587269088 0.6700330078740663 0.03347583577238855 0.047647811312586885