0 0.2800480769230769 0.20793269230769232 0.028846153846153848 0.05048076923076923
0 0.4855769230769231 0.24759615384615385 0.03365384615384615 0.038461538461538464
0 0.75 0.6081730769230769 0.026442307692307692 0.06009615384615385
0 0.6057692307692307 0.30408653846153844 0.026442307692307692 0.04807692307692308
0 0.6358173076923077 0.1622596153846154 0.021634615384615384 0.04567307692307692
0 0.48677884615384615 0.5336538461538461 0.028846153846153848 0.036057692307692304
0 0.44471153846153844 0.765625 0.021634615384615384 0.04326923076923077
0 0.2920673076923077 0.7608173076923077 0.021634615384615384 0.03365384615384615
0 0.25240384615384615 0.8004807692307693 0.028846153846153848 0.03365384615384615
0 0.31009615384615385 0.7884615384615384 0.019230769230769232 0.026442307692307692
0 0.5576923076923077 0.8389423076923077 0.028846153846153848 0.038461538461538464
0 0.6358173076923077 0.8341346153846154 0.02403846153846154 0.04807692307692308
0 0.7596153846153846 0.8052884615384616 0.028846153846153848 0.05048076923076923
0 0.6754807692307693 0.7572115384615384 0.021634615384615384 0.038461538461538464
0 0.8088942307692307 0.30528846153846156 0.026442307692307692 0.04567307692307692
0 0.7800480769230769 0.2776442307692308 0.021634615384615384 0.040865384615384616
0 0.7776442307692307 0.20552884615384615 0.026442307692307692 0.04567307692307692
0 0.6742788461538461 0.19471153846153846 0.028846153846153848 0.04326923076923077
0 0.6201923076923077 0.2247596153846154 0.03125 0.04326923076923077
0 0.7223557692307693 0.6021634615384616 0.026442307692307692 0.036057692307692304
0 0.6778846153846154 0.39783653846153844 0.02403846153846154 0.03125
0 0.7223557692307693 0.7548076923076923 0.028846153846153848 0.04567307692307692
0 0.4855769230769231 0.5769230769230769 0.02403846153846154 0.028846153846153848
0 0.2283653846153846 0.7548076923076923 0.021634615384615384 0.038461538461538464