0 0.2385254695992477 0.47001016777167837 0.027849315920309703 0.03850136756985467
0 0.15380859375 0.5732421875 0.0205078125 0.033203125
0 0.02880859375 0.573974609375 0.0224609375 0.03173828125
0 0.05435768953667236 0.5524739196967052 0.02168078782215599 0.041697671279135706
0 0.20817043581950656 0.5656233904345549 0.024610475322155878 0.04179997822100612
0 0.239990234375 0.58251953125 0.02001953125 0.0146484375
0 0.42627653988722114 0.5516709181721918 0.029751261448353494 0.037593009697768354
0 0.3260342721764957 0.13942980116678994 0.03491348477769485 0.05239490761057386
0 0.5848413465352766 0.06202872851059116 0.030239542698353494 0.03761006085474672
0 0.7207239403136695 0.1104088561787277 0.050406383564970514 0.0690197235699257
0 0.5879958400482992 0.26223488986519616 0.0494360498642219 0.04120474347690406
0 0.9157038263954533 0.4540317193291702 0.04272390851127783 0.06192801871524978
0 0.8990393013639675 0.2884144732420466 0.037282274352595124 0.032494734459422636
0 0.704664641990514 0.3517391517775764 0.03072367141551935 0.056147697197768354
0 0.5364427454361236 0.26013606250490573 0.03149343976127783 0.06153584210474672
0 0.4990234375 0.42822265625 0.0380859375 0.0556640625
0 0.10086540097883989 0.8796238715504597 0.03907563213747545 0.057414129366401
0 0.154681448228142 0.7734436195095988 0.04272598477769485 0.05266772612222814
0 0.884116954645406 0.7641972665732721 0.03632922532215588 0.04220920598848754
0 0.9285782143978012 0.7714176226312601 0.026175601749651056 0.05306454928496285
0 0.9386121943560843 0.8217555425498219 0.037740813333782874 0.05054408955244427
0 0.7601696118143673 0.8786752090620431 0.04300954813987046 0.04877852727920651
0 0.6605602368143673 0.8821536450856352 0.045376261448353605 0.03813864672107692
0 0.6957503816160138 0.9174788509052774 0.03673658483138764 0.059281998581508955
0 0.5957633893755944 0.9560623834579343 0.054830657083782874 0.05114088004668793
0 0.5390335375691576 0.9039434058592981 0.042544780359431544 0.05851004996524978