0 0.36177884615384615 0.8137019230769231 0.07932692307692307 0.057692307692307696
0 0.3137019230769231 0.7536057692307693 0.08173076923076923 0.08653846153846154
0 0.23076923076923078 0.7620192307692307 0.0673076923076923 0.0673076923076923
0 0.6286057692307693 0.7632211538461539 0.055288461538461536 0.057692307692307696
0 0.8365384615384616 0.8449519230769231 0.052884615384615384 0.0889423076923077
0 0.9158653846153846 0.7680288461538461 0.05048076923076923 0.055288461538461536
0 0.8088942307692307 0.5961538461538461 0.0625 0.06009615384615385
0 0.9158653846153846 0.6622596153846154 0.0673076923076923 0.06971153846153846
0 0.8353365384615384 0.5 0.07692307692307693 0.07211538461538461
0 0.6454326923076923 0.38100961538461536 0.04567307692307692 0.057692307692307696
0 0.9254807692307693 0.3449519230769231 0.0673076923076923 0.05048076923076923
0 0.5997596153846154 0.41225961538461536 0.052884615384615384 0.08173076923076923
0 0.3713942307692308 0.4074519230769231 0.04807692307692308 0.040865384615384616