0 0.140625 0.36778846153846156 0.0889423076923077 0.07932692307692307
0 0.13701923076923078 0.4387019230769231 0.10576923076923077 0.10576923076923077
0 0.056490384615384616 0.4735576923076923 0.08413461538461539 0.08413461538461539
0 0.4098557692307692 0.2776442307692308 0.06971153846153846 0.07211538461538461
0 0.5456730769230769 0.11177884615384616 0.07932692307692307 0.09615384615384616
0 0.6634615384615384 0.13341346153846154 0.06490384615384616 0.0673076923076923
0 0.7632211538461539 0.055288461538461536 0.06971153846153846 0.07932692307692307
0 0.6742788461538461 0.32211538461538464 0.07692307692307693 0.07692307692307693
0 0.7283653846153846 0.21754807692307693 0.08653846153846154 0.0889423076923077
0 0.7596153846153846 0.38461538461538464 0.09375 0.09375
0 0.6622596153846154 0.5709134615384616 0.06009615384615385 0.0673076923076923
0 0.9350961538461539 0.46153846153846156 0.07692307692307693 0.06971153846153846
0 0.6033653846153846 0.5685096153846154 0.07692307692307693 0.0889423076923077
0 0.40384615384615385 0.6850961538461539 0.055288461538461536 0.052884615384615384