0 0.14040412871153152 0.30080983908456627 0.031777978126818374 0.050286048965224595
0 0.40336854348370776 0.26768952401550417 0.026347137596037795 0.03728344090492608
0 0.3951376548458012 0.2270153385269471 0.0270845518004732 0.0344220413072146
0 0.447154665545328 0.19047637224878633 0.03420948030416904 0.032492794324378904
0 0.057775894421052576 0.03453587652645848 0.03695976628938502 0.04239499512895617
0 0.24556416014875804 0.2355102625771005 0.0030094035985215317 0.0011814262068657877
0 0.26672959016845055 0.25416403578132885 0.026396980304169038 0.031946491106070285
0 0.21909728723249544 0.2481645113411809 0.025749266857125974 0.02995922215492608
0 0.0087890625 0.127685546875 0.017578125 0.02490234375
0 0.78125 0.02392578125 0.0419921875 0.0478515625
0 0.816650390625 0.01611328125 0.03076171875 0.0322265625
0 0.8694489406316676 0.062252318812573565 0.04827985521055589 0.062120842901842
0 0.957837831540538 0.050178744704312384 0.044443336650207055 0.06864948484154337
0 0.740234375 0.319091796875 0.0458984375 0.02099609375
0 0.9701138689541986 0.27275644086804385 0.0365312318201656 0.05498787577552333
0 0.854248046875 0.306640625 0.03857421875 0.0458984375
0 0.09688807595674148 0.4329898797861151 0.04399499403568896 0.04531441669497627
0 0.18074265039142512 0.5037328665541726 0.0526445130701656 0.056114626163285
0 0.0860359766229449 0.5226321122284538 0.053491516763512714 0.0605433013644292
0 0.1294030653568893 0.5966973281914877 0.034249338353429915 0.032981075574379015
0 0.0469731542780602 0.621613056538306 0.06201147699133647 0.07570389813159362
0 0.25591742947013585 0.6786982353622804 0.04543994905416904 0.03327810520069774
0 0.31521872028418085 0.6652211856215324 0.022131927274600782 0.05106801369233882
0 0.3691692895970726 0.5200208961681972 0.03485711316499107 0.058269268720946066
0 0.45795708334343577 0.41658070634162747 0.04632664962433464 0.08577347254268769
0 0.22203768466735652 0.38397095813516624 0.05855373077829684 0.05118740377816072
0 0.41249635910931387 0.6417225449903854 0.03572416676230039 0.02725827637895617
0 0.10714101517208735 0.7210211414670109 0.06829938646055589 0.06352074489875781
0 0.1690329986018626 0.7633447300308402 0.044214173013512714 0.059894566292687745
0 0.20769699869547587 0.7316680443847197 0.036919908240124144 0.04190671387895617
0 0.29645451612034285 0.7421578396298913 0.037697180493820204 0.0395335955312448
0 0.24729762265360716 0.7234971466408877 0.04667554858125367 0.04841482395069763
0 0.4951171875 0.955810546875 0.048828125 0.07666015625
0 0.151123046875 0.979736328125 0.03857421875 0.04052734375
0 0.50439453125 0.622802734375 0.0302734375 0.04931640625
0 0.42002019045050254 0.5474023637549124 0.054039544794293404 0.073204469913285
0 0.9223518460391483 0.7052876997742676 0.031209980778296842 0.04927534251408039
0 0.8491994398827616 0.68142997894019 0.045818560229035965 0.049811379798409106
0 0.9030888924491127 0.9325261590123781 0.03600309252090472 0.054465450574378904
0 0.8600405875230335 0.8864295501039214 0.03879331714160261 0.041066727183533214
0 0.7318922045625369 0.7362843975739745 0.037637353126818374 0.05069577637895617
0 0.7622253082570962 0.7709934300598941 0.036840272727823864 0.017140945933533325
0 0.6711066647842991 0.5932144176884037 0.04780163920564756 0.03247226245641921
0 0.7413396098582199 0.5391964121144712 0.04265970909234179 0.04085159754268769
0 0.6603846883607036 0.509991475547558 0.042849014679775255 0.04911823484154337
0 0.5895439684752217 0.5385164242680576 0.03397033200860439 0.029563106824379015
0 0.7624655041735363 0.4611124758503909 0.0299843659100828 0.02831339271522465
0 0.53662109375 0.419189453125 0.0341796875 0.03955078125
0 0.580322265625 0.3408203125 0.02685546875 0.0224609375