0 0.05998452269795734 0.15469276933512088 0.08210661748048986 0.12608361378168997
0 0.2703922161196154 0.3308926557349623 0.05020581820998027 0.04715059734261695
0 0.14990234375 0.012451171875 0.076171875 0.02490234375
0 0.568115234375 0.336669921875 0.05322265625 0.04638671875
0 0.3083716947923675 0.5645158213161982 0.035815354336177885 0.04209654621572012
0 0.21310982410324558 0.5493737898072701 0.033783383861826666 0.049795335892117154
0 0.2356205393477574 0.6706936141714911 0.03741022303248531 0.03535157697460245
0 0.15571531370035246 0.705741538979828 0.0263077029623755 0.037269915736029
0 0.3232732261972595 0.8114951655573159 0.036663968156287696 0.039700624095161174
0 0.3859572340704114 0.5599232705256258 0.0375381717123755 0.03779298322460234
0 0.42349955831562114 0.5757957406715823 0.032779155359431655 0.05851617219795546
0 0.4820117120358799 0.47811270975790693 0.04177708828009008 0.044322575992367
0 0.37363471173902374 0.502249901005317 0.035766251130638915 0.03186538203044065
0 0.00439453125 0.4609375 0.0087890625 0.025390625
0 0.19281705817365696 0.8533027963465931 0.03928657882455111 0.03397770148348478
0 0.36079894031113247 0.901768322221037 0.032631845742814525 0.027822679642117043
0 0.51123046875 0.92724609375 0.037109375 0.0361328125
0 0.515625 0.8125 0.0283203125 0.052734375
0 0.322509765625 0.366455078125 0.03076171875 0.01318359375
0 0.978515625 0.813720703125 0.04296875 0.07861328125
0 0.9322706089568401 0.798526948280669 0.050434049567365635 0.06079973027789631
0 0.6619225636719597 0.7861554821917087 0.05020581820998038 0.04715059734261695
0 0.6183030144014501 0.7103608706840757 0.04537626144835355 0.038645137510131655
0 0.5753798896131278 0.8533283033502955 0.061075954389870596 0.05009232901646965
0 0.7028385805334374 0.8850812489671064 0.04113942114705604 0.022860943057087635
0 0.815673828125 0.991943359375 0.04443359375 0.01611328125
0 0.9765625 0.97607421875 0.046875 0.0478515625
0 0.995361328125 0.40234375 0.00927734375 0.0390625