0 0.09452039288850611 0.18220584671883283 0.04956791524491133 0.026929672506562197
0 0.13982080529084617 0.30047252130905977 0.039054494675102136 0.0526722187549713
0 0.29684545414734276 0.08636239049567818 0.04024643364845515 0.046829888755170246
0 0.08544921875 0.012451171875 0.052734375 0.02490234375
0 0.6721250179659026 0.036675307551901015 0.04824221644920468 0.07181177583943155
0 0.4008091890268296 0.06136537709857881 0.04493661173982269 0.05322868000576686
0 0.3927330634850536 0.2767201350155106 0.036998357242367 0.039959861254772466
0 0.650354275359406 0.2523592600503102 0.03607932304566097 0.05166156625457363
0 0.6336216456030225 0.17106594254752627 0.039689926204293347 0.045359363338437264
0 0.8897124077261713 0.2844571967496552 0.05121604179566086 0.05183769792329507
0 0.71484375 0.3466796875 0.044921875 0.0263671875
0 0.935791015625 0.0068359375 0.03759765625 0.013671875
0 0.9531769260523185 0.2959436825916719 0.03510410682864595 0.07263493333764193
0 0.347900390625 0.2763671875 0.03662109375 0.0439453125
0 0.5792618861169935 0.19486070337363448 0.04267579572460245 0.036121791255568025
0 0.11102028923875595 0.6214651108718449 0.034684051772807645 0.07409409542090883
0 0.10469530268046467 0.7992222125387767 0.04206445254311664 0.06490765833863632
0 0.200439453125 0.98681640625 0.04150390625 0.0263671875
0 0.025996438303522218 0.7162307608609078 0.03974610822460234 0.036087701255170246
0 0.022994630506429303 0.4240453966919875 0.04230257108119023 0.05954224625536908
0 0.20715685975143194 0.5922939167180374 0.04347176798982266 0.053211635005568025
0 0.02269210750411324 0.8920688275282374 0.039359493124352496 0.027786920005170135
0 0.31640625 0.70556640625 0.0263671875 0.037109375
0 0.03582617827571721 0.9562211662804248 0.029436019954293402 0.0452400483370452
0 0.0146484375 0.57470703125 0.029296875 0.0595703125
0 0.347412109375 0.595703125 0.03564453125 0.0634765625
0 0.4421780615445029 0.5079402333803955 0.03806723428423431 0.06290908000477252
0 0.5023235847044304 0.5697083246389463 0.04081363898348478 0.0380521895886361
0 0.5491637984658571 0.5814899150620426 0.043937307175102136 0.052729035422300896
0 0.5167860468377108 0.6368073958913325 0.07167837016621981 0.05109976542607908
0 0.41209314723116863 0.7552829237945434 0.0377274495964105 0.07656959167130661
0 0.5121640225674932 0.8199583179751961 0.07140546538957282 0.04524039042607919
0 0.57396305741011 0.7727999188166162 0.06977072929566097 0.052053601259147264
0 0.4756405561182884 0.8908610271373554 0.07802602641621981 0.05117362709360762
0 0.630615234375 0.98486328125 0.07080078125 0.0302734375
0 0.7757529346335088 0.8772540450946548 0.04891243421696956 0.07572370750616453
0 0.8183216790764212 0.9178101392673533 0.03925917325758732 0.0570667500049713
0 0.8818263687730816 0.8340306463587734 0.04848033498727844 0.0664463637561643
0 0.979248046875 0.6630859375 0.04150390625 0.0703125
0 0.930908203125 0.395263671875 0.06884765625 0.07080078125
0 0.8664222751243982 0.39904557218726794 0.06361705373727844 0.06662249542488596