0 0.2642571439945771 0.11353919712140637 0.025124439165979395 0.0261212600572146
0 0.234375 0.2763671875 0.0185546875 0.0068359375
0 0.082275390625 0.277099609375 0.01904296875 0.00537109375
0 0.461669921875 0.272705078125 0.01611328125 0.01416015625
0 0.445068359375 0.010498046875 0.02197265625 0.02099609375
0 0.26525836426216476 0.14639061667598352 0.020616247649422714 0.021907714496915975
0 0.017822265625 0.27490234375 0.01806640625 0.009765625
0 0.523193359375 0.01611328125 0.10693359375 0.0322265625
0 0.42752548994676265 0.771544378199316 0.04969854183154643 0.06682266971214057
0 0.24507961450948434 0.6183646701121963 0.05489392006457727 0.07790629672358351
0 0.18556759996084518 0.6626413836760255 0.06100527336527839 0.05348196828960372
0 0.15459194654816472 0.8023650288630895 0.05491857783216497 0.045259740875872145
0 0.204345703125 0.977783203125 0.06201171875 0.04443359375
0 0.4084542816378144 0.45169293528294696 0.04536084071482471 0.068468499151842
0 0.4765625 0.5703125 0.013671875 0.0615234375
0 0.4986494626717525 0.4811366520215041 0.03613134468191759 0.05271718928124475
0 0.6195202955928865 0.6486030537155871 0.05918001616515456 0.057739923735026455
0 0.905410112208371 0.6265167897327095 0.04611008268171135 0.06072428705413058
0 0.9376912153606802 0.7109722602639542 0.04539448089859799 0.05287764310298626
0 0.989013671875 0.804443359375 0.02197265625 0.07373046875
0 0.9819923623488658 0.8867840805795277 0.033689938431917366 0.05254646952552333
0 0.9452060033161647 0.9067183656948502 0.052377718848927834 0.041671052370150674
0 0.919677734375 0.989990234375 0.05419921875 0.02001953125
0 0.6309877134473811 0.8093977728533488 0.05426878859851536 0.05642192172358351
0 0.81689453125 0.970947265625 0.06640625 0.05810546875