0 0.22391291805065136 0.36516342340760555 0.05845859630253908 0.06112374853388225
0 0.2461380510289501 0.5005505593129781 0.04927217153049046 0.06438126346214057
0 0.37537306581104646 0.46363623705859636 0.04524131619229599 0.07969896790184205
0 0.2997848155509333 0.1158090398165087 0.06455663361966146 0.07178738219761371
0 0.571533203125 0.503662109375 0.03662109375 0.08837890625
0 0.45947265625 0.541015625 0.044921875 0.037109375
0 0.245107455653711 0.05703073049123655 0.07051788421336813 0.055629691062489495
0 0.6044921875 0.091064453125 0.029296875 0.04052734375
0 0.6126493079757163 0.04529258605510783 0.03159135442380645 0.03779560017209038
0 0.860889385803863 0.036248240123807396 0.06024083996239149 0.03297415578960361
0 0.8728472063774741 0.06671292924748867 0.04935090912322049 0.025875332614429203
0 0.9697265625 0.06591796875 0.060546875 0.056640625
0 0.9377894291404516 0.10423225914758638 0.038393605563563415 0.05777072153696616
0 0.7911804488022571 0.13013458844201836 0.05684600921336802 0.0546736604304493
0 0.7952474400396271 0.22081832513744115 0.051656753419270895 0.06211057696786204
0 0.6827507744809466 0.2834613657540612 0.047647811312586885 0.03648094430985205
0 0.7370636419533858 0.2845541996770448 0.03806361601200092 0.02264861548811048
0 0.6744974940023659 0.39114612642923574 0.048738022535026015 0.04143204471214057
0 0.6144267188671446 0.35279707576769503 0.046625789323611055 0.034459531407563526
0 0.6429873267102219 0.4451915836559033 0.04639890013522141 0.0456558562064191
0 0.7629908654877826 0.4319093591744074 0.06176291633009989 0.05647994369189213
0 0.9144112030406037 0.23449400125937814 0.048908087362196095 0.027794313663284997
0 0.9578134512118277 0.33416497186325766 0.05396178120234385 0.05642192172358351
0 0.8885002434563156 0.3399899754257471 0.055029262680295066 0.060396459625872145
0 0.6510997379004994 0.10031483326814161 0.034952498812586885 0.035593201580100486
0 0.6444805494861114 0.1521306677364503 0.039869405929318535 0.03739948484154343
0 0.6163530315577693 0.14138156045167494 0.035769953101171925 0.02882555198238901
0 0.02330887840635887 0.842757616699442 0.01723799534565984 0.02850464433890587
0 0.06287265755455773 0.9246011887113316 0.022960991878732573 0.023054996752637447
0 0.32581677247445784 0.8538832173922695 0.030671616285026015 0.04016871851980186
0 0.317369472654753 0.9112067214151554 0.032624741285026015 0.040305294324379015
0 0.8759429424491976 0.7976759703367992 0.09133336477693144 0.11217123035826115