0 0.5600961538461539 0.2776442307692308 0.07451923076923077 0.07932692307692307
0 0.6033653846153846 0.3173076923076923 0.052884615384615384 0.055288461538461536
0 0.7439903846153846 0.31850961538461536 0.08173076923076923 0.08173076923076923
0 0.8605769230769231 0.2512019230769231 0.07451923076923077 0.07451923076923077
0 0.41225961538461536 0.18389423076923078 0.07932692307692307 0.07932692307692307
0 0.4543269230769231 0.109375 0.0673076923076923 0.06971153846153846
0 0.32211538461538464 0.19110576923076922 0.055288461538461536 0.055288461538461536
0 0.20432692307692307 0.5396634615384616 0.052884615384615384 0.052884615384615384
0 0.23076923076923078 0.5120192307692307 0.04807692307692308 0.05048076923076923
0 0.22596153846153846 0.5793269230769231 0.06490384615384616 0.0625
0 0.17427884615384615 0.5168269230769231 0.055288461538461536 0.055288461538461536
0 0.4338942307692308 0.7283653846153846 0.0673076923076923 0.0673076923076923
0 0.5192307692307693 0.7319711538461539 0.06490384615384616 0.0625
0 0.5997596153846154 0.8942307692307693 0.038461538461538464 0.040865384615384616
0 0.3233173076923077 0.7247596153846154 0.05048076923076923 0.05048076923076923