0 0.2929538963114846 0.22527659456240542 0.04467887911548463 0.045030999151842
0 0.2544291686043507 0.4754850319048419 0.03504634703249487 0.032175232830100375
0 0.06531408876785594 0.5743370026539908 0.026024738882247433 0.04031556025835892
0 0.11358665215030955 0.6088989659149873 0.025536457632247433 0.04028141630721471
0 0.3250976786002271 0.6266129842604657 0.03690001929925768 0.02889383988467742
0 0.37966693937173224 0.45890354630006935 0.04054530858237104 0.036945347542687745
0 0.4627533041364331 0.5343956609400219 0.037084717232412245 0.03524149613467764
0 0.43945476832577324 0.3198217163999716 0.015642964832371042 0.03520400603432883
0 0.4041100630935671 0.2773925773198712 0.017993900765319593 0.04901245683890587
0 0.512451171875 0.408203125 0.01416015625 0.046875
0 0.4065006859903094 0.3930469456675826 0.02922959463245367 0.03323034916636891
0 0.17588463553997957 0.38861560677633233 0.03570511868232984 0.0380687517812448
0 0.07080160291288662 0.16003884114518535 0.04351761868232984 0.03861505499955342
0 0.40316878410311363 0.5297418176504182 0.03719837749896904 0.03914774613467764
0 0.3745883325491137 0.6695440166737505 0.022711447982618704 0.02692710280149324
0 0.508056640625 0.53271484375 0.02294921875 0.05078125
0 0.10013881103187633 0.07973866671956434 0.03853012833195879 0.05142306528696622
0 0.9281137504530723 0.4957230389448922 0.06873628546441246 0.08472170235562371
0 0.6927778633044744 0.4295633988467762 0.07521327733237115 0.039369568073932326
0 0.7491447878723507 0.3906236350818027 0.0856571066326598 0.029866828749106844
0 0.7079175176906394 0.330240787539115 0.06411067638224743 0.0429787884476136
0 0.537109375 0.1943359375 0.03515625 0.0595703125
0 0.7941861944112372 0.19690898100080909 0.05083285501614432 0.022071514467862097
0 0.8557627047454639 0.16954112549727848 0.044693086648804226 0.045519280401842
0 0.7961512374635877 0.11372018281110771 0.06474103296544331 0.047895744898757975
0 0.8714512278139588 0.10582890148847302 0.05500382303208262 0.048189428375872145
0 0.97998046875 0.2734375 0.0400390625 0.076171875
0 0.9188385206763506 0.26068903793917075 0.044820954448680395 0.049913811651842055
0 0.9098102195908868 0.33558732081285203 0.040066009748556564 0.05396690339039911
0 0.981201171875 0.379638671875 0.03759765625 0.04248046875
0 0.7807209149835054 0.5882340457424502 0.09252521649835055 0.06494452491283842
0 0.6825389862506807 0.5633388492635918 0.044437351049051554 0.03673021790184183
0 0.561625355221897 0.39359149514125025 0.07180429099855667 0.05618626021477802
0 0.570934695829897 0.11064098988244472 0.060190218848927834 0.04221735558845935
0 0.7447463238156082 0.038494299995534206 0.033116411981999994 0.04958263807437899
0 0.660880834199299 0.019960371849860242 0.04877505216577327 0.035084388462140625
0 0.6764209400147632 0.6545211331429945 0.06909294161548463 0.046738196709056545
0 0.84820511868233 0.043779692638124146 0.05418354339859799 0.05349223422358357
0 0.098876953125 0.7451171875 0.03173828125 0.05078125
0 0.360595703125 0.7353515625 0.03173828125 0.03125
0 0.314697265625 0.740478515625 0.04833984375 0.04150390625
0 0.3123896263849899 0.9163998819920036 0.04028434786548463 0.04472370359154332
0 0.40829083518857745 0.7959238417754393 0.043972259748556564 0.05424005499955342
0 0.4568834789021652 0.9084742292318584 0.03566249608237104 0.0366039080312448
0 0.196533203125 0.989013671875 0.04248046875 0.02197265625
0 0.5528803831399383 0.7936056267331981 0.05878220523220623 0.044068048735026455
0 0.538818359375 0.870849609375 0.03857421875 0.05810546875
0 0.7694125401240002 0.7829207787424082 0.05016363313204142 0.0493128326144292
0 0.7063674287407218 0.7765630840447945 0.045811724481999994 0.05047038080413058
0 0.865966796875 0.72509765625 0.04638671875 0.0107421875