0 0.5084134615384616 0.30408653846153844 0.0625 0.07692307692307693
0 0.5576923076923077 0.33653846153846156 0.04807692307692308 0.052884615384615384
0 0.6947115384615384 0.3112980769230769 0.07211538461538461 0.07692307692307693
0 0.7932692307692307 0.2247596153846154 0.06490384615384616 0.06971153846153846
0 0.34134615384615385 0.2403846153846154 0.07211538461538461 0.07451923076923077
0 0.36658653846153844 0.15985576923076922 0.06009615384615385 0.0625
0 0.25721153846153844 0.26322115384615385 0.052884615384615384 0.05048076923076923
0 0.21995192307692307 0.6274038461538461 0.05048076923076923 0.04807692307692308
0 0.23918269230769232 0.5973557692307693 0.040865384615384616 0.05048076923076923
0 0.2512019230769231 0.6634615384615384 0.055288461538461536 0.0625
0 0.18629807692307693 0.6117788461538461 0.055288461538461536 0.05048076923076923
0 0.4855769230769231 0.7716346153846154 0.057692307692307696 0.06490384615384616
0 0.5685096153846154 0.7584134615384616 0.057692307692307696 0.06009615384615385
0 0.6850961538461539 0.9026442307692307 0.036057692307692304 0.036057692307692304
0 0.3786057692307692 0.7872596153846154 0.04567307692307692 0.04807692307692308