0 0.1326234283994856 0.16757014090843403 0.04076631584181789 0.06296589667210206
0 0.19079173757258183 0.21560385883292232 0.04101596708903399 0.04246376583883493
0 0.29415998132655896 0.24609956551357504 0.04872051542110789 0.0332773287565622
0 0.42529296875 0.01513671875 0.03125 0.0302734375
0 0.2978515625 0.308349609375 0.03515625 0.02294921875
0 0.712890625 0.309326171875 0.015625 0.02099609375
0 0.6288297854670432 0.23226586713278186 0.01544352875357946 0.026543319168721435
0 0.6695272371299978 0.20539937713834977 0.01536398541931805 0.019707381668721435
0 0.7206266604670432 0.2333340204785767 0.010435719585454528 0.01574431500139195
0 0.7508486208774128 0.18730524673275262 0.015835221669119104 0.018248219585454528
0 0.7828031475522987 0.24821574840366156 0.0173284737527839 0.020706670835653362
0 0.7962420742162477 0.22835530382218416 0.019361142087045202 0.027565335002585067
0 0.7370922050544861 0.26379495298076405 0.017271657085454417 0.015823858335653362
0 0.9241493771383498 0.2698772813394845 0.014921157503181792 0.023607950001988565
0 0.8493404179761905 0.30220542966261 0.016874282503181792 0.02363067666892038
0 0.8731184758911337 0.2897885188325246 0.011491825419715607 0.022591615834857914
0 0.8864725196431222 0.3045903613343143 0.014359014585653362 0.017254612085255694
0 0.624752401286987 0.13359896463238408 0.012496796253380515 0.025044385418323767
0 0.04672932919914624 0.3747460354421863 0.03340232542468713 0.05946270292110778
0 0.258544921875 0.33251953125 0.04052734375 0.025390625
0 0.052532913798918196 0.4958909204427829 0.03241439959122122 0.058474777087641816
0 0.07832159755925863 0.5723525604461634 0.03465126583883499 0.040925060421306614
0 0.06198844175184268 0.7630546258603113 0.03369174833903382 0.04237854083784076
0 0.07169793426258081 0.8422584583615045 0.04425246459261323 0.06886504333923282
0 0.16888897176854645 0.8873287408746288 0.0490614154250848 0.0625742037565622
0 0.16321175219303474 0.9448720667071004 0.03329437375676103 0.05018535917110789
0 0.4040807634219561 0.7924224175733773 0.05155963834241417 0.067485424590227
0 0.3989305704964736 0.7274298763227807 0.027043305841221166 0.05841227875357946
0 0.31077119671485576 0.4935254283945142 0.03375424667309623 0.04774963458784076
0 0.5258980037844019 0.39447990675721173 0.04813030625894843 0.06646909042309634
0 0.529731418383975 0.5141372213408765 0.02949607542468713 0.059417249587244036
0 0.488671024228179 0.5937267230018427 0.03198293500855076 0.06335190792090883
0 0.560546875 0.581787109375 0.0185546875 0.04931640625
0 0.5441258913261613 0.7022675442592003 0.031432155424488295 0.057975132504175964
0 0.5184238009229505 0.801076146338888 0.0362865595908235 0.05559054292150556
0 0.45998947968050685 0.8560527271642009 0.032442807924885964 0.060916183337641705
0 0.4248046875 0.984375 0.0400390625 0.03125
0 0.5176982580263018 0.9485086755052232 0.0314832904250848 0.062369663754175964
0 0.5498623221922393 0.943512571759598 0.03187498334062466 0.054074564170908834
0 0.504150390625 0.978759765625 0.02880859375 0.04248046875
0 0.8468521900361915 0.5677696417737167 0.0308075141728974 0.04625070083744309
0 0.8600010096077262 0.4810203476089723 0.0388696654201135 0.025839476671903172
0 0.8412114550843144 0.9221481959390576 0.024970865839829326 0.048135645836647534