0 0.6754807692307693 0.8557692307692307 0.040865384615384616 0.038461538461538464
0 0.6899038461538461 0.9026442307692307 0.04326923076923077 0.052884615384615384
0 0.7584134615384616 0.7295673076923077 0.04807692307692308 0.06009615384615385
0 0.7716346153846154 0.65625 0.03365384615384615 0.040865384615384616
0 0.7103365384615384 0.6538461538461539 0.04326923076923077 0.0625
0 0.6346153846153846 0.5817307692307693 0.03125 0.038461538461538464
0 0.5264423076923077 0.6177884615384616 0.036057692307692304 0.040865384615384616
0 0.6322115384615384 0.46634615384615385 0.03125 0.038461538461538464
0 0.8257211538461539 0.5192307692307693 0.04326923076923077 0.052884615384615384
0 0.8870192307692307 0.36177884615384615 0.040865384615384616 0.04807692307692308
0 0.8233173076923077 0.6225961538461539 0.038461538461538464 0.04326923076923077
0 0.6959134615384616 0.5841346153846154 0.040865384615384616 0.04807692307692308
0 0.35697115384615385 0.4362980769230769 0.03365384615384615 0.036057692307692304
0 0.3942307692307692 0.36658653846153844 0.036057692307692304 0.05048076923076923
0 0.2848557692307692 0.43028846153846156 0.04807692307692308 0.06009615384615385
0 0.9038461538461539 0.3233173076923077 0.04326923076923077 0.05048076923076923
0 0.9074519230769231 0.38822115384615385 0.021634615384615384 0.03125