0 0.2225806778873025 0.19770956841446596 0.057276971674090627 0.07379543112136318
0 0.24345040661304224 0.43634686952973095 0.04484835542150545 0.048215417230264755
0 0.14819250415241542 0.04809785728965599 0.05283130542349401 0.06786787612056777
0 0.49501115451943467 0.5411748901309789 0.04144743167170439 0.05011551334075722
0 0.4423299670542342 0.19851440178757018 0.0532116350055678 0.05550566000954501
0 0.963185045403012 0.13368021841181457 0.0604793791772722 0.10509088445522678
0 0.863819982072529 0.10414001339378509 0.0706026070924144 0.09027601279041608
0 0.96435546875 0.2639973958333333 0.0712890625 0.115234375
0 0.6821538936933265 0.551903344472726 0.08950353417409057 0.07429541779386284
0 0.5771484375 0.2509765625 0.0751953125 0.09440104166666667
0 0.22792131076943478 0.9360509667409057 0.05048648750795426 0.07889770667568137
0 0.16696638203176373 0.813995121174126 0.057083795005170246 0.051660014454696444
0 0.3399319199554566 0.7476588756497685 0.03483307917428946 0.07540008056174215
0 0.29864857244094023 0.8896158050869657 0.03645700959281206 0.09365197389534075
0 0.2978515625 0.6077473958333334 0.0322265625 0.016276041666666668
0 0.8557063537356825 0.7381646022968148 0.04004508625576686 0.057254245007158776