0 0.1612472467685142 0.2005472815925135 0.04977068954360053 0.06018442385766065
0 0.08337177678278518 0.2045996419057296 0.06458907331262842 0.05272423489722222
0 0.073274567348596 0.3084671696888025 0.06978110363583168 0.04845471724190542
0 0.19642258365092302 0.3328382222387592 0.09222214519952088 0.04848922011512591
0 0.242431640625 0.4326171875 0.03466796875 0.0546875
0 0.2783203125 0.430419921875 0.0341796875 0.05908203125
0 0.32609318733459847 0.4370264159835944 0.05713636178699533 0.03742840793580737
0 0.4393205434418881 0.38101249198296516 0.06942131516146488 0.0635687062474175
0 0.34601404795694646 0.3079728309009121 0.06637225204360053 0.06057082951395398
0 0.37157708990064964 0.20837522902964475 0.06988224493815887 0.02699307198639328
0 0.158203125 0.02783203125 0.0888671875 0.0556640625
0 0.4121566659225866 0.24402057679262223 0.0526315720768995 0.04659210296336813
0 0.5727025700579045 0.20073354406035177 0.03268084579360042 0.05978665332912325
0 0.8837890625 0.023681640625 0.076171875 0.04736328125
0 0.5577407824392526 0.2800506308764976 0.06573558208165653 0.04494582951395398
0 0.73486328125 0.428955078125 0.09765625 0.06201171875
0 0.10400812557138817 0.8062497948317711 0.09740173512340888 0.07983013909307735
0 0.2372193533515049 0.6676144639874353 0.07427345294661214 0.0749014588476129
0 0.8310050129286779 0.7230954637620663 0.05603876204835745 0.058379042196831654
0 0.9648935551102316 0.7237680325069015 0.03972652143525002 0.05312118891278217
0 0.911865234375 0.981201171875 0.03759765625 0.03759765625
0 0.6954526676340167 0.7272716129004994 0.0419963197954486 0.08488219990726997
0 0.726318359375 0.48388671875 0.06689453125 0.0478515625
0 0.7721409844112245 0.5604397583813805 0.04948302927748127 0.0411528199799045
0 0.6357953158517784 0.7640051306034724 0.044160844557871504 0.05420003526297745