0 0.8461538461538461 0.41346153846153844 0.09134615384615384 0.0889423076923077
0 0.7884615384615384 0.42908653846153844 0.057692307692307696 0.057692307692307696
0 0.7848557692307693 0.5 0.08173076923076923 0.07692307692307693
0 0.8185096153846154 0.5697115384615384 0.07451923076923077 0.07451923076923077
0 0.8269230769230769 0.6298076923076923 0.07932692307692307 0.07451923076923077
0 0.9507211538461539 0.3329326923076923 0.03125 0.07211538461538461
0 0.9074519230769231 0.31490384615384615 0.07451923076923077 0.06971153846153846
0 0.5228365384615384 0.6658653846153846 0.06971153846153846 0.0673076923076923
0 0.5444711538461539 0.7019230769230769 0.07211538461538461 0.06971153846153846
0 0.5036057692307693 0.7620192307692307 0.07692307692307693 0.07451923076923077
0 0.3329326923076923 0.7019230769230769 0.07932692307692307 0.07692307692307693
0 0.2644230769230769 0.6394230769230769 0.07211538461538461 0.0673076923076923
0 0.2548076923076923 0.7007211538461539 0.08413461538461539 0.08413461538461539
0 0.15264423076923078 0.6730769230769231 0.0889423076923077 0.08653846153846154
0 0.16466346153846154 0.5805288461538461 0.08653846153846154 0.08653846153846154
0 0.5973557692307693 0.953125 0.08413461538461539 0.06009615384615385
0 0.6490384615384616 0.9038461538461539 0.04567307692307692 0.040865384615384616
0 0.7067307692307693 0.47475961538461536 0.04807692307692308 0.04326923076923077