0 0.17308253855318878 0.2910700661317278 0.038492569246808106 0.05214462641278217
0 0.40004450968794103 0.23534230521964034 0.06225394252184335 0.07124482778049046
0 0.30707751496418256 0.1941318443655387 0.03465450309418383 0.05595995743483073
0 0.3394173475536154 0.1734089158058816 0.04064419414546072 0.03559988827400179
0 0.291015625 0.3486328125 0.0361328125 0.0419921875
0 0.862060546875 0.017822265625 0.04638671875 0.03564453125
0 0.675048828125 0.13720703125 0.03076171875 0.048828125
0 0.0688399888373733 0.6232242884439674 0.04121770520468049 0.04049406564624569
0 0.06765256975148526 0.7788950882160159 0.05344178241652453 0.04175474995234385
0 0.034265519477229556 0.8235097034089413 0.034109032315177146 0.024709957434830843
0 0.669189453125 0.69921875 0.01904296875 0.0634765625
0 0.6956892222971577 0.9588788914073354 0.0519744673290774 0.06954132171336802
0 0.8542151116036122 0.8971655171310986 0.03046452338631145 0.06757642358463545
0 0.8042025456557423 0.6324367090124137 0.02547091213432573 0.061115118612196206
0 0.7491119942149621 0.6360352909488503 0.030285540786949783 0.05732251733463545