0 0.016845703125 0.4228515625 0.03369140625 0.0771484375
0 0.28305453223927857 0.3740399231688244 0.019549214832371042 0.03493573307980835
0 0.223070733454928 0.4076857436299809 0.046683609131628945 0.062377301140588814
0 0.17024735595595897 0.36895568063104167 0.052633454448680395 0.04896407331262842
0 0.91552734375 0.517578125 0.03515625 0.0244140625
0 0.9196050813204126 0.4086084122372706 0.02705813151552583 0.041581828374469554
0 0.9912109375 0.38427734375 0.017578125 0.064453125
0 0.9931640625 0.327392578125 0.013671875 0.04736328125
0 0.99072265625 0.193359375 0.0185546875 0.0654296875
0 0.23007340405571153 0.8948478798472288 0.04172975896503095 0.05973693552748127
0 0.13023899800356722 0.9668615041582826 0.04069636633175261 0.057744018654859786
0 0.10672294573886615 0.8961618642106097 0.039165710032288636 0.0386612580322383
0 0.0126953125 0.933349609375 0.025390625 0.04541015625
0 0.16566583729183515 0.7932198981220746 0.02741854496564944 0.03720719306078035
0 0.34454415404781447 0.5883581142338479 0.02299559864901035 0.03605156713398361
0 0.43648099040773214 0.8315661009019178 0.02879291839859799 0.05091885993340184
0 0.33203518280674243 0.8624248286587964 0.031884113882247433 0.039827662737577096
0 0.27776868368919605 0.891426587855682 0.027475375098927834 0.03916031806078035
0 0.2636638897543919 0.9430360116437381 0.01603179334913407 0.03137849277563309
0 0.39403562965958777 0.7639967694381259 0.02497713871564955 0.03710771337922658
0 0.39477148575604143 0.8898539563202614 0.030779683582371153 0.03539333961495561
0 0.3891005659882476 0.9296144757119109 0.02128922683257728 0.027691098075051324
0 0.498046875 0.97900390625 0.0234375 0.0244140625
0 0.8028273103057115 0.7190666298472288 0.04172975896503095 0.05973693552748127
0 0.7029929042535672 0.7910802541582826 0.04069636633175261 0.057744018654859786
0 0.6794768519888661 0.7203806142106097 0.039165710032288636 0.0386612580322383
0 0.5723002623543507 0.7579559038496237 0.05253400171544331 0.04554610456262842
0 0.5935169837022476 0.8334388766157429 0.013908177949298994 0.02543953403039012
0 0.7384197435418351 0.6174386481220746 0.02741854496564944 0.03720719306078035
0 0.9047890890567425 0.6866435786587964 0.031884113882247433 0.039827662737577096
0 0.850522589939196 0.715645337855682 0.027475375098927834 0.03916031806078035
0 0.8364177960043919 0.7672547616437381 0.01603179334913407 0.03137849277563309
0 0.8536572296856909 0.8401371606693713 0.01640641433257728 0.02749213871194378
0 0.8731249566171961 0.9057948206265581 0.03126796483237115 0.03541323555126641
0 0.8777505656993612 0.9474379984307334 0.025598512882659796 0.02494047400184818
0 0.9209997090667013 0.9253028514487007 0.020397909532494873 0.030580993702429726
0 0.9362822604489487 0.9644540523517123 0.020900398315814472 0.031089170888740636
0 0.9091800385153818 0.9716406611683104 0.027731110698680395 0.04794938056078024
0 0.8049720016817735 0.9771485557978106 0.015946548149216477 0.028448805275633315
0 0.7701701183518765 0.8538049033739228 0.031253757299051554 0.03492495430126619
0 0.6792474174824745 0.9471528523522592 0.02928119964859799 0.050938755869712526
0 0.5509677667666188 0.9131514192251542 0.024218914332577335 0.027810473692915894
0 0.5713514687657941 0.9432441316775841 0.020099551332783516 0.020327087452429726
0 0.9667895359095877 0.5882155194381259 0.02497713871564955 0.03710771337922658
0 0.9675253920060414 0.7140727063202614 0.030779683582371153 0.03539333961495561
0 0.9618544722382476 0.7538332257119109 0.02128922683257728 0.027691098075051324
0 0.7626762308649282 0.9817652655887755 0.02348387989901035 0.036071463070294296