0 0.0888671875 0.025390625 0.0517578125 0.05078125
0 0.14831858357424954 0.11035837434433149 0.043062803878243905 0.03977843039744644
0 0.28128462199011783 0.10511043603355258 0.051077945499651056 0.05308986886127609
0 0.31500924850279133 0.2528234826551842 0.03801814789670699 0.0738387961645387
0 0.27723178956197214 0.368611851415113 0.06294815764910222 0.06549292867248169
0 0.2974256218920115 0.4580209293880919 0.04642751688987046 0.048130349532978345
0 0.7779586308519445 0.07842517350170669 0.026049729336177885 0.040944969815177035
0 0.7216036454805372 0.09258038707681254 0.03105633798323404 0.06200924741255298
0 0.730430080776045 0.2592657472636212 0.021115737364221898 0.03988317750595727
0 0.7171309959446573 0.31755019861298284 0.024612551588573117 0.032138861353333104
0 0.7746942531673113 0.4199663590740472 0.04085170525204618 0.04413034674283667
0 0.8717446545695064 0.46705579596596314 0.023687168560529326 0.03309837789148906
0 0.6753047518095296 0.02655519988085464 0.019625303878243794 0.039369327313191316
0 0.029459445670008022 0.7175034268482292 0.05207802146921203 0.06286401684219811
0 0.09118900278527664 0.8335062325000738 0.030239542698353494 0.037115426643475
0 0.14930345113991794 0.7578531503677339 0.04426967400204629 0.04419000760929037
0 0.2270715965636695 0.8843083621682312 0.050406383564970514 0.06820101866851025
0 0.42822265625 0.8671875 0.037109375 0.05859375
0 0.48526109191461453 0.9620627868819871 0.039431812174751 0.07288780260730476
0 0.9208100431810315 0.9637291086686578 0.041418831976397286 0.03633489270468049
0 0.898681640625 0.98291015625 0.01708984375 0.0341796875
0 0.8771593499142656 0.9030238773371679 0.02872144320998038 0.04538211596978714
0 0.8855417274440068 0.8082376539707141 0.022427042698353494 0.03697905894872333
0 0.8101375445233483 0.7949188014945432 0.044271750268463306 0.03492118684021239
0 0.7445079662073308 0.7067906419973085 0.044964749406287696 0.0388359598211343
0 0.8231212474573308 0.7054184420688696 0.02360417055334374 0.05943999644872333
0 0.8777195206508942 0.6503157873411396 0.022631760586177885 0.04088530894872333
0 0.9230017282210039 0.6519645563653953 0.030802516889870457 0.04785761414347478
0 0.9921875 0.6005859375 0.015625 0.0419921875
0 0.995849609375 0.66064453125 0.00830078125 0.0400390625
0 0.967532853843109 0.7424123290422752 0.03414371643193648 0.04645243125992882
0 0.9501352587223997 0.8602841388534808 0.040073631840619406 0.07582601308822667