0 0.009033203125 0.090087890625 0.01806640625 0.03271484375
0 0.1499478860258736 0.07856529202495577 0.0396776124048599 0.042171427842341735
0 0.005859375 0.163330078125 0.01171875 0.04541015625
0 0.04246960294551827 0.326412473847546 0.028814387666221908 0.06221092841008291
0 0.05122466748911875 0.3849763504571556 0.02721193398282007 0.034827320360822034
0 0.5777726235496586 0.05057278095703732 0.049550172623408856 0.08142323342977531
0 0.6549633235969553 0.15352065036717927 0.0555198060835046 0.0726640443201656
0 0.6290429638535604 0.1786620618265229 0.02428058486204665 0.058434237216735685
0 0.603826417418037 0.25714570368364886 0.053687718322142475 0.05158823447164407
0 0.54517545028378 0.3687327045382911 0.0332180360739906 0.07473682405416904
0 0.6763730562010627 0.36635152858639863 0.020752357651950826 0.06739271657264934
0 0.8369106522325136 0.3145444374818156 0.03452371233350471 0.07095014820195145
0 0.82861328125 0.421875 0.021484375 0.015625
0 0.845947265625 0.40673828125 0.02099609375 0.0458984375
0 0.9326734650414459 0.3081971035767004 0.020752357651951048 0.06739271657264911
0 0.9202343290388104 0.20731219041413385 0.01992418386389483 0.08289814242486693
0 0.9091787914201586 0.1283600754523065 0.033666525451369056 0.07380011960342991
0 0.9254454462444226 0.07069312583039639 0.021350897362046872 0.05819508892117087
0 0.98974609375 0.174560546875 0.0205078125 0.06787109375
0 0.364990234375 0.401123046875 0.02197265625 0.05712890625
0 0.08004493609750218 0.4811483514929629 0.02845792243340184 0.02957580075860433
0 0.2363305521617054 0.6736612063169428 0.03939906929650938 0.035335490342341735
0 0.2492430583403502 0.7020014881346839 0.040267034957186976 0.020806626990124144
0 0.2712198903987686 0.49591700783051473 0.04339402019952088 0.049774652937167374
0 0.17638140781789935 0.5369721685348908 0.038062718322142475 0.050312776895298617
0 0.11911237744685255 0.6944974649387938 0.045068602091170584 0.04309814763421049
0 0.08783915826899502 0.7445710935385277 0.04339402019952088 0.04977465293716743
0 0.02172470083056277 0.8533379963820817 0.03175485394476407 0.05077118475490838
0 0.008056640625 0.66259765625 0.01611328125 0.052734375
0 0.015380859375 0.4365234375 0.03076171875 0.013671875
0 0.038330078125 0.984130859375 0.03271484375 0.03173828125
0 0.28776338319763983 0.7576457424893852 0.03367896585068442 0.03827516250121232
0 0.517145312237544 0.5210865197833827 0.045705272053114476 0.05872314763421049
0 0.6977098950559903 0.5038976353068896 0.06273542799418219 0.0586533356083383
0 0.4663648712914459 0.6575061329483738 0.054664280822142475 0.0516679505701656
0 0.4094316011630066 0.7150633319089297 0.045216990803114476 0.058683289584949616
0 0.48925934358186396 0.8707057182698108 0.049584170579808406 0.02254049242607925
0 0.56071255843467 0.7967762010321704 0.040724641492334124 0.032037095740124144
0 0.6183305549885718 0.9243473272612656 0.04310469831262842 0.05461760738790655
0 0.847385884456607 0.738591983218303 0.06502678391146488 0.06711354905538158
0 0.439697265625 0.446044921875 0.04736328125 0.03271484375