0 0.21774191128950504 0.07243880748463516 0.04126091036548463 0.04362365427748127
0 0.08555060994882446 0.3984996149706377 0.047494906348927834 0.03997605144952088
0 0.024229835214350293 0.3554255913728619 0.027992071415567032 0.04015677649709115
0 0.27639249142278344 0.07287319484192484 0.03973401136507215 0.0581925080322383
0 0.2998724385150513 0.39158903507474496 0.037766678831752554 0.05762464303699533
0 0.113859004396474 0.31605800584510724 0.037482528165360796 0.04785901803699533
0 0.13312847201670075 0.44345795860171233 0.030362439998969037 0.03781484992864481
0 0.02255857139977291 0.4296642373091726 0.029456915165567032 0.040216464306023436
0 0.15844741319490702 0.26214478574045297 0.02849456019888663 0.04066495368340184
0 0.04900742230832977 0.14231444945267036 0.038322240449298994 0.02643433084592761
0 0.21495641309597913 0.30257844372512116 0.05418354339859799 0.051953448621560705
0 0.10527325081719563 0.4599219111683105 0.02581162588245367 0.03226469275184818
0 0.19345407326360808 0.3359225019000698 0.037700866282288636 0.038601570223306014
0 0.09311048549292766 0.18908664652956986 0.01871995278270111 0.023197087143497663
0 0.15933285922265972 0.06370363887734548 0.02997361148220623 0.041212922742334124
0 0.6483161496276493 0.284778183697126 0.028574580281670148 0.06017630774709115
0 0.6851555814945771 0.2955676186067428 0.03549576298158774 0.06338453835544156
0 0.7235375877133193 0.3709494500705348 0.04538549848241247 0.034525373954277905
0 0.7511542164825564 0.4634915918718011 0.030788665998556786 0.05246328742864481
0 0.6596661499165358 0.4827401664680022 0.025250839147773263 0.0800366715066052
0 0.6196308447155874 0.44737750156789935 0.03559897301387638 0.10045412148282007
0 0.5325381310624534 0.3323686283504111 0.05200309786548457 0.04406136487631773
0 0.5331835168418555 0.1925809192962359 0.03669964601470105 0.07123683022806304
0 0.4743212915268658 0.24982340724787844 0.03330110991515467 0.05500417336019858
0 0.6096911475243916 0.16734447692440169 0.02568751538162889 0.06152177587922658
0 0.87890625 0.0126953125 0.037109375 0.025390625
0 0.982421875 0.144775390625 0.03515625 0.05810546875
0 0.9442296163238555 0.1619103286109529 0.027143376715443424 0.044511515874469554
0 0.9444023962046597 0.07196709892939918 0.04345033831478351 0.06858568583641356
0 0.9044822190883504 0.08305084058822862 0.012153958415773047 0.032195887785147204
0 0.8539080353081236 0.19147249726608617 0.038322240449298994 0.02643433084592761
0 0.8714681954757524 0.22640823034589452 0.03893316438204131 0.04743042459592761
0 0.8001162560624534 0.3432716014487006 0.022862505731999994 0.04823870244767292
0 0.850515370480907 0.40887702913395063 0.04438052091577327 0.03350901958165653
0 0.919523066896474 0.37258006428114454 0.03240979261507215 0.057894068987577096
0 0.99365234375 0.345703125 0.0126953125 0.0419921875
0 0.973331167648742 0.4554345032068805 0.02855514763121647 0.07626969306078024
0 0.9365234375 0.5205078125 0.0283203125 0.05859375
0 0.8984977364169482 0.5071376127602684 0.030414045015113356 0.056349641492334124
0 0.022436750379917325 0.8528714124751211 0.020412117065814472 0.03106927495242995
0 0.7208046917065154 0.777424099286175 0.03980504903167015 0.0606339142822383
0 0.6001925300212989 0.7055356880221774 0.05361524206581447 0.032422198621560705
0 0.5233282431876907 0.6926265050850793 0.04291045204863919 0.05003099833641356
0 0.413818359375 0.77978515625 0.02783203125 0.056640625
0 0.9404296875 0.9677734375 0.0498046875 0.064453125
0 0.991943359375 0.98046875 0.01611328125 0.0390625
0 0.7938180908553195 0.7378683331738548 0.047764849481999994 0.04925339519952099
0 0.7642663019184536 0.6110271282547239 0.05682908023220623 0.04230719923942519
0 0.9823358081371958 0.693730664280871 0.03326371243232984 0.036957663046509326