0 0.002685546875 0.3984375 0.00537109375 0.03515625
0 0.00341796875 0.287109375 0.0068359375 0.0244140625
0 0.002197265625 0.187744140625 0.00439453125 0.02587890625
0 0.04360499543113047 0.18087015973848208 0.018063934912552926 0.02865074557994096
0 0.0804622613094989 0.22405697877780506 0.013822817319148584 0.03723512949745578
0 0.12689406630155586 0.20084959199098074 0.017172602221772748 0.033488073950499686
0 0.16990654017474655 0.28920844874223006 0.02536258471978703 0.02752703280074953
0 0.39693175248198065 0.2983186650873 0.019193911069148584 0.037485292209382015
0 0.42561829976134025 0.5162753853880495 0.013686449624396912 0.029422629497455777
0 0.3929290249541062 0.5162165108017707 0.015202431259928817 0.03242054319161736
0 0.45082797762510274 0.1437301820948873 0.019100158279006685 0.032114198459382015
0 0.20476584821134347 0.1620305956609942 0.01903197443163096 0.028207948459382015
0 0.14908942902410816 0.2984844462092451 0.013944610389503342 0.016261777812176303
0 0.017863565844462942 0.2713934791141295 0.011991485389503398 0.016170809553293974
0 0.6045290995288592 0.4988750856838474 0.04294070971978692 0.02834574713069049
0 0.6087226595427595 0.5434678738868914 0.03989170048687929 0.021373357242366886
0 0.7033397856596401 0.4298067402015664 0.03379973366453859 0.03572614790099937
0 0.7202457041353842 0.47596738458734555 0.032266706067162865 0.03175167170683757
0 0.6729945840062364 0.3683836225683317 0.03328588347177275 0.03423856208627907
0 0.0068359375 0.9736328125 0.013671875 0.052734375
0 0.01953125 0.852294921875 0.0390625 0.06494140625
0 0.33897500811396764 0.7850441754514295 0.04026424030999931 0.07066702142764636
0 0.43112763037552937 0.6419951985072221 0.04320245079092144 0.07129175506596996
0 0.541259765625 0.844970703125 0.03662109375 0.06201171875
0 0.2448769282650327 0.6489327297839603 0.046793350496808106 0.05340728533373462
0 0.08281102373793792 0.9233815061495219 0.04637572443163096 0.029481504083734622
0 0.57568359375 0.92919921875 0.0322265625 0.0537109375
0 0.590576171875 0.981689453125 0.03662109375 0.03662109375
0 0.7869043166573014 0.9483439983957739 0.057305417511914536 0.04072401700758732
0 0.9583641619295714 0.9046141347421388 0.03515983030602787 0.05774428828044065
0 0.919921875 0.98681640625 0.037109375 0.0263671875
0 0.845997595625956 0.7281331934947287 0.0604140876112762 0.051114375645910815
0 0.8637170309956018 0.6811458294541108 0.043375381746807995 0.05324809088069049
0 0.7287869980206372 0.69340096502651 0.040309326552056324 0.045299138492367
0 0.6664525149641826 0.7558741841128346 0.03266728617049597 0.054700890456837736
0 0.6372799043719845 0.7057270193590408 0.03815770165340371 0.06178699066876414
0 0.912819000353686 0.782961184732007 0.03247978059021239 0.04395870295683768
0 0.9741488806299274 0.7467869269515208 0.023151298954680488 0.04059691622714667