0 0.0673344910585652 0.12855890506956577 0.03412485176267599 0.04290514688833902
0 0.02853681813730241 0.28613667265553006 0.03558969551267599 0.04301890346542899
0 0.16803675907512616 0.3152485518637886 0.03195635028932298 0.050528052593189564
0 0.153076171875 0.006184895833333333 0.03173828125 0.012369791666666666
0 0.24560546875 0.006184895833333333 0.0244140625 0.012369791666666666
0 0.3835414476080199 0.04670718318205891 0.02867483392764658 0.05416887057997973
0 0.6354169948059752 0.1192840568132126 0.029798546706837736 0.0445170021570697
0 0.6761717592031811 0.11592090544603069 0.03477232746572001 0.04750035741403572
0 0.6842250703072246 0.06758572561341987 0.029411931606587838 0.03344929382373637
0 0.8262426490141079 0.16478512674531118 0.03046876447460234 0.04976325434943293
0 0.8791362184671521 0.16432307185387773 0.01499091475379366 0.03882214471950496
0 0.8653626773174019 0.1521557166086763 0.026834072968264344 0.029353449528586612
0 0.8521804298503868 0.12306127803014144 0.024040837856587838 0.03303218637440697
0 0.9297823623618136 0.14410225380826466 0.01929447774491133 0.03655924778410776
0 0.9397044892488876 0.19644459809164974 0.016660437086278845 0.04479527629659478
0 0.9697130272971386 0.2764591199799889 0.013389618615470167 0.03480213814241514
0 0.934372148213404 0.33507855423261984 0.03131957247714667 0.03229888592652275
0 0.873046875 0.3837890625 0.025390625 0.012369791666666666
0 0.788105842252727 0.2754120566132156 0.03713346334770551 0.031451828901548705
0 0.8131807709126088 0.23035716184665259 0.027890905836278845 0.04566741005428332
0 0.578902051930419 0.3355442542435522 0.04013137704186728 0.033632467055728345
0 0.5552425164151531 0.22795204813787576 0.02657455864845515 0.06374490128483028
0 0.624096831707066 0.3312202892743064 0.021644915736029002 0.0341446754125907
0 0.28778214058771084 0.8182227101139382 0.02329169600379366 0.03946676532301385
0 0.256956234492504 0.7335750588408724 0.019203509486029002 0.03395508111744109
0 0.22278859116635674 0.7165599031830802 0.030421934062176303 0.020542217067492857
0 0.20432487192523907 0.712514819873276 0.016592210892117154 0.04284215129659478
0 0.21109527579704723 0.658857550130242 0.02451842121572001 0.046704061374407045
0 0.23159239040617946 0.6467403483504695 0.015388227744911331 0.03625589691186818
0 0.20201325902164963 0.6104972935649168 0.033580388492367 0.0551991008369459
0 0.22841657904320795 0.5694624053754435 0.01987372725379366 0.03920133330980432
0 0.24389301010801984 0.8272177233269403 0.035136200501249326 0.057917024080702394
0 0.26445431206235887 0.8973592847013475 0.027458806606587838 0.0332976183876165
0 0.23697410967403537 0.8991420785956711 0.021553947477146673 0.03154050874592403
0 0.21811173115881505 0.9205255391448967 0.007439275356587838 0.03174294516738918
0 0.20847186065627074 0.902151118105268 0.022099757030440648 0.04716550874592403
0 0.18358021479713854 0.9139270501537711 0.026027402812176248 0.02020094733622339
0 0.17460786949638896 0.9465234734092921 0.02932096334770551 0.0308451271570697
0 0.16350180896085967 0.9561059251773001 0.023676964821058577 0.0226155197077403
0 0.27455702918421265 0.9725639250361259 0.027357140456837792 0.044327407861919944
0 0.23135016064613906 0.962027688249128 0.02329169600379366 0.03946676532301385
0 0.31588169148241796 0.9248541026175507 0.021951260468264344 0.028974260938287404
0 0.3054953716930494 0.8437521684237423 0.019941953447955463 0.04115445830980432
0 0.31561686440368075 0.7642428263091915 0.01898813301267599 0.04172966225841105
0 0.3376684447387103 0.7777058438245685 0.012413056115470167 0.034726300424355205
0 0.3554044179087694 0.8025842604677061 0.027754453447955463 0.041761160054283174
0 0.38465580877932826 0.8061614753428357 0.018181462856587838 0.03257716006604783
0 0.37602459444938735 0.8289922735983568 0.01929447774491133 0.03655924778410761
0 0.38416221477040025 0.6801312450858698 0.023155243615470278 0.03556051532301385
0 0.40700976737065014 0.6708078042679135 0.025369229218264344 0.029239692951496865
0 0.3863788929391644 0.6306899972782329 0.024483634977146673 0.03176802190010367
0 0.48676419070563415 0.5601487690842203 0.017875118124352607 0.03774757454035119
0 0.496337890625 0.5810546875 0.00732421875 0.035807291666666664
0 0.4540105218681058 0.6568319708757575 0.018228293269013984 0.061798197347987895
0 0.43673604903437124 0.7168544029124962 0.02515385274491133 0.0370142740924669
0 0.47572897655722457 0.7499116660196176 0.018477109697955463 0.04104070173271449
0 0.48689256539604775 0.7246662953925797 0.02173588399491133 0.03674884207925736
0 0.497314453125 0.6748046875 0.00537109375 0.027994791666666668
0 0.492919921875 0.6520182291666666 0.01416015625 0.041015625
0 0.492431640625 0.8297526041666666 0.01513671875 0.030598958333333332
0 0.4706347540598146 0.8957449993529508 0.01840888350379366 0.03908757673271449
0 0.48779296875 0.9150390625 0.0244140625 0.042317708333333336
0 0.44384765625 0.9889322916666666 0.021484375 0.022135416666666668
0 0.4014218784913003 0.928885736281123 0.024086321986029002 0.034334269707740304
0 0.3857527406448441 0.9009037867407718 0.02200878877155832 0.04456134207925736
0 0.703964892992641 0.7913269578392231 0.03306936517764636 0.054510140311249344
0 0.743351167030669 0.6729633656893786 0.02648359038957282 0.061140734618163606
0 0.8407037648644035 0.6191596265335497 0.02720999017764636 0.05405511400289006