0 0.00830078125 0.3375651041666667 0.0166015625 0.051432291666666664
0 0.031494140625 0.3492838541666667 0.06298828125 0.07877604166666667
0 0.1283907481841361 0.323610789388852 0.04869337955902786 0.1070776509509009
0 0.06029113221979143 0.4164921033195201 0.05685696582912336 0.043851699923822395
0 0.14837373527847197 0.49495783377800845 0.036610545390733495 0.05755210263280327
0 0.15730407532326374 0.15138977029577302 0.06830336715175767 0.05691891490858684
0 0.2093926938878038 0.0516484305173994 0.06595287987970933 0.06197563447711626
0 0.9591718622373044 0.33057255375931954 0.05982115620234385 0.07395123035529287
0 0.9376408029788625 0.41591786255459445 0.04668261368483084 0.04777221377831283
0 0.886733722871202 0.4759759834192622 0.03513433676848976 0.0568100927072542
0 0.689453125 0.5709635416666666 0.03125 0.016927083333333332
0 0.5796787214455077 0.06064511993215125 0.04150513101946618 0.08647084074278348
0 0.75910401287092 0.14282808019430426 0.027253647535026015 0.05241867865988178
0 0.49502177770067257 0.23396663685436866 0.030467048584635448 0.04091218793060721
0 0.52197265625 0.57421875 0.0458984375 0.010416666666666666
0 0.8785494481390623 0.2727742790148702 0.06473765506258689 0.048243113971194816
0 0.9657374923423827 0.17847138578300573 0.060888637680295066 0.07922020919454775
0 0.697021484375 0.007161458333333333 0.02880859375 0.014322916666666666
0 0.4870850806189668 0.18459270230107472 0.03513392851200092 0.02884562379354823
0 0.15771484375 0.9583333333333334 0.05078125 0.08333333333333333
0 0.043238649138433005 0.7694352825985744 0.05657406879249138 0.11146906499827332