0 0.6730769230769231 0.06129807692307692 0.10817307692307693 0.10336538461538461
0 0.6225961538461539 0.016826923076923076 0.10576923076923077 0.03365384615384615
0 0.45072115384615385 0.038461538461538464 0.0889423076923077 0.07692307692307693
0 0.5372596153846154 0.1502403846153846 0.08173076923076923 0.08173076923076923
0 0.40384615384615385 0.12740384615384615 0.07692307692307693 0.07451923076923077
0 0.40384615384615385 0.056490384615384616 0.07211538461538461 0.07211538461538461
0 0.48677884615384615 0.0985576923076923 0.08413461538461539 0.08173076923076923
0 0.7884615384615384 0.16826923076923078 0.0985576923076923 0.10096153846153846
0 0.8882211538461539 0.23918269230769232 0.07692307692307693 0.07932692307692307
0 0.8293269230769231 0.3245192307692308 0.052884615384615384 0.05048076923076923
0 0.8221153846153846 0.4579326923076923 0.07932692307692307 0.07692307692307693
0 0.765625 0.5168269230769231 0.057692307692307696 0.057692307692307696
0 0.7764423076923077 0.5757211538461539 0.07932692307692307 0.07451923076923077
0 0.9555288461538461 0.6165865384615384 0.036057692307692304 0.07692307692307693
0 0.46033653846153844 0.6634615384615384 0.09615384615384616 0.09375
0 0.3858173076923077 0.7223557692307693 0.09375 0.09134615384615384
0 0.2860576923076923 0.8161057692307693 0.07451923076923077 0.07451923076923077
0 0.23317307692307693 0.7800480769230769 0.055288461538461536 0.052884615384615384
0 0.12259615384615384 0.7403846153846154 0.06009615384615385 0.06009615384615385
0 0.15745192307692307 0.6189903846153846 0.07692307692307693 0.07692307692307693
0 0.21754807692307693 0.47475961538461536 0.0889423076923077 0.0889423076923077
0 0.12740384615384615 0.3798076923076923 0.07211538461538461 0.07211538461538461
0 0.06009615384615385 0.3629807692307692 0.07451923076923077 0.07932692307692307
0 0.040865384615384616 0.4074519230769231 0.0673076923076923 0.0673076923076923
0 0.019230769230769232 0.3088942307692308 0.038461538461538464 0.07932692307692307
0 0.14903846153846154 0.21514423076923078 0.08413461538461539 0.08413461538461539
0 0.17548076923076922 0.2620192307692308 0.06009615384615385 0.055288461538461536
0 0.19951923076923078 0.3173076923076923 0.07932692307692307 0.07211538461538461
0 0.4519230769230769 0.5024038461538461 0.09134615384615384 0.08653846153846154
0 0.4362980769230769 0.5709134615384616 0.08413461538461539 0.07692307692307693
0 0.5444711538461539 0.3425480769230769 0.06009615384615385 0.06009615384615385
0 0.43149038461538464 0.7379807692307693 0.0673076923076923 0.06490384615384616
0 0.5132211538461539 0.7235576923076923 0.06009615384615385 0.06009615384615385
0 0.5733173076923077 0.32572115384615385 0.055288461538461536 0.055288461538461536
0 0.3737980769230769 0.23918269230769232 0.06009615384615385 0.06009615384615385
0 0.9495192307692307 0.4891826923076923 0.057692307692307696 0.08173076923076923