0 0.6021634615384616 0.6177884615384616 0.03125 0.04567307692307692
0 0.5348557692307693 0.7055288461538461 0.02403846153846154 0.036057692307692304
0 0.5588942307692307 0.6814903846153846 0.016826923076923076 0.038461538461538464
0 0.41947115384615385 0.7223557692307693 0.028846153846153848 0.036057692307692304
0 0.2848557692307692 0.8762019230769231 0.03365384615384615 0.03365384615384615
0 0.3016826923076923 0.6454326923076923 0.026442307692307692 0.03125
0 0.3317307692307692 0.6490384615384616 0.026442307692307692 0.038461538461538464
0 0.3641826923076923 0.6490384615384616 0.021634615384615384 0.03125
0 0.36778846153846156 0.59375 0.03125 0.038461538461538464
0 0.43990384615384615 0.6117788461538461 0.028846153846153848 0.026442307692307692
0 0.65625 0.8930288461538461 0.021634615384615384 0.03125
0 0.9134615384615384 0.9230769230769231 0.028846153846153848 0.028846153846153848
0 0.7740384615384616 0.9182692307692307 0.03125 0.040865384615384616
0 0.8185096153846154 0.9603365384615384 0.028846153846153848 0.040865384615384616
0 0.8858173076923077 0.9807692307692307 0.026442307692307692 0.036057692307692304
0 0.8365384615384616 0.921875 0.02403846153846154 0.028846153846153848
0 0.28125 0.5540865384615384 0.028846153846153848 0.026442307692307692
0 0.27524038461538464 0.2800480769230769 0.021634615384615384 0.028846153846153848
0 0.8245192307692307 0.2824519230769231 0.03365384615384615 0.052884615384615384
0 0.578125 0.4026442307692308 0.026442307692307692 0.021634615384615384
0 0.3870192307692308 0.4254807692307692 0.026442307692307692 0.026442307692307692
0 0.2848557692307692 0.19230769230769232 0.026442307692307692 0.038461538461538464
0 0.24759615384615385 0.29086538461538464 0.021634615384615384 0.040865384615384616
0 0.7043269230769231 0.1141826923076923 0.026442307692307692 0.03365384615384615
0 0.4375 0.17307692307692307 0.03125 0.04567307692307692
0 0.5865384615384616 0.9855769230769231 0.02403846153846154 0.02403846153846154
0 0.5192307692307693 0.9615384615384616 0.036057692307692304 0.028846153846153848
0 0.42908653846153844 0.9375 0.028846153846153848 0.028846153846153848
0 0.6033653846153846 0.6706730769230769 0.026442307692307692 0.028846153846153848
0 0.47475961538461536 0.5432692307692307 0.028846153846153848 0.038461538461538464
0 0.31490384615384615 0.49038461538461536 0.026442307692307692 0.026442307692307692
0 0.3798076923076923 0.8449519230769231 0.026442307692307692 0.03365384615384615
0 0.32572115384615385 0.8221153846153846 0.028846153846153848 0.04326923076923077
0 0.3581730769230769 0.7992788461538461 0.026442307692307692 0.036057692307692304
0 0.4675480769230769 0.3245192307692308 0.02403846153846154 0.038461538461538464
0 0.6790865384615384 0.8389423076923077 0.026442307692307692 0.03125