0 0.4580078125 0.021728515625 0.0234375 0.03955078125
0 0.18099684853733544 0.09739951722966989 0.03802037590908558 0.058109226049051554
0 0.14231776191729556 0.17063125449540184 0.021803380058270427 0.04984208498282472
0 0.45751953125 0.07080078125 0.0244140625 0.044921875
0 0.3187151681701983 0.04808228931678321 0.02737404175407554 0.039772876665979395
0 0.2676603507430413 0.04031094409865954 0.03150957481934391 0.036482775715855675
0 0.181396484375 0.0048828125 0.05224609375 0.009765625
0 0.4943495724767193 0.19968889090993797 0.03150957481934391 0.036482775715855675
0 0.5473429456614509 0.1947365085614225 0.015817859959204816 0.02871812343294844
0 0.5338117850029419 0.1868477457776906 0.027432895358389775 0.02126081176593808
0 0.5212426176020075 0.16626367049395863 0.024725206302445346 0.02410525406602071
0 0.6777370465443138 0.14563239364832964 0.026819045643936334 0.032448657915979395
0 0.7178125321503774 0.17613461949952552 0.026486047977853033 0.028054126665979395
0 0.7399556178613316 0.16038697681678327 0.02542820137528823 0.03338259781602071
0 0.7284667275612124 0.13197619399973168 0.02884617012528823 0.033482050549257736
0 0.5985166235664608 0.17522093391282456 0.020064392246501028 0.02689286623282472
0 0.6073123940530611 0.2134541718631544 0.01761570137528834 0.033155277282907236
0 0.7854834813199598 0.19608980601814407 0.038049514393936334 0.03277543118232984
0 0.8992390199621467 0.1479570284879172 0.027448041235427434 0.040749439165979395
0 0.8949470500437371 0.2045976534879172 0.03517139587703788 0.020511569799051554
0 0.8790036216200791 0.22211372323750478 0.029497019580417616 0.022782485649216477
0 0.8716418264947907 0.2549706423207007 0.026456332858389775 0.021232396699298994
0 0.9093431973456059 0.24607836978841202 0.020818956302445457 0.023991593799463917
0 0.9408449109091248 0.23541767018927795 0.028661171421908715 0.03104064429925768
0 0.9141660029720671 0.29173527922197906 0.03505311203379735 0.025380174765732066
0 0.886962890625 0.341796875 0.03173828125 0.0361328125
0 0.8613649131119279 0.30057970403717493 0.022091516727853033 0.027926258866103115
0 0.8542778386830213 0.2783745021369275 0.03235999222027841 0.01555771963245367
0 0.7772919693881506 0.29133306483478316 0.03346998444055682 0.03020615713245367
0 0.8007804617366395 0.3349852442522059 0.02932716675407554 0.03982970679925768
0 0.729115270477892 0.27129785823338115 0.026212480550695805 0.03730305534934031
0 0.6356242686626237 0.27060773588074205 0.014131017765149134 0.025745813332989753
0 0.5989431680390849 0.317472285646474 0.03197542557109356 0.023341804565814472
0 0.48193359375 0.24951171875 0.0244140625 0.033203125
0 0.2722264647232203 0.4862508650456905 0.024851351401510957 0.04505872521606191
0 0.24731012836540722 0.4421530269782266 0.025435485996501028 0.027049149099340197
0 0.2367809247844131 0.5296690309947834 0.021603235477852922 0.027912051332783516
0 0.25610416894817045 0.5768528394287626 0.01661670837703788 0.019971683532907236
0 0.25744286759910484 0.5977636879788452 0.017326988071093452 0.022915578566226835
0 0.3118489389161227 0.6127455916804121 0.024155640949880763 0.0294479327493814
0 0.11871884698139112 0.6217755360916494 0.02565019981934391 0.03631228531602071
0 0.1469130143823254 0.6419049703091545 0.022417229772723646 0.038654238832783516
0 0.030935973024492802 0.3914459257886803 0.025457916494751542 0.040204327782701
0 0.00390625 0.7451171875 0.0078125 0.033203125
0 0.010498046875 0.851318359375 0.02099609375 0.03857421875
0 0.0087890625 0.498046875 0.017578125 0.0361328125
0 0.003662109375 0.535888671875 0.00732421875 0.03173828125
0 0.08589682882290173 0.8234588822911545 0.02309779434731618 0.034776403899422714
0 0.05883508414049626 0.7755258318902886 0.022713227698131222 0.042560488832783516
0 0.0697958102768777 0.96521672765767 0.025827913901511013 0.04508714028270111
0 0.09185703525065503 0.9762677235916493 0.02523591805069586 0.03727464028270111
0 0.12385489131999905 0.9397707403424741 0.021063385244751487 0.04007645998282472
0 0.015633591267553648 0.9663054826061442 0.0238820735227237 0.03869686143274231
0 0.1650802520600787 0.7943586232766596 0.019975823522723646 0.03858320116618552
0 0.18703047781182824 0.806874462960639 0.02347507637528823 0.03332576768274231
0 0.20606406703091412 0.5042537482271957 0.022579797977852922 0.027940466399422714
0 0.18511398754663988 0.4142432651264122 0.02982273262528834 0.033510465615896934
0 0.09969448391610308 0.40990785349065967 0.02103367012528834 0.03325473001614432
0 0.11877445240677909 0.40886547844119575 0.023689790198131222 0.042588903899422714
0 0.26665962784095365 0.6754482544459379 0.02613848106934391 0.0363264928493402
0 0.2865227222378124 0.7347964715299586 0.026900329746501028 0.027091771699299105
0 0.34922632662590414 0.5181147246145977 0.022202515949880652 0.029391102616103115
0 0.3511345906294031 0.544368251848041 0.021225953449880652 0.029362687549463917
0 0.38911739016320035 0.5189028318823915 0.024370354772723646 0.03871106896606191
0 0.38085858673663964 0.6536116267491131 0.02054538887528823 0.03324052248282472
0 0.4174359727593633 0.6145453694500616 0.021928948522723868 0.03864003129946392
0 0.439018872648667 0.8955216690179378 0.024289070670159063 0.04406795518274231
0 0.3287698714802574 0.9552453287482885 0.023993072744751487 0.04016170518274231
0 0.31494140625 0.986572265625 0.0302734375 0.02685546875
0 0.33045750193767354 0.4957622222640204 0.022032663123538798 0.04643832376614432
0 0.19643569656473092 0.6891844741773194 0.024754921421908493 0.03092698403270111
0 0.1775110116579715 0.6946071729434637 0.013517168050695916 0.036933659483030956
0 0.18069356599071518 0.6204594606100617 0.016935136800695805 0.03703311221626804
0 0.19033419916087424 0.5768177314269071 0.017053420643936446 0.03216450724958764
0 0.2103834455303375 0.5694134925941235 0.019494826893936334 0.03223554491618552
0 0.15850064120049656 0.527561912609237 0.01577357559731607 0.03456329089962884
0 0.1328032738462021 0.7188066546255875 0.022801796421908604 0.030870153899422714
0 0.8634328621474942 0.9068800055678141 0.08323154084789275 0.10181154266453607
0 0.6483749749592636 0.8902389316117112 0.10046880692598414 0.07210640649731959
0 0.716157134979622 0.48437400282942245 0.0887870566666602 0.07225370694764954
0 0.955078125 0.624755859375 0.08984375 0.06103515625
0 0.8036794924766997 0.3902328848316905 0.08925290741840963 0.059112735797608285
0 0.95703125 0.487548828125 0.0859375 0.08740234375
0 0.4873046875 0.434326171875 0.03515625 0.05712890625
0 0.6053778747377732 0.40964460329280394 0.09823425324300206 0.055476428930680444