0 0.18550368244253101 0.21162660263450633 0.031613626670908834 0.03380091515269068
0 0.1503637932646622 0.2969361973327618 0.028683939170908834 0.033561766857125974
0 0.3271339953652297 0.1556740326481374 0.023846580004772466 0.037069436364518094
0 0.2769376149496898 0.15147863047199894 0.028110432919914663 0.026197690057865097
0 0.04812791163571162 0.02771350472309292 0.024295089587641927 0.03369132566377886
0 0.504150390625 0.022216796875 0.01708984375 0.04443359375
0 0.5263286503421625 0.10880780851369021 0.030023786252783957 0.022939153504908383
0 0.5806571790708851 0.260962414098699 0.028718029171306614 0.036491454357125974
0 0.7060946674093224 0.2131610972379363 0.025078817507755313 0.0591218087130394
0 0.7672772049053452 0.23743585803107647 0.03711539875576686 0.04546982244455933
0 0.7579320232435837 0.20210020651629224 0.027775556671704282 0.03934142575860422
0 0.7083446074355711 0.019801722237936248 0.02089416583784076 0.034877163068953276
0 0.65869140625 0.00341796875 0.01953125 0.0068359375
0 0.8904998694850329 0.25420724031809594 0.03855751583883493 0.043636271592341735
0 0.8513354415728737 0.2242326173082202 0.017073140838834933 0.04188251742486693
0 0.8172239340736691 0.22116330575647558 0.020990754172300896 0.043177944318953276
0 0.8161500990611412 0.3134484620064757 0.03230644792329507 0.051418898201951446
0 0.6726919998956014 0.3168659472391486 0.04087960708744298 0.0335816555886459
0 0.6336579082292662 0.3176131849300119 0.033123923754772466 0.0378267393004732
0 0.5234948669985551 0.18465083446073338 0.03206213625377824 0.030422804451951446
0 0.76513671875 0.005859375 0.021484375 0.01171875
0 0.7129032228427591 0.08918750244606755 0.022898425838437264 0.03943112651599634
0 0.5454157040698908 0.27115641239547617 0.02325034708684648 0.027752234565257217
0 0.12286800661900787 0.6020919286787996 0.045751398343010896 0.0749560030319929
0 0.10863795992304331 0.8188688343610586 0.034287981256959865 0.05401973664899451
0 0.08907330410071324 0.7394881849300119 0.038120369589431435 0.04799094479308108
0 0.34901971616906624 0.8285156910754881 0.049424700006959865 0.05525533617607925
0 0.371826171875 0.971923828125 0.05419921875 0.05615234375
0 0.17759254157386795 0.9298284940175046 0.04234479292647686 0.07565355918716743
0 0.276611328125 0.973388671875 0.03466796875 0.05322265625
0 0.384521484375 0.53759765625 0.03564453125 0.0361328125
0 0.4128595632509413 0.8340364741223243 0.03257916792647686 0.07485639820195145
0 0.0355665645140657 0.7682467747994383 0.04143038667150545 0.03899260738790655
0 0.487548828125 0.8203125 0.01513671875 0.041015625
0 0.6740476574683821 0.677018864182614 0.04059018417309623 0.050631641289384965
0 0.7646727407652588 0.9379208062245419 0.029211992088039596 0.03701959365638674
0 0.7358083566150309 0.819298255278711 0.04940197334002816 0.05330221117607925
0 0.7430203103865071 0.6606566917368423 0.04241263083823843 0.03956060473642814
0 0.5689819637173879 0.6929125635236844 0.04579082792110767 0.03642164233125367
0 0.5139856011796056 0.9754578292453283 0.0413906150043748 0.03557463863790655
0 0.8336681203503156 0.9196055087787702 0.01541546250894843 0.06711371022782375
0 0.6818424282901157 0.7617506380459198 0.0375355000049713 0.039650305493820204
0 0.6070661907722187 0.8995652829350386 0.02892825084042583 0.054557860607125974
0 0.6370384999353723 0.9229729901308694 0.013791532090425829 0.053322261080041455
0 0.6357421875 0.986572265625 0.0361328125 0.02685546875