0 0.8377403846153846 0.5877403846153846 0.08653846153846154 0.08413461538461539
0 0.8485576923076923 0.515625 0.0985576923076923 0.11298076923076923
0 0.9302884615384616 0.48197115384615385 0.08173076923076923 0.09134615384615384
0 0.5612980769230769 0.6778846153846154 0.0673076923076923 0.07451923076923077
0 0.41466346153846156 0.8413461538461539 0.07451923076923077 0.10336538461538461
0 0.29927884615384615 0.8209134615384616 0.0625 0.07211538461538461
0 0.1935096153846154 0.8978365384615384 0.06490384615384616 0.08413461538461539
0 0.30288461538461536 0.6322115384615384 0.07451923076923077 0.08173076923076923
0 0.2403846153846154 0.734375 0.08413461538461539 0.09375
0 0.22355769230769232 0.5673076923076923 0.09134615384615384 0.0985576923076923
0 0.33533653846153844 0.38100961538461536 0.057692307692307696 0.06971153846153846
0 0.055288461538461536 0.4891826923076923 0.07451923076923077 0.07451923076923077
0 0.39302884615384615 0.38341346153846156 0.07211538461538461 0.09615384615384616
0 0.6009615384615384 0.26802884615384615 0.055288461538461536 0.057692307692307696