0 0.008544921875 0.0166015625 0.01708984375 0.033203125
0 0.054931640625 0.0068359375 0.02001953125 0.013671875
0 0.012451171875 0.15299479166666666 0.02490234375 0.049479166666666664
0 0.6428659268924861 0.04064849418726979 0.0598401825351762 0.0687979277019289
0 0.423828125 0.10709635416666667 0.0078125 0.060546875
0 0.5469099762805842 0.10975512052260905 0.04806461779092852 0.054410084001003035
0 0.6194135721053653 0.2704821390584889 0.05932917538747706 0.06353263560327942
0 0.6644263506961614 0.24440859931605066 0.02321340731075139 0.0632239369698689
0 0.431640625 0.2565104166666667 0.0234375 0.0703125
0 0.8593784026207185 0.19238517695482438 0.0417851392340256 0.06929462005189031
0 0.9463720057626652 0.16401735006184617 0.05400921490729993 0.0746248391847993
0 0.020263671875 0.7392578125 0.04052734375 0.08528645833333333
0 0.012939453125 0.5836588541666666 0.02587890625 0.08528645833333333
0 0.3185117981578802 0.6338864557407806 0.06565978721420285 0.060366849552391834
0 0.3155170992525249 0.5372799587646618 0.0456913892340256 0.06975029017442119
0 0.25532531640407247 0.4629626373305567 0.05104543856075139 0.0664705865929011
0 0.27465771479920575 0.5062572033845691 0.04901561365601714 0.04866462653163569
0 0.08740234375 0.4195963541666667 0.0595703125 0.039713541666666664
0 0.327392578125 0.9651692708333334 0.03564453125 0.06966145833333333
0 0.410400390625 0.5670572916666666 0.01904296875 0.06380208333333333
0 0.6914958513886784 0.47061281974490865 0.03450921301663612 0.07950794690547831
0 0.667724609375 0.4108072916666667 0.04736328125 0.022135416666666668
0 0.7941087730562002 0.44172439569514044 0.024090544008318115 0.040551396167168186
0 0.85009765625 0.4134114583333333 0.0419921875 0.02734375
0 0.7065804602172672 0.8163324717241526 0.026100483752565573 0.05380006456176704
0 0.7818581540964262 0.7886806135321004 0.033856169008318115 0.0416905714734952
0 0.990478515625 0.7858072916666666 0.01904296875 0.07161458333333333
0 0.98779296875 0.89453125 0.0244140625 0.06640625
0 0.992431640625 0.4280598958333333 0.01513671875 0.056640625
0 0.944280661290847 0.47431130431103585 0.024763473177122908 0.08292606326581782
0 0.8041994550829767 0.9253264682288981 0.04516333766305225 0.06057874807577157