0 0.36375623828381287 0.2874258755315985 0.03932860270903493 0.06073271805744137
0 0.8685826862164274 0.19667770938036636 0.02245927587922658 0.03423938055663315
0 0.838688933127105 0.17395781543950298 0.015932556202429726 0.027689132702779434
0 0.6852708025663247 0.1222206169470134 0.020965419035147148 0.017206009091937702
0 0.6322960147098223 0.14046331138876386 0.01737750401611926 0.027197523233155902
0 0.628173828125 0.2682291666666667 0.01708984375 0.03515625
0 0.9250840396622522 0.19828512933270226 0.022987349001847956 0.035594607955647506
0 0.8893615862877826 0.16000669233601392 0.033630056820294296 0.033508569067297454
0 0.9338076204370981 0.11747619284336652 0.02126385807980835 0.026971634091937702
0 0.7041089745240254 0.4201584982606345 0.019270941207186976 0.025456974495880285
0 0.62841796875 0.5358072916666666 0.017578125 0.036458333333333336
0 0.7384121699373385 0.5393919910652077 0.02939469306078024 0.0382386058095013
0 0.7706818475515067 0.4806120756628817 0.02175213932980835 0.027024778157618723
0 0.779637533078988 0.5347946533147642 0.02587724462922658 0.03461138901640052
0 0.7132942941294671 0.4659306783115314 0.04113333899709115 0.04016510505251336
0 0.7388034856934298 0.29740375444943795 0.01919135746194378 0.022852807829213468
0 0.6937406775184811 0.31975196227541874 0.022788389638740636 0.029084191288980914
0 0.6719628483361401 0.21226373777953852 0.027541047742334124 0.0412812378801104
0 0.870175170175189 0.4239577079912081 0.01698870244767292 0.030399587500808217
0 0.8673988562494531 0.3490347722588603 0.02170156867864481 0.041294550758604366
0 0.8501714025660512 0.31082268475805214 0.034626515256605206 0.03426589886532631
0 0.8376045828416845 0.3295700866513303 0.021961877471457836 0.017963338889966412
0 0.9759805329846682 0.09611120395663282 0.01962906806078024 0.037175724495880136
0 0.6484888361920955 0.5270093163132267 0.02226031651611926 0.027728963889966412
0 0.6328125 0.5035807291666666 0.0263671875 0.048828125
0 0.6855791678226564 0.8964043902807411 0.07781245893524996 0.07789878851389709