0 0.3904022702533946 0.08640258988522909 0.05485209428692661 0.0701497464827312
0 0.4443649525803408 0.11168161483889547 0.03666189188987046 0.048556862238487486
0 0.4813698923700116 0.12028467036227491 0.046273978474002275 0.045968197878055284
0 0.37123617989531144 0.17638739569328787 0.04467910977769496 0.052735930750141824
0 0.29662252798458233 0.10116107168142097 0.046683414249651056 0.053780697878055284
0 0.3283995311080359 0.1588077149431461 0.038512657945958484 0.046671941866401
0 0.2704476007739042 0.1597083147627174 0.04200324337105843 0.06677672890129305
0 0.09713609756527217 0.25649493505862575 0.037173686609431544 0.05832248723848754
0 0.23749481887340618 0.30282431873351084 0.043832572224002275 0.04588294209316335
0 0.1801701743402231 0.37149370536121173 0.0482291797404194 0.03677610991294733
0 0.14608869325130108 0.3907738345587676 0.0458901324343316 0.038643979128055284
0 0.21742893522325712 0.39423986597761285 0.04105642313987068 0.04871032265129305
0 0.183837890625 0.4521484375 0.06103515625 0.03515625
0 0.581659081720862 0.41573204042651524 0.050873227611826666 0.05002790829086079
0 0.6029491201651231 0.36627457836845645 0.04381113502085854 0.02687407565712019
0 0.7392128091777967 0.2228671696770822 0.047397850590619406 0.07671286547107692
0 0.6985568422089337 0.10739872503161632 0.06980968488508044 0.06726036359906135
0 0.68603515625 0.447509765625 0.0361328125 0.04443359375
0 0.3680069934407719 0.36586842070487124 0.04280483025204629 0.04487227727920651
0 0.3966765826398233 0.29912270331544516 0.04198180616791447 0.04776786246524978
0 0.4003262607410699 0.182764507705013 0.038870914249651056 0.053507879366401
0 0.13720422779511154 0.12824903362855145 0.06189897847400233 0.04651383490136385
0 0.833251953125 0.009765625 0.03271484375 0.01953125
0 0.80712890625 0.03173828125 0.03515625 0.0361328125
0 0.8415036048447118 0.0750527216399931 0.04126736982694629 0.024835694872228198
0 0.8735987406709602 0.20386906930286952 0.02998364533857306 0.03272724835474672
0 0.9138701870611797 0.20040150283207608 0.03496881678248531 0.0348508849245307
0 0.9182986131128261 0.16400207412279522 0.029548619826946287 0.02442646710474672
0 0.8334199464315402 0.36720301610503026 0.04026521759096824 0.024313311308271413
0 0.80224609375 0.286865234375 0.025390625 0.04736328125
0 0.8583984375 0.456787109375 0.0458984375 0.02587890625
0 0.9345703125 0.4560546875 0.0322265625 0.02734375
0 0.905029296875 0.453125 0.03076171875 0.033203125
0 0.8780347445998037 0.3629123475470424 0.021787299298902385 0.025130211093092436
0 0.187744140625 0.607177734375 0.070556640625 0.028076171875
0 0.8791268508306898 0.5959914596166845 0.06220605530573886 0.05237320990136385
0 0.8690485947386748 0.7291837316224408 0.04755761780573889 0.051861675192012124
0 0.8231715944418186 0.7465897893025151 0.05879431535499019 0.024472974023450278
0 0.8154296875 0.983642578125 0.0458984375 0.03271484375
0 0.9577456336914697 0.8034396954366811 0.05403114646921203 0.06378503907575284
0 0.981201171875 0.706298828125 0.03759765625 0.06982421875
0 0.837541970190423 0.9556935224013638 0.06095215824281458 0.02844742865136385