0 0.197509765625 0.212890625 0.12744140625 0.15364583333333334
0 0.5649953891768446 0.18282804724221813 0.0571973703922658 0.05614672462932221
0 0.6176024900359272 0.04099989589485764 0.05254901804890233 0.03693275113049118
0 0.7853575425434616 0.1605032715100914 0.0340434337544413 0.048977520948689714
0 0.8320831566604274 0.193237728120772 0.0425489328922658 0.054895105258705744
0 0.784423828125 0.2666015625 0.04248046875 0.046223958333333336
0 0.9435032592722541 0.1380883071090214 0.03447638299965128 0.07237330030300242
0 0.008544921875 0.5380859375 0.01708984375 0.044921875
0 0.01220703125 0.4420572916666667 0.0244140625 0.048177083333333336
0 0.0166015625 0.4046223958333333 0.033203125 0.050130208333333336
0 0.04564186560124661 0.43562133456380087 0.029548619826946343 0.03366979744985862
0 0.06297032204071751 0.480868231412269 0.028439956114221898 0.05498728986710969
0 0.07637316754346157 0.5636669416989677 0.03083018289226569 0.05389380976221251
0 0.14425116463168575 0.45711145897163924 0.02936741540868293 0.04144057680417138
0 0.1462637741693102 0.5056223074704703 0.034947379579341464 0.02245169519810523
0 0.15692644165598613 0.6456709637781485 0.03126936093672672 0.04030537605358697
0 0.14850601679176423 0.6978629703842146 0.03687283857694634 0.03429560713516692
0 0.10838535801202304 0.8211611672280684 0.03515002120074873 0.039988099552418
0 0.10218433683966716 0.9290672013119862 0.0498731516422658 0.055520914944014045
0 0.030174609199447644 0.9163821290836114 0.04239124194356325 0.07564499730066447
0 0.16064453125 0.9879557291666666 0.04296875 0.024088541666666668
0 0.26601860548228184 0.961356225575245 0.033578665974002275 0.06191491299064852
0 0.23102072096995718 0.8296799242955598 0.044350595742814525 0.03882766682047508
0 0.2454305457804864 0.7871448694167609 0.04375995554890233 0.03618177950812118
0 0.2476340138799884 0.5939776089808682 0.03465758741791447 0.06460252094868964
0 0.22662961506432 0.5425375719669022 0.0377172998642219 0.05577998213516685
0 0.2181047549897689 0.5849222329272812 0.03098579757455111 0.04547198874123293
0 0.21978121996581734 0.46748440905315797 0.029753337714770733 0.038878130783191946
0 0.221431420666915 0.5002868162606146 0.01983417429890233 0.03413746786944764
0 0.19771726064296358 0.38067951881075596 0.027644598032485312 0.0471330692214225
0 0.18123741802360255 0.33877127158699566 0.03337602435259501 0.04437850863633578
0 0.16966805390663664 0.3090407014657946 0.032710691217165744 0.027451425303002448
0 0.24108506508652683 0.311876707402795 0.029241542995209535 0.025857297449858596
0 0.3420880688888712 0.5092897324120239 0.04020988558617811 0.057290668696936255
0 0.36550205541931025 0.5243548773840309 0.030160697224002497 0.06162286847083805
0 0.3650538977702079 0.6105427012581541 0.0199600467123755 0.04972074722376041
0 0.3786870508967545 0.687482036544853 0.0243545779623755 0.050096233034945335
0 0.33043851021960824 0.7682791538082956 0.01877876632455111 0.04442897259905262
0 0.38753492339540596 0.8861661634982183 0.055318938333782874 0.07026103806755273
0 0.4235335584162645 0.855274162675344 0.03982396328009008 0.059853114717915844
0 0.42082172094156434 0.7746953899270973 0.037924094018463306 0.04866024444752082
0 0.4174189605954569 0.7116947421788508 0.02170845382455111 0.044679296473175846
0 0.4332811715574836 0.59481577536299 0.031218181464770733 0.03900329272025349
0 0.45849609375 0.8557942708333334 0.017578125 0.083984375
0 0.465576171875 0.9381510416666666 0.03173828125 0.055989583333333336
0 0.5570183475394164 0.9222802308201073 0.034271665111826666 0.06716496696966907
0 0.6119748770366723 0.8453224109296191 0.0449391596703097 0.05380162515380841
0 0.710110428682031 0.9536514008782474 0.04100524366791447 0.06514488934262334
0 0.7548746127333286 0.9365729256567636 0.02204112039226569 0.05314283813984252
0 0.836309668279138 0.7593207138012206 0.029751261448353494 0.051206201804171535
0 0.8409503900958059 0.5415390319690563 0.0507985346703097 0.05430227290205503
0 0.8361747636115251 0.4137514940553119 0.048355052153892686 0.06642174069459846
0 0.9151974806371739 0.41005185134428723 0.04056814188987046 0.06640525203026959
0 0.9427570043960566 0.3196482463162942 0.025793831976397508 0.049570353305340355
0 0.9837276787233518 0.3616894008244154 0.029542391027694848 0.07065401051279692
0 0.8598958796231992 0.8821832195844127 0.042623625833782874 0.06917630127968503
0 0.82861328125 0.9700520833333334 0.0400390625 0.059895833333333336
0 0.5556640625 0.3108723958333333 0.03125 0.042317708333333336