0 0.3091790754198954 0.38501685284554305 0.021527283505214267 0.0466026220858522
0 0.22527620537444504 0.39233607410687776 0.03441689639857892 0.0345546775043748
0 0.03613224283061017 0.19937010246758669 0.023412018526209 0.022716612502982736
0 0.17898036416805008 0.23918087203116717 0.03134968046327069 0.02476064417071
0 0.20085765201065825 0.16427498244551386 0.02450718547549846 0.03980645625298285
0 0.31359534575719744 0.21712196451307142 0.024569766444029306 0.04078301875298285
0 0.19182781703349838 0.33563897452858205 0.020319321117109768 0.035366471669119215
0 0.06448028223629457 0.3356570457958824 0.029396555463270635 0.024737917503778295
0 0.23081162718023196 0.1536801761915368 0.026635686882844345 0.034952052086647534
0 0.5877219848883343 0.11890528204071216 0.06427044262758419 0.058809995424885964
0 0.76806640625 0.016845703125 0.05859375 0.03369140625
0 0.8026523003760606 0.061757620345344155 0.05439857967654138 0.049424700006959865
0 0.8198746120281922 0.11278852159256025 0.067130991671281 0.07299287834181789
0 0.908203125 0.02978515625 0.0478515625 0.0595703125
0 0.8279542932643489 0.3293297215895774 0.06795110174995411 0.07056283542528363
0 0.923583984375 0.389404296875 0.08056640625 0.06103515625
0 0.7175154167993248 0.34720397743775855 0.050159752370570576 0.08987250042269856
0 0.7316710821855381 0.11869403410449153 0.06854562095099692 0.07984017917528363
0 0.7028326949058683 0.19563259202440614 0.05632622320275027 0.07189131917369285
0 0.37353515625 0.384033203125 0.0498046875 0.07177734375
0 0.39282581258074806 0.2821857645657678 0.04441973029715779 0.06882527167210206
0 0.05382241479212746 0.6372470111593224 0.03905519403492996 0.05363741792150545
0 0.275146484375 0.439453125 0.03564453125 0.0390625
0 0.251220703125 0.9873046875 0.07568359375 0.025390625
0 0.09511327547065185 0.9446422715677034 0.0465729647009967 0.0795845041723009
0 0.030517578125 0.99072265625 0.05517578125 0.0185546875
0 0.09745200734819015 0.8167807640684988 0.06365044195275038 0.07197654417468713
0 0.5615884427083322 0.7804919437012806 0.045209298368863116 0.0278494183392326
0 0.354736328125 0.621826171875 0.05029296875 0.02685546875
0 0.6509242389950156 0.7340761324395483 0.030554303381090886 0.042804323753778295
0 0.7884747170946373 0.6890509611712536 0.03325840000346081 0.05454580042071
0 0.975341796875 0.436279296875 0.04345703125 0.03271484375
0 0.505527724979235 0.6655079041265644 0.04630446531815258 0.04493926208923271
0 0.5644103953026938 0.7136144574514796 0.048120061882844345 0.0352020454228974
0 0.6592737377607042 0.6646947416056846 0.03752776931639912 0.0526438104213065