0 0.440185546875 0.22021484375 0.04052734375 0.01953125
0 0.431640625 0.0537109375 0.0234375 0.05078125
0 0.445068359375 0.009033203125 0.05029296875 0.01806640625
0 0.5142410014346143 0.13619466830443305 0.05938929105707469 0.03486148750795426
0 0.039557313353819734 0.39182109496838213 0.04956724995234374 0.0532968600065622
0 0.10427509646733985 0.5703157870434962 0.04367337207912325 0.03077342417249973
0 0.16411775764470526 0.5603395982853432 0.019225623218880328 0.050014909169119104
0 0.22627436193845518 0.41895325494312763 0.03158039780805133 0.05650460708744298
0 0.32070380473415816 0.32114859743000324 0.04148280953146699 0.08346802750536908
0 0.409912109375 0.28564453125 0.02001953125 0.0615234375
0 0.0876337237597658 0.2750192641281552 0.05578989260766065 0.047999627924090515
0 0.2623641644884118 0.5425903391052869 0.03427101473444005 0.025294378754573632
0 0.41259765625 0.465576171875 0.0146484375 0.05224609375
0 0.0166015625 0.6494140625 0.033203125 0.0576171875
0 0.05317685481397616 0.620240131633922 0.03461196090175789 0.03994281625457363
0 0.1409656042202696 0.6358246757887236 0.03553169904053821 0.037512773338039374
0 0.09309090371929302 0.6144031412118199 0.04402568311868493 0.04591014292249973
0 0.38817351995666294 0.701814453672049 0.027526404468880106 0.05011149750357946
0 0.3269029674414503 0.8602849590975317 0.045173126958832466 0.07423613708923282
0 0.3319919806677959 0.9530243065971339 0.05103209370234385 0.05331390500676103
0 0.3953540779323792 0.9053993265883843 0.024222084441319458 0.0549545383364487
0 0.3680598036768016 0.5301269486742364 0.05330302686868493 0.04601809459042583
0 0.2753301926398224 0.44915248868656543 0.04996502048088103 0.0703867037565622
0 0.70458984375 0.880126953125 0.02294921875 0.051513671875
0 0.646484375 0.825439453125 0.0302734375 0.04931640625
0 0.507080078125 0.609375 0.02783203125 0.044677734375
0 0.484619140625 0.604736328125 0.0205078125 0.051513671875
0 0.458740234375 0.546142578125 0.031494140625 0.06689453125
0 0.496826171875 0.409912109375 0.0185546875 0.05859375
0 0.521728515625 0.446533203125 0.020751953125 0.031494140625
0 0.511962890625 0.48779296875 0.03564453125 0.040771484375
0 0.451416015625 0.27685546875 0.026611328125 0.03955078125
0 0.57421875 0.283935546875 0.030029296875 0.068359375
0 0.634765625 0.380615234375 0.0302734375 0.057373046875
0 0.677001953125 0.380615234375 0.021728515625 0.0556640625
0 0.7197265625 0.421875 0.039306640625 0.06494140625
0 0.759521484375 0.51171875 0.034423828125 0.074951171875
0 0.76806640625 0.443359375 0.03955078125 0.083984375
0 0.773193359375 0.270263671875 0.038330078125 0.072021484375
0 0.8525390625 0.350830078125 0.04052734375 0.0478515625
0 0.882568359375 0.32373046875 0.031982421875 0.056396484375
0 0.939453125 0.412841796875 0.01513671875 0.0283203125
0 0.892822265625 0.44677734375 0.022705078125 0.033935546875
0 0.8447265625 0.44580078125 0.031982421875 0.048828125
0 0.83740234375 0.542724609375 0.032470703125 0.082275390625
0 0.8955078125 0.51611328125 0.04443359375 0.0439453125
0 0.969482421875 0.4814453125 0.025390625 0.05810546875
0 0.64111328125 0.53125 0.01708984375 0.034912109375
0 0.60302734375 0.486572265625 0.020751953125 0.047607421875
0 0.6220703125 0.508056640625 0.021728515625 0.037109375
0 0.4609375 0.850341796875 0.02978515625 0.05419921875
0 0.537109375 0.935546875 0.03173828125 0.05029296875
0 0.43701171875 0.325927734375 0.029052734375 0.052734375
0 0.969482421875 0.286376953125 0.026611328125 0.049072265625