0 0.43509615384615385 0.23918269230769232 0.10576923076923077 0.11298076923076923
0 0.41466346153846156 0.296875 0.07211538461538461 0.07692307692307693
0 0.3942307692307692 0.3269230769230769 0.07692307692307693 0.07932692307692307
0 0.53125 0.31971153846153844 0.07932692307692307 0.08413461538461539
0 0.5228365384615384 0.19951923076923078 0.08653846153846154 0.08653846153846154
0 0.5504807692307693 0.2776442307692308 0.06971153846153846 0.07451923076923077
0 0.5973557692307693 0.24519230769230768 0.09134615384615384 0.0985576923076923
0 0.8245192307692307 0.24278846153846154 0.08173076923076923 0.0889423076923077
0 0.7536057692307693 0.3713942307692308 0.07451923076923077 0.07932692307692307
0 0.8617788461538461 0.40865384615384615 0.07211538461538461 0.06971153846153846
0 0.90625 0.4074519230769231 0.07211538461538461 0.07211538461538461
0 0.8533653846153846 0.453125 0.07451923076923077 0.07932692307692307
0 0.9350961538461539 0.49759615384615385 0.08653846153846154 0.08413461538461539
0 0.9326923076923077 0.6646634615384616 0.08173076923076923 0.08653846153846154
0 0.9795673076923077 0.6430288461538461 0.036057692307692304 0.06490384615384616
0 0.8040865384615384 0.765625 0.0985576923076923 0.10096153846153846
0 0.5793269230769231 0.6875 0.08653846153846154 0.08653846153846154
0 0.5168269230769231 0.6490384615384616 0.06009615384615385 0.057692307692307696
0 0.27884615384615385 0.5817307692307693 0.10336538461538461 0.11298076923076923
0 0.20673076923076922 0.43990384615384615 0.11538461538461539 0.11538461538461539
0 0.12860576923076922 0.5540865384615384 0.08413461538461539 0.08653846153846154
0 0.25 0.640625 0.06971153846153846 0.07692307692307693
0 0.5264423076923077 0.7824519230769231 0.06971153846153846 0.07692307692307693
0 0.5300480769230769 0.8509615384615384 0.04567307692307692 0.04326923076923077
0 0.5252403846153846 0.9399038461538461 0.07692307692307693 0.06009615384615385
0 0.6189903846153846 0.9002403846153846 0.07451923076923077 0.07692307692307693
0 0.6129807692307693 0.9362980769230769 0.06971153846153846 0.055288461538461536
0 0.6959134615384616 0.9302884615384616 0.09615384615384616 0.057692307692307696
0 0.8076923076923077 0.8942307692307693 0.06490384615384616 0.06009615384615385
0 0.7067307692307693 0.5120192307692307 0.07451923076923077 0.07692307692307693
0 0.6225961538461539 0.46153846153846156 0.07451923076923077 0.07932692307692307
0 0.5144230769230769 0.3425480769230769 0.07692307692307693 0.08173076923076923
0 0.6766826923076923 0.1346153846153846 0.09134615384615384 0.08653846153846154