0 0.4879807692307692 0.2860576923076923 0.057692307692307696 0.07211538461538461
0 0.4963942307692308 0.19110576923076922 0.057692307692307696 0.07211538461538461
0 0.7151442307692307 0.41586538461538464 0.04567307692307692 0.055288461538461536
0 0.6862980769230769 0.46274038461538464 0.04567307692307692 0.052884615384615384
0 0.6286057692307693 0.8112980769230769 0.05048076923076923 0.05048076923076923
0 0.8858173076923077 0.12379807692307693 0.038461538461538464 0.038461538461538464
0 0.7151442307692307 0.5252403846153846 0.05048076923076923 0.052884615384615384
0 0.5024038461538461 0.7367788461538461 0.036057692307692304 0.04326923076923077
0 0.2704326923076923 0.5865384615384616 0.057692307692307696 0.06490384615384616
0 0.5528846153846154 0.40024038461538464 0.004807692307692308 0.002403846153846154
0 0.5817307692307693 0.3858173076923077 0.04326923076923077 0.05048076923076923
0 0.5348557692307693 0.3762019230769231 0.04326923076923077 0.04807692307692308
0 0.27403846153846156 0.4519230769230769 0.03365384615384615 0.038461538461538464