0 0.53125 0.5925480769230769 0.055288461538461536 0.0673076923076923
0 0.4579326923076923 0.640625 0.055288461538461536 0.057692307692307696
0 0.3629807692307692 0.7920673076923077 0.05048076923076923 0.06490384615384616
0 0.09134615384615384 0.5733173076923077 0.05048076923076923 0.04567307692307692
0 0.16826923076923078 0.5216346153846154 0.036057692307692304 0.038461538461538464
0 0.3245192307692308 0.4951923076923077 0.04567307692307692 0.04326923076923077
0 0.29927884615384615 0.40024038461538464 0.05048076923076923 0.06009615384615385
0 0.4362980769230769 0.40384615384615385 0.05048076923076923 0.06009615384615385
0 0.3942307692307692 0.5949519230769231 0.04326923076923077 0.05048076923076923
0 0.27524038461538464 0.6586538461538461 0.04567307692307692 0.040865384615384616
0 0.6778846153846154 0.8353365384615384 0.05048076923076923 0.057692307692307696
0 0.31971153846153844 0.37259615384615385 0.05048076923076923 0.055288461538461536