0 0.391357421875 0.015625 0.01708984375 0.03125
0 0.16332469509408476 0.038112818832237494 0.028315665947768354 0.03753360611606027
0 0.23265443029171134 0.01814930604182141 0.025584390029135706 0.026428020004507502
0 0.08238471914070183 0.08105217884708527 0.02706628493611407 0.0271017883381058
0 0.11784946641464827 0.3533992549530704 0.01778894118611407 0.02695785278087115
0 0.395263671875 0.2236328125 0.00927734375 0.021484375
0 0.20826828850148837 0.2061038393804575 0.02410249512215734 0.025754251670908907
0 0.13968262260673125 0.44098685772731283 0.021968009697768354 0.03743512389268903
0 0.08779149165299399 0.3434446971806837 0.01713635066870356 0.039312493336249865
0 0.29588767143816946 0.4554973388102308 0.0245969786745307 0.04463446000424239
0 0.2788613443674641 0.08516826381155658 0.02491474835474672 0.03813161889321955
0 0.12747866146062753 0.142877954394775 0.02462487868611407 0.027063910559886217
0 0.3027080928331392 0.30559109325273087 0.02048611479078999 0.03676135555909058
0 0.7001953125 0.4677734375 0.0400390625 0.043619791666666664
0 0.5995117974031358 0.4088652127095485 0.05292349347690406 0.06394647500928012
0 0.790771484375 0.024739583333333332 0.06005859375 0.049479166666666664
0 0.92529296875 0.047526041666666664 0.056640625 0.09505208333333333
0 0.5870613620068195 0.026741632154434924 0.029985123581509066 0.0453688327829922
0 0.5537109375 0.010091145833333334 0.0380859375 0.020182291666666668
0 0.362060546875 0.9873046875 0.02978515625 0.025390625
0 0.2922557336053846 0.6478737160513663 0.03508960112222814 0.053908130006098176
0 0.23775890783243048 0.7679082566173507 0.019861424284962848 0.03154544667011342
0 0.7104105319783924 0.9574281932620109 0.029076765709422636 0.04795784833837106
0 0.9634518195247261 0.8831612532158766 0.031449967331508955 0.045391559449924124
0 0.6367497822100605 0.6068656666070104 0.023767674284962848 0.03160605111526493
0 0.7891524644317045 0.8865167682474282 0.025761103901292937 0.05181106944886338
0 0.8290954222922076 0.9008771065736028 0.0313306092326604 0.04083426778325731
0 0.9086201315181901 0.5987398321133384 0.015398688407049388 0.02887310000265142