0 0.0068359375 0.1494140625 0.013671875 0.0595703125
0 0.25439453125 0.013427734375 0.0498046875 0.02685546875
0 0.444580078125 0.1484375 0.01025390625 0.0546875
0 0.4230341506594397 0.2932697444900043 0.051134377552539245 0.05770843625676103
0 0.438720703125 0.3876953125 0.02197265625 0.0556640625
0 0.7973839034026036 0.440431264098327 0.0422771258190755 0.0546764787555678
0 0.8782908475634326 0.44583576367065714 0.03256791692380645 0.036013839587641705
0 0.9102471026685108 0.33123705116668 0.03491881245234385 0.05312641000457363
0 0.9204693638407113 0.20664010741568573 0.02682219064624558 0.04082847208684637
0 0.992431640625 0.17822265625 0.01513671875 0.0634765625
0 0.99609375 0.120849609375 0.0078125 0.04638671875
0 0.47550509231538574 0.40658918955880796 0.03296609570883252 0.07409409542090883
0 0.4580078125 0.22216796875 0.0166015625 0.0673828125
0 0.01220703125 0.6552734375 0.0244140625 0.0205078125
0 0.02122904047628016 0.6177515616048892 0.02703771496239149 0.02911540375357935
0 0.05648879909594168 0.5499767141003156 0.024982306112196206 0.024698145836647534
0 0.12967212095227842 0.6565179307567081 0.018963822900781135 0.017794028335852197
0 0.043993971731444925 0.7512394957680428 0.02549331710668401 0.025680390003380515
0 0.15841089244285989 0.7430740482525321 0.028934015601171925 0.026696724170511166
0 0.19368160767827658 0.6958013315812255 0.02142795889526905 0.018798999169516994
0 0.20007390690427485 0.7357551690802313 0.02545922248995236 0.024215546253380515
0 0.13670044476744758 0.6901184303389809 0.04066413047341566 0.027321365422102062
0 0.17046248978984357 0.5608542353348049 0.018918363411805528 0.015840903335852197
0 0.1240867276555988 0.5818961245077023 0.0224386160120007 0.020275206252982847
0 0.107177734375 0.50341796875 0.02685546875 0.02734375
0 0.2964260543916447 0.6438382949007716 0.016613335628732573 0.0216718700021874
0 0.29724473344969593 0.5876916328175046 0.021189704834635448 0.029535505002783957
0 0.28176788504535577 0.560535377819692 0.034225555245464445 0.023341253754573632
0 0.268231980255794 0.5758255015714817 0.02175713193385409 0.011968743336249865
0 0.34082106270353685 0.8756806398940106 0.024857292517513008 0.019327052086647534
0 0.3752726906244136 0.905544997389238 0.0366783263677084 0.023857943338238208
0 0.0686126019318356 0.7421663499313952 0.021927605017513008 0.019292962086249865
0 0.05385092396588509 0.7262292003501167 0.02618616605707469 0.0344751341701135
0 0.7448342241539275 0.903102014540911 0.05789076094683154 0.05437001084102233
0 0.6954853563131507 0.821179058297871 0.0586631640029297 0.06658272375775531
0 0.6359885403809677 0.5460671770568194 0.02588013101946618 0.06327236458664759
0 0.8686352632869139 0.6595395511915367 0.04273172070883258 0.07420772875556791
0 0.9056711417190968 0.9349127891023041 0.049079376958832466 0.07428159042309623