0 0.7524038461538461 0.265625 0.09134615384615384 0.11778846153846154
0 0.8317307692307693 0.2704326923076923 0.06971153846153846 0.0985576923076923
0 0.8401442307692307 0.11538461538461539 0.07211538461538461 0.0985576923076923
0 0.6814903846153846 0.14182692307692307 0.07692307692307693 0.07932692307692307
0 0.4423076923076923 0.2536057692307692 0.07211538461538461 0.06490384615384616
0 0.33653846153846156 0.2403846153846154 0.07932692307692307 0.0985576923076923
0 0.24639423076923078 0.3004807692307692 0.07211538461538461 0.08653846153846154
0 0.23798076923076922 0.6057692307692307 0.06971153846153846 0.055288461538461536
0 0.2439903846153846 0.7403846153846154 0.06971153846153846 0.06971153846153846
0 0.20072115384615385 0.7163461538461539 0.07451923076923077 0.08173076923076923
0 0.21754807692307693 0.8485576923076923 0.07211538461538461 0.06490384615384616
0 0.16346153846153846 0.7668269230769231 0.05048076923076923 0.0625
0 0.6418269230769231 0.6237980769230769 0.07932692307692307 0.08653846153846154
0 0.7728365384615384 0.625 0.07692307692307693 0.08413461538461539
0 0.8305288461538461 0.6610576923076923 0.05048076923076923 0.057692307692307696
0 0.9194711538461539 0.7295673076923077 0.040865384615384616 0.08173076923076923
0 0.8617788461538461 0.7932692307692307 0.06009615384615385 0.052884615384615384
0 0.8137019230769231 0.7716346153846154 0.0625 0.06490384615384616
0 0.36778846153846156 0.9314903846153846 0.06490384615384616 0.06971153846153846
0 0.5528846153846154 0.8810096153846154 0.08413461538461539 0.10096153846153846
0 0.4014423076923077 0.5240384615384616 0.07211538461538461 0.06971153846153846
0 0.4579326923076923 0.4651442307692308 0.06490384615384616 0.0673076923076923
0 0.3942307692307692 0.6478365384615384 0.07451923076923077 0.07692307692307693
0 0.3112980769230769 0.9603365384615384 0.0673076923076923 0.021634615384615384