0 0.0478515625 0.028971354166666668 0.0576171875 0.057942708333333336
0 0.07511215039533459 0.2601654985465964 0.04526322942380645 0.04787071778176877
0 0.32931511184314277 0.363035171731664 0.0418793552905381 0.0497973292344532
0 0.04162776138465757 0.4395689248253583 0.03988077080156249 0.047178011969320366
0 0.267578125 0.024088541666666668 0.0537109375 0.048177083333333336
0 0.5674368453752391 0.4777720624297837 0.07825083010766065 0.06374949030607475
0 0.7457901645013238 0.09509299830110662 0.06251218138522141 0.057117868851679944
0 0.916222642239323 0.0697259673335509 0.05572170337419702 0.059669008423715475
0 0.8924230993534723 0.16067484288682585 0.03464687203146699 0.11093085585763933
0 0.9099955750720707 0.5520342128450557 0.0599124834367839 0.10396635530436438
0 0.7335182100697702 0.3150200891970952 0.046694386813563415 0.07391995974766852
0 0.763916015625 0.01953125 0.03759765625 0.0390625
0 0.16461209643259567 0.9339679781340259 0.04269721783561198 0.06868132521740315
0 0.2631884928278647 0.9594688790402772 0.027253647535026015 0.05098578307929132
0 0.31382077471922765 0.8674262408825769 0.05077110989722211 0.08371588594460055
0 0.14140066910800797 0.8628339922346164 0.05560805465175789 0.05315859175704881
0 0.04146212106942293 0.8711721073965658 0.05161088567380645 0.04791995722678344
0 0.006591796875 0.7054036458333334 0.01318359375 0.07096354166666667
0 0.5438016517257163 0.8215245478772824 0.031750054378732684 0.028888242908789774
0 0.5918123224371312 0.8310103208730334 0.02653806884014759 0.03796116209634152
0 0.5973774355282554 0.8981017013862487 0.02995603759014759 0.03798767564365709
0 0.543667314541233 0.9536670679625332 0.03261337641278217 0.05037640555840639
0 0.489501953125 0.9391276041666666 0.01904296875 0.041015625
0 0.7279425486193796 0.9661627202012898 0.030523872945855013 0.042548754959940226
0 0.790101602452062 0.9471162893522028 0.03609953439624569 0.054309169105721956
0 0.8417680877176218 0.9143184428611691 0.035111607024001845 0.05365055213982221
0 0.811391549854449 0.8522422255508452 0.030887140601171925 0.03539108427622343
0 0.7820820852127388 0.7673909128560377 0.03683743457912336 0.040644869404954896
0 0.7392825835269315 0.6928502126386346 0.027094539323611055 0.041871199745958064
0 0.8988275799646921 0.8268823358151499 0.03365812814624558 0.05429023085763932
0 0.989013671875 0.765625 0.02197265625 0.048177083333333336
0 0.98974609375 0.9088541666666666 0.0205078125 0.03515625