0 0.14599609375 0.10560460267280469 0.02099609375 0.02331814707341273
0 0.06689453125 0.14789882547180783 0.02734375 0.029096017118863116
0 0.34130859375 0.23335517137896983 0.0166015625 0.03133731396502404
0 0.1083984375 0.23161320413436792 0.033203125 0.028006659180048077
0 0.3505859375 0.1817035968300127 0.0283203125 0.02134609808739385
0 0.01611328125 0.16075789635820487 0.02490234375 0.029916127197536002
0 0.41162109375 0.1695016261131893 0.0234375 0.024451161994739845
0 0.75 0.4300009745120439 0.052734375 0.06929734105066476
0 0.85009765625 0.4775390625 0.0517578125 0.064453125
0 0.69091796875 0.06586326341592896 0.046875 0.06892185523947969
0 0.73388671875 0.22877307603128533 0.05419921875 0.04937168125346081
0 0.67333984375 0.3782133684823741 0.0498046875 0.07301584814507223
0 0.988525390625 0.148193359375 0.02294921875 0.04443359375
0 0.90478515625 0.21384583927417977 0.0302734375 0.07029938502445554
0 0.509033203125 0.9677734375 0.09423828125 0.064453125
0 0.35107421875 0.979736328125 0.0771484375 0.04052734375
0 0.220703125 0.8518060875784431 0.0791015625 0.08661202720099692
0 0.1484375 0.903815720907162 0.05615234375 0.0490085619405225
0 0.033935546875 0.9775390625 0.06787109375 0.044921875
0 0.233642578125 0.976806640625 0.07666015625 0.04638671875
0 0.59423828125 0.63623046875 0.05078125 0.0751953125
0 0.633056640625 0.752685546875 0.02685546875 0.06689453125
0 0.6357421875 0.97412109375 0.0322265625 0.0517578125
0 0.72265625 0.990966796875 0.04296875 0.01806640625