0 0.5240384615384616 0.6382211538461539 0.019230769230769232 0.0625
0 0.4411057692307692 0.6466346153846154 0.03245192307692308 0.04567307692307692
0 0.2980769230769231 0.7367788461538461 0.019230769230769232 0.06129807692307692
0 0.15144230769230768 0.39663461538461536 0.036057692307692304 0.030048076923076924
0 0.23918269230769232 0.3870192307692308 0.02283653846153846 0.030048076923076924
0 0.38461538461538464 0.4423076923076923 0.030048076923076924 0.03245192307692308
0 0.4014423076923077 0.3425480769230769 0.02283653846153846 0.052884615384615384
0 0.5180288461538461 0.41466346153846156 0.02283653846153846 0.054086538461538464
0 0.40384615384615385 0.5709134615384616 0.018028846153846152 0.046875
0 0.2764423076923077 0.5685096153846154 0.027644230769230768 0.03245192307692308
0 0.5528846153846154 0.9375 0.025240384615384616 0.04927884615384615
0 0.43028846153846156 0.328125 0.025240384615384616 0.046875