0 0.07068342405396821 0.2706287627126982 0.029618276937588117 0.047560578992334124
0 0.031035309707798664 0.20753354624414921 0.03868254616453859 0.0357315705322383
0 0.18681296545106174 0.13093222523620984 0.01719817116453859 0.03485614933456538
0 0.6866056891712017 0.2382339590774134 0.029121472706666207 0.047052401806023436
0 0.7354472798270179 0.1850875633311096 0.021797253956666207 0.04675396276136212
0 0.7536792030205633 0.25121360860198577 0.026921181259928817 0.03281266181078035
0 0.7338337116950308 0.3162760520906236 0.017147033279006796 0.0319264618345656
0 0.7249605283543917 0.39495979992809793 0.01354155894872322 0.02104500278039012
0 0.7235528741333985 0.42613021618285496 0.02122374289744644 0.041851254325051324
0 0.663696360588079 0.46321390133032225 0.030895615107304653 0.03687807930126619
0 0.6492549459676537 0.44652363792731053 0.02122374289744644 0.041851254325051546
0 0.6412805093301359 0.43692795919633864 0.02049681818163096 0.028159483388740636
0 0.6166533723070864 0.42372613113080126 0.0225692649145387 0.03507500463398361
0 0.6107329740717663 0.5318062336498293 0.020315364244822276 0.045717712452429726
0 0.566924029266518 0.537828099381862 0.03180399375992876 0.033011621173887784
0 0.5245543592685038 0.5424448091728271 0.02228800654411328 0.01896172338398383
0 0.521485832736305 0.5623250688686519 0.021010668374396912 0.029644223075051546
0 0.515211809809146 0.11902538167758403 0.024059677607304653 0.036599536192915894
0 0.5567572219951752 0.039233255322929816 0.022242920302056324 0.04433245244767292
0 0.78857421875 0.0087890625 0.0224609375 0.017578125
0 0.773136470929998 0.024141269794901637 0.020411588372411194 0.023276670888740636
0 0.7912089288234729 0.05317783600208856 0.021061806259928817 0.03257391057505138
0 0.843994140625 0.016357421875 0.02294921875 0.03271484375
0 0.8388193765202104 0.06926789807423106 0.0292663633823399 0.055353183056023325
0 0.88623046875 0.00830078125 0.0302734375 0.0166015625
0 0.9122710582372321 0.02834676789346463 0.014594828277020966 0.025479325903011663
0 0.9428257541076575 0.045693597194730956 0.02010228972177286 0.03351068120242989
0 0.9681567182412036 0.04331021713288985 0.03158844789943216 0.048616725237577096
0 0.9931640625 0.113525390625 0.013671875 0.04638671875
0 0.993896484375 0.199462890625 0.01220703125 0.04443359375
0 0.9878752204212017 0.2505097517811445 0.01598901684219811 0.049444899025633204
0 0.995849609375 0.304931640625 0.00830078125 0.03662109375
0 0.9712662439088604 0.3332696958876469 0.015895264052056213 0.044073805275633315
0 0.993896484375 0.414306640625 0.01220703125 0.01708984375
0 0.983116418928718 0.39718396898648334 0.013496472706666207 0.04641573184407921
0 0.9802329266393558 0.4556185514959973 0.016752504819148584 0.03727765964825469
0 0.9560514559616964 0.4399952131167707 0.01182707741453859 0.03463729403514715
0 0.9344988971143204 0.4352135419190978 0.027400939529006685 0.03234427649709115
0 0.9169914272991434 0.4105914028982216 0.013592696834255014 0.02397469028039012
0 0.9071125322097107 0.43165796323569594 0.02038601942964524 0.021811827138740636
0 0.9004459453595695 0.3572203579362777 0.0137802024145387 0.03471687778039012
0 0.8835460785273002 0.33945405235171233 0.020522387124396912 0.029624327138740636
0 0.8218109288731169 0.2130033106218011 0.01378020241453859 0.03471687778039012
0 0.8141991467089311 0.36395268345927545 0.016914441456666207 0.04655500339825469
0 0.8026618506457397 0.3459169519241283 0.017712021357304653 0.036340889020876066
0 0.7921022260511292 0.41184569945267036 0.029867914721772748 0.03390859992864481
0 0.8329363971143205 0.4310751871664624 0.019775945109290483 0.04276812901611926
0 0.8574733616532562 0.4950184733593782 0.020547956067162865 0.031089170888740636
0 0.845227295804674 0.548192220578988 0.021172605011914536 0.038921566825051546
0 0.8215390490519088 0.4769645075086937 0.023639580204680488 0.040485890256605206
0 0.9127209070566598 0.5572855160398712 0.02208098366453859 0.03505510869767292
0 0.8980408489704189 0.5269233776368596 0.02112999010730454 0.036480160575051546
0 0.9150028480065893 0.5202955166577357 0.020522387124396912 0.029624327138740636
0 0.7921860934914827 0.5284653344574273 0.0215927024145387 0.03503521276136201
0 0.7888071593400647 0.4746549172758736 0.02038354809219811 0.04962396245242995
0 0.800048828125 0.58349609375 0.02294921875 0.0126953125
0 0.728581686277653 0.5185546439870301 0.023383890777020966 0.025837452756605206
0 0.6913054319652412 0.5633894797047919 0.015219477221772748 0.033311721839322406
0 0.3005151684219812 0.9271888331027731 0.028454208857304653 0.036778599619712526
0 0.2705078125 0.9931640625 0.0322265625 0.013671875
0 0.23145963372411138 0.6608906945097545 0.023358321834255125 0.024372609006605095
0 0.38016961571332925 0.8782255688440463 0.025087377992836557 0.03956901556553738
0 0.4199164255245348 0.8910676084352169 0.030801862317162865 0.03150698555126641
0 0.9073126478775151 0.8824219497848407 0.022259966263900255 0.04530901494767292
0 0.8167213468938278 0.807980212189974 0.02889987520269477 0.034357089306023325
0 0.7874244718938278 0.8067864560113291 0.023982970779006796 0.032205004942915894
0 0.724583299256663 0.9803700358593782 0.01892969866056715 0.02224042057980835