0 0.8137019230769231 0.5901442307692307 0.10096153846153846 0.11538461538461539
0 0.8557692307692307 0.6598557692307693 0.07692307692307693 0.09615384615384616
0 0.9651442307692307 0.5576923076923077 0.06490384615384616 0.10096153846153846
0 0.8617788461538461 0.44591346153846156 0.07932692307692307 0.08173076923076923
0 0.6442307692307693 0.328125 0.07211538461538461 0.07211538461538461
0 0.5913461538461539 0.23197115384615385 0.08653846153846154 0.0985576923076923
0 0.4963942307692308 0.20072115384615385 0.07692307692307693 0.08653846153846154
0 0.2692307692307692 0.4098557692307692 0.0673076923076923 0.06009615384615385
0 0.17307692307692307 0.5084134615384616 0.07211538461538461 0.07451923076923077
0 0.16466346153846154 0.4567307692307692 0.07932692307692307 0.08653846153846154
0 0.08052884615384616 0.5637019230769231 0.07211538461538461 0.06971153846153846
0 0.10697115384615384 0.46033653846153844 0.055288461538461536 0.0625
0 0.4891826923076923 0.7536057692307693 0.08173076923076923 0.0889423076923077
0 0.5625 0.8605769230769231 0.07932692307692307 0.08653846153846154
0 0.5721153846153846 0.9338942307692307 0.052884615384615384 0.057692307692307696
0 0.48197115384615385 0.9759615384615384 0.0673076923076923 0.026442307692307692
0 0.10697115384615384 0.7463942307692307 0.06971153846153846 0.07211538461538461
0 0.25 0.859375 0.09134615384615384 0.10096153846153846
0 0.421875 0.484375 0.07451923076923077 0.07451923076923077
0 0.4987980769230769 0.49038461538461536 0.0673076923076923 0.0673076923076923
0 0.328125 0.5661057692307693 0.07692307692307693 0.08173076923076923
0 0.037259615384615384 0.7355769230769231 0.06490384615384616 0.07211538461538461