0 0.113525390625 0.006184895833333333 0.04931640625 0.012369791666666666
0 0.31631937637038543 0.11285356070397039 0.05316841197697486 0.09153974889345011
0 0.08499497771937592 0.05411339457104436 0.033829371255968854 0.06144790154135619
0 0.5126953125 0.15071614583333334 0.025390625 0.06966145833333333
0 0.6299587130858478 0.06288286772190288 0.04026228329086079 0.0647523493197042
0 0.5529296336846965 0.05892402469464445 0.0333240388489906 0.060793072225073054
0 0.529296875 0.4661458333333333 0.044921875 0.053385416666666664
0 0.719482421875 0.4684244791666667 0.05029296875 0.057942708333333336
0 0.7805245169060571 0.5783454328557657 0.04237971755827141 0.05240149590112001
0 0.9134393238479274 0.5734089421600758 0.05016431754668793 0.07003643564536748
0 0.9497596783764961 0.7710036586093393 0.03673736104675873 0.09792138547315554
0 0.9139973240795954 0.9248956891677457 0.06182106522114772 0.08639959325321378
0 0.5557973188591564 0.7337032838157604 0.045134246936255895 0.08301560483291937