0 0.3137019230769231 0.4987980769230769 0.10336538461538461 0.09615384615384616
0 0.4026442307692308 0.4026442307692308 0.09375 0.0889423076923077
0 0.34375 0.2824519230769231 0.12259615384615384 0.10576923076923077
0 0.5108173076923077 0.20192307692307693 0.11538461538461539 0.10336538461538461
0 0.5396634615384616 0.5252403846153846 0.0985576923076923 0.10096153846153846
0 0.2920673076923077 0.7620192307692307 0.11538461538461539 0.10817307692307693
0 0.7992788461538461 0.6358173076923077 0.10096153846153846 0.10817307692307693
0 0.6838942307692307 0.5084134615384616 0.09134615384615384 0.0889423076923077
0 0.9783653846153846 0.5504807692307693 0.038461538461538464 0.11538461538461539
0 0.9891826923076923 0.6141826923076923 0.016826923076923076 0.10336538461538461
0 0.1971153846153846 0.7704326923076923 0.11298076923076923 0.0985576923076923