0 0.006591796875 0.052734375 0.01318359375 0.0302734375
0 0.1367250314487498 0.2404730375961825 0.048178000268463306 0.037694662864214745
0 0.25409856293882027 0.14452375375003923 0.03779406907215599 0.04371660606934391
0 0.453284819864618 0.2135675181381701 0.046506362364221676 0.04291775765151096
0 0.534632050331435 0.13688377812069488 0.06208225915868271 0.03388484284381715
0 0.39638481951097626 0.09288920317604299 0.05606726947639751 0.0397515024650299
0 0.23055387692310103 0.2411445876457251 0.04630164447639751 0.03901150765151096
0 0.18449084513617442 0.31272294008453233 0.05464945266551946 0.05909775376165016
0 0.3174727664949081 0.14166691246216634 0.032602103474002275 0.046727577671908604
0 0.5406297553434107 0.1802000950292038 0.035659739653892686 0.04939098236596429
0 0.6002367134504472 0.11002715610147012 0.0374614025044413 0.03736894981934402
0 0.7554700799990479 0.22383043891321996 0.05947693316072922 0.07697187668705774
0 0.7500381526334776 0.41099744124713644 0.06130626201367306 0.05619778138111342
0 0.2275045458088792 0.7856964652389656 0.036870762310529215 0.035378825078667964
0 0.2665539136714037 0.8386668312908344 0.03355722877085854 0.02783260788461228
0 0.3430072757671623 0.827523777995387 0.021117813630638915 0.03175342712703777
0 0.234130859375 0.62744140625 0.03369140625 0.015625
0 0.07199524642479832 0.6627634726340553 0.030422823383034092 0.02370435944055671
0 0.1192907907210039 0.9295858803088863 0.026721291270858538 0.027314611515149245
0 0.67724609375 0.831298828125 0.03515625 0.04345703125
0 0.7299127317962056 0.802615302893399 0.03627804585019989 0.04262904434731618
0 0.7030468817141201 0.7584485685839557 0.031655283242814525 0.028661171421908604
0 0.6785415161412662 0.6970809913024846 0.037719376130638915 0.03301141831001997
0 0.7919610961532421 0.7322573652622856 0.034838791836177885 0.04300632637528834
0 0.8949780585711565 0.6782486999330409 0.04093055072639751 0.038604510504075595
0 0.9540365763515956 0.6835003565705756 0.06711861007455111 0.037184527750576624
0 0.973876953125 0.63623046875 0.03857421875 0.033203125
0 0.984619140625 0.773193359375 0.03076171875 0.03662109375
0 0.9505390875882714 0.7873562638578718 0.03196236007455111 0.034520546421908604
0 0.9109115371303373 0.7918180866026234 0.040160782380638915 0.03319641701339965
0 0.8839772229059861 0.7860775720804762 0.03263184574281475 0.0287351709032605
0 0.9366431337637203 0.8205078198747705 0.04404351891107794 0.023763789679483116
0 0.9520246940024425 0.8796487047290846 0.030111594018463306 0.036325672459204816
0 0.9563486848437597 0.9085015828409733 0.0400563471703097 0.040483636022723646