0 0.28125 0.7355769230769231 0.04567307692307692 0.055288461538461536
0 0.3401442307692308 0.75 0.04567307692307692 0.052884615384615384
0 0.4951923076923077 0.7163461538461539 0.04807692307692308 0.07211538461538461
0 0.6286057692307693 0.90625 0.04567307692307692 0.06009615384615385
0 0.71875 0.8449519230769231 0.04326923076923077 0.06971153846153846
0 0.75 0.7764423076923077 0.03365384615384615 0.04807692307692308
0 0.8076923076923077 0.6658653846153846 0.040865384615384616 0.06009615384615385
0 0.7055288461538461 0.6923076923076923 0.04567307692307692 0.052884615384615384
0 0.7283653846153846 0.6526442307692307 0.03125 0.038461538461538464
0 0.6622596153846154 0.6153846153846154 0.038461538461538464 0.055288461538461536
0 0.6706730769230769 0.5264423076923077 0.03365384615384615 0.0625
0 0.7235576923076923 0.515625 0.04807692307692308 0.04807692307692308
0 0.7752403846153846 0.5360576923076923 0.038461538461538464 0.04567307692307692
0 0.7644230769230769 0.5108173076923077 0.028846153846153848 0.055288461538461536
0 0.5516826923076923 0.6045673076923077 0.04807692307692308 0.057692307692307696
0 0.5733173076923077 0.49759615384615385 0.038461538461538464 0.055288461538461536
0 0.5793269230769231 0.43028846153846156 0.040865384615384616 0.04807692307692308
0 0.6177884615384616 0.3762019230769231 0.019230769230769232 0.03125
0 0.6706730769230769 0.28966346153846156 0.03365384615384615 0.06009615384615385
0 0.7163461538461539 0.2776442307692308 0.036057692307692304 0.040865384615384616
0 0.7235576923076923 0.24759615384615385 0.028846153846153848 0.038461538461538464
0 0.6971153846153846 0.2283653846153846 0.040865384615384616 0.055288461538461536
0 0.7860576923076923 0.17427884615384615 0.040865384615384616 0.057692307692307696
0 0.7728365384615384 0.11298076923076923 0.019230769230769232 0.028846153846153848
0 0.6502403846153846 0.10096153846153846 0.028846153846153848 0.055288461538461536
0 0.6286057692307693 0.09615384615384616 0.03365384615384615 0.057692307692307696
0 0.6165865384615384 0.15384615384615385 0.04567307692307692 0.04567307692307692
0 0.5625 0.11538461538461539 0.040865384615384616 0.0673076923076923
0 0.5661057692307693 0.18870192307692307 0.03365384615384615 0.057692307692307696
0 0.5709134615384616 0.22115384615384615 0.036057692307692304 0.04807692307692308
0 0.5817307692307693 0.23557692307692307 0.036057692307692304 0.05048076923076923
0 0.6358173076923077 0.23798076923076922 0.028846153846153848 0.06971153846153846
0 0.4483173076923077 0.30528846153846156 0.019230769230769232 0.03365384615384615
0 0.4026442307692308 0.47115384615384615 0.03365384615384615 0.0625
0 0.3629807692307692 0.5144230769230769 0.03125 0.06971153846153846
0 0.4230769230769231 0.8004807692307693 0.02403846153846154 0.038461538461538464
0 0.2956730769230769 0.6502403846153846 0.026442307692307692 0.040865384615384616
0 0.28966346153846156 0.6189903846153846 0.036057692307692304 0.05048076923076923
0 0.25240384615384615 0.6033653846153846 0.036057692307692304 0.0625
0 0.21875 0.5420673076923077 0.02403846153846154 0.026442307692307692
0 0.29086538461538464 0.5456730769230769 0.05048076923076923 0.04807692307692308
0 0.1971153846153846 0.3485576923076923 0.03125 0.03125
0 0.18269230769230768 0.3125 0.036057692307692304 0.06490384615384616
0 0.21995192307692307 0.28846153846153844 0.03125 0.05048076923076923
0 0.22235576923076922 0.22716346153846154 0.038461538461538464 0.055288461538461536
0 0.3293269230769231 0.08173076923076923 0.038461538461538464 0.04567307692307692
0 0.43149038461538464 0.1045673076923077 0.04326923076923077 0.052884615384615384
0 0.06009615384615385 0.2127403846153846 0.05048076923076923 0.0625
0 0.01201923076923077 0.1778846153846154 0.014423076923076924 0.052884615384615384
0 0.2512019230769231 0.9086538461538461 0.04567307692307692 0.06971153846153846