0 0.19471153846153846 0.09254807692307693 0.03365384615384615 0.038461538461538464
0 0.2800480769230769 0.08774038461538461 0.04567307692307692 0.055288461538461536
0 0.5444711538461539 0.12860576923076922 0.04807692307692308 0.06009615384615385
0 0.028846153846153848 0.6057692307692307 0.04567307692307692 0.057692307692307696
0 0.02283653846153846 0.5012019230769231 0.04567307692307692 0.04567307692307692
0 0.06009615384615385 0.5444711538461539 0.0625 0.06009615384615385
0 0.3137019230769231 0.19110576923076922 0.040865384615384616 0.055288461538461536
0 0.4026442307692308 0.17548076923076922 0.04326923076923077 0.04567307692307692
0 0.12980769230769232 0.2980769230769231 0.057692307692307696 0.0625
0 0.12259615384615384 0.13822115384615385 0.05048076923076923 0.055288461538461536
0 0.7740384615384616 0.45072115384615385 0.04567307692307692 0.0673076923076923
0 0.8209134615384616 0.3425480769230769 0.04567307692307692 0.04326923076923077
0 0.6346153846153846 0.9086538461538461 0.04326923076923077 0.07211538461538461