0 0.3496727657543218 0.5031791305050244 0.03267541417190323 0.0389492087543748
0 0.14983574034753155 0.4280900592277813 0.03418571125576686 0.04287250375457363
0 0.13518196326983245 0.38641002130905977 0.02870098417110767 0.033044380420511166
0 0.2663250795174462 0.40551651466022376 0.0325447358370452 0.027718740004374798
0 0.24516353325412288 0.5034280975741727 0.030546157503181792 0.023789763337443093
0 0.3864980574176742 0.5280249996767287 0.03790446625357946 0.026804675838437264
0 0.3038164945446893 0.20524200091499623 0.022001406672698565 0.044683587086249865
0 0.2152848674709672 0.13340147465286611 0.02870666583784076 0.033532661670511166
0 0.1859879924709672 0.13306057464888904 0.023801126670908834 0.03152272000318168
0 0.09852712160846855 0.3469157146373555 0.0209623458386361 0.0393011300027839
0 0.11801894203037178 0.30856308088994056 0.018804680836249865 0.021700278335852197
0 0.17529296875 0.59423828125 0.0244140625 0.0107421875
0 0.269287109375 0.587890625 0.02197265625 0.0234375
0 0.9173119374353723 0.479609925903065 0.0371835787565622 0.04876596875497141
0 0.8200618224856825 0.10782267047261107 0.04004508625576686 0.04294068375536908
0 0.7536688545065092 0.5675616808809921 0.03805787125536908 0.039988269588437264
0 0.020263671875 0.621826171875 0.04052734375 0.04443359375
0 0.41198424448503296 0.873572667140736 0.04414451292468713 0.0595876995892326
0 0.3558770119798627 0.9110108946331795 0.04608627459122128 0.05863386375616453
0 0.35819444782883925 0.7957878829666454 0.041021990844800627 0.08493855292210206
0 0.7486319528266518 0.783678466318207 0.02084303083724426 0.029047223752784124
0 0.6214071340905717 0.6796451254674409 0.008959512501988565 0.014750707501193006
0 0.6257164403395774 0.6870204792180374 0.01821981125178973 0.013393815419119104
0 0.6510104770051173 0.6956167071381509 0.01536398541931805 0.019707381668721435
0 0.7120442648989819 0.8643183921467017 0.023636358335653362 0.017362563753181792
0 0.7081717628103458 0.9033411204795709 0.02276774750357946 0.026628544169715607
0 0.6822474032264823 0.9069462421427246 0.01690837250357935 0.02656036416892027
0 0.6899970628033859 0.9544061117271847 0.02765056000357946 0.026685360837045202
0 0.6503724198858575 0.9602935529718157 0.01832776291971583 0.022671159169119104
0 0.7061013753431568 0.6615850850622415 0.01690837250357946 0.02656036416892027
0 0.7258247757449756 0.7712043967317583 0.012445661252783902 0.020649854168323767
0 0.8772554878461396 0.6416010121687745 0.021285858753380626 0.025146655419516772
0 0.90234375 0.603271484375 0.015625 0.00732421875
0 0.9034412040997191 0.6155349530056209 0.015426483753380626 0.025078475418721435
0 0.8759765625 0.6103515625 0.021484375 0.021484375
0 0.8360356649327871 0.6167040079964736 0.013422223752784124 0.02066121750178973
0 0.8470729570138669 0.6334362488313314 0.017317110419317938 0.019730108335653362
0 0.8285456515804301 0.7567725467456782 0.01056071625357946 0.026486502501392062