0 0.33653846153846156 0.14302884615384615 0.04326923076923077 0.04326923076923077
0 0.3701923076923077 0.1502403846153846 0.040865384615384616 0.04326923076923077
0 0.2956730769230769 0.24278846153846154 0.040865384615384616 0.038461538461538464
0 0.22235576923076922 0.2764423076923077 0.04567307692307692 0.04326923076923077
0 0.23076923076923078 0.32572115384615385 0.03365384615384615 0.036057692307692304
0 0.18870192307692307 0.35336538461538464 0.04326923076923077 0.04326923076923077
0 0.2704326923076923 0.36899038461538464 0.038461538461538464 0.038461538461538464
0 0.3329326923076923 0.3629807692307692 0.040865384615384616 0.04326923076923077
0 0.36177884615384615 0.41947115384615385 0.040865384615384616 0.04326923076923077
0 0.46274038461538464 0.38221153846153844 0.04567307692307692 0.04326923076923077
0 0.6850961538461539 0.5564903846153846 0.04567307692307692 0.04807692307692308
0 0.8569711538461539 0.39663461538461536 0.03365384615384615 0.036057692307692304
0 0.8245192307692307 0.3713942307692308 0.036057692307692304 0.038461538461538464
0 0.6334134615384616 0.7283653846153846 0.040865384615384616 0.04326923076923077
0 0.4110576923076923 0.5144230769230769 0.038461538461538464 0.040865384615384616
0 0.4483173076923077 0.3557692307692308 0.026442307692307692 0.026442307692307692
0 0.30528846153846156 0.27283653846153844 0.02403846153846154 0.02403846153846154