0 0.062086274119953044 0.3486964126962477 0.02916505898282007 0.0446995641989553
0 0.03838599465246478 0.22747702587477692 0.016809639020876177 0.0234115897993951
0 0.103271484375 0.4124348958333333 0.03076171875 0.014973958333333334
0 0.20452018621642742 0.06225115146834396 0.02224042057980835 0.025573091954749144
0 0.05010972951478487 0.13234220220756035 0.02103422400184818 0.033979803488137485
0 0.7633435267814179 0.06767177613858448 0.032523339923887784 0.04287904284327156
0 0.7325262525179342 0.1763717813620896 0.029593652423887784 0.04276538257671477
0 0.902587890625 0.018880208333333332 0.02490234375 0.037760416666666664
0 0.851806640625 0.008463541666666666 0.02880859375 0.016927083333333332
0 0.08719588533692746 0.46082626484472883 0.04523854836019847 0.044022612331683884
0 0.3216471458406236 0.5362495626582273 0.04046433269952088 0.06334548517632992
0 0.39013671875 0.6051432291666666 0.01953125 0.07096354166666667
0 0.22061932193336886 0.7891866477512032 0.025616935836413557 0.056266767176879874
0 0.20073407737522397 0.8885567256631757 0.03424683084592761 0.05139941464321662
0 0.15947224560249973 0.8310327287313268 0.02963344429650938 0.0440674659100481
0 0.13122819360619586 0.896264489310241 0.04173021708641356 0.05689189864294164
0 0.8914846140438408 0.8906324348433543 0.026135891801266187 0.041330695599065326
0 0.989013671875 0.9723307291666666 0.02197265625 0.052734375
0 0.8605621096955514 0.5330849230218835 0.023614901806023436 0.03863181204360141
0 0.4091796875 0.9847005208333334 0.0185546875 0.030598958333333332
0 0.6184823539680021 0.7506373420312306 0.04396354681553727 0.03421910057616495
0 0.5105290826038339 0.8088750820353541 0.023953132723306014 0.049699520376934814