0 0.039497678827592086 0.0686923325608495 0.07243966492446752 0.0667474920930109
0 0.080322265625 0.40185546875 0.04638671875 0.0361328125
0 0.429443359375 0.00634765625 0.05517578125 0.0126953125
0 0.4997374033605704 0.20748386465127533 0.051778438767871915 0.057719799590226994
0 0.18474238788759145 0.5966603817234065 0.01997197367049597 0.05344424125258507
0 0.3199415759460318 0.6573275979919 0.029618276937588117 0.04672193708724415
0 0.28244125279220134 0.5953553088199968 0.03868254616453881 0.034622857505170135
0 0.43743146738489996 0.8097417887690901 0.02316834491652442 0.04078870041971561
0 0.4778964255307135 0.5899530700240614 0.023031977221772748 0.03297620041971583
0 0.5131013420787983 0.559594749612101 0.014918701552056324 0.04362179958525558
0 0.6315444450120622 0.7128592717118729 0.01903197443163096 0.027559653335852197
0 0.5257347757751829 0.7311632816975554 0.018038365969786974 0.026571727502386233
0 0.41854302126007636 0.7167297212663061 0.029620748275035302 0.01889558750397713
0 0.3888890366296484 0.45705466084499946 0.02518965376390031 0.044717677086647534
0 0.7402227785136213 0.5861681875596564 0.028403070971772748 0.033038698753778295
0 0.992431640625 0.620849609375 0.01513671875 0.02294921875
0 0.968279271512415 0.5311929750904788 0.031221959719786918 0.026725132504175964
0 0.8188450895451143 0.9782757604879229 0.02073546164744644 0.04124857333605103
0 0.7145596715244034 0.7973382938066735 0.020899869622411194 0.0226995675027839
0 0.6457705671722764 0.8771206300475263 0.02635619318163096 0.027644878336846368
0 0.575656567070929 0.8929097142047142 0.023494689529006796 0.0315170383364487
0 0.39975463296915503 0.7858611187639197 0.023219482802056324 0.04371838791971561
0 0.39043936358915377 0.648029446262329 0.03405542309219811 0.04921447833784076
0 0.9502609296424901 0.9758978788390869 0.028008542511914536 0.0384041108370452
0 0.9625650405883741 0.7186645667568141 0.02696379616453859 0.03448649750357946
0 0.8777443044894393 0.8495403025789452 0.025078855011914536 0.038370020836647534
0 0.49301746068773583 0.7029448971097148 0.019330278763900255 0.0446494970858522
0 0.42203633446950795 0.6005358287665049 0.025053286069148584 0.036905177086647534