0 0.21995192307692307 0.27403846153846156 0.038461538461538464 0.03365384615384615
0 0.18389423076923078 0.234375 0.038461538461538464 0.04567307692307692
0 0.20793269230769232 0.421875 0.038461538461538464 0.055288461538461536
0 0.23317307692307693 0.4963942307692308 0.028846153846153848 0.038461538461538464
0 0.28725961538461536 0.47716346153846156 0.03125 0.0625
0 0.3894230769230769 0.5192307692307693 0.02403846153846154 0.036057692307692304
0 0.4651442307692308 0.4483173076923077 0.03125 0.036057692307692304
0 0.44711538461538464 0.6274038461538461 0.026442307692307692 0.036057692307692304
0 0.2512019230769231 0.6430288461538461 0.03365384615384615 0.05048076923076923
0 0.27524038461538464 0.8125 0.036057692307692304 0.04567307692307692
0 0.203125 0.5444711538461539 0.03365384615384615 0.038461538461538464
0 0.33413461538461536 0.5384615384615384 0.036057692307692304 0.04567307692307692
0 0.703125 0.5612980769230769 0.028846153846153848 0.03365384615384615
0 0.703125 0.6394230769230769 0.028846153846153848 0.05048076923076923
0 0.7692307692307693 0.5408653846153846 0.038461538461538464 0.055288461538461536
0 0.2800480769230769 0.8545673076923077 0.038461538461538464 0.04326923076923077
0 0.2439903846153846 0.7944711538461539 0.016826923076923076 0.028846153846153848