0 0.11223830969500442 0.23624879404242038 0.04941422431078035 0.029182662782972768
0 0.16781448034589452 0.35688224629675547 0.03874995893525002 0.054379029570434056
0 0.30599313274654416 0.14962211622276378 0.03997605144952088 0.04860497200325131
0 0.3558939766865512 0.20270212111146413 0.030488969557871393 0.054872126617802275
0 0.4449170084354904 0.25952210129196074 0.06309521646854899 0.04215755092832896
0 0.6255761295861402 0.05473617676967246 0.04737985394476407 0.050984684167338146
0 0.4305620251178315 0.33759985459815245 0.05233147141146488 0.06491251146579025
0 0.08796603293682459 0.05898389274288454 0.05284131021854899 0.04156032889860756
0 0.8949291252132452 0.22674465217617285 0.04678131423466825 0.0602051496287932
0 0.9329396112634507 0.31079508141951695 0.04597469800369636 0.05236421048452078
0 0.24931684816937127 0.6808941132518611 0.0486639726471938 0.07054437331161056
0 0.49731894643442964 0.7659713449266324 0.03830146955787139 0.055327152926161416
0 0.4991841795853198 0.8834764913109977 0.054376620556023436 0.0314201792256974
0 0.555688899785661 0.548704540586231 0.044372244320294296 0.024992021340248305
0 0.663497914733334 0.5764170881818982 0.047052401806023436 0.030993592061610564
0 0.5467680212684811 0.5808221623065094 0.05307094429650938 0.03524111179287992
0 0.6628645244999669 0.799969399046449 0.05136568769000682 0.05316532232151783
0 0.3749576504267637 0.7875848351757019 0.04719167336019858 0.034411560811610675
0 0.3022128613345324 0.795525994784834 0.047830004942915894 0.026167657850155512
0 0.6039831142338479 0.7775421721280271 0.05136568769000682 0.053165322321517716
0 0.7312968802750863 0.5505466428487653 0.05157376421088311 0.07022672692724519
0 0.7626953125 0.39794921875 0.048828125 0.0166015625
0 0.8293411227896308 0.42229839768452526 0.04487875988583179 0.04937764469597583
0 0.89013671875 0.399169921875 0.0400390625 0.01904296875