0 0.0931702192663475 0.23193359375 0.02267795598848732 0.0341796875
0 0.13286205632440617 0.255859375 0.02648189904661713 0.03125
0 0.03470202966756952 0.21435546875 0.030064177064027753 0.02197265625
0 0.3608630558129645 0.20068359375 0.02979756085474672 0.0283203125
0 0.3485444245166309 0.14794921875 0.03656529372683326 0.0263671875
0 0.4033203125 0.208984375 0.033203125 0.0263671875
0 0.40209725505159377 0.12451171875 0.025652594657049388 0.021484375
0 0.2537775574003007 0.1630859375 0.04047154372683304 0.0263671875
0 0.35540512982973715 0.39892578125 0.027447612692012235 0.044921875
0 0.34244629192254616 0.46240234375 0.04446304951172508 0.02880859375
0 0.29614947550966975 0.48779296875 0.03699157265129305 0.03857421875
0 0.17386834682355568 0.5078125 0.034799731453595495 0.03173828125
0 0.0203760290982109 0.09326171875 0.03129650691870345 0.029296875
0 0.024858906935192715 0.16064453125 0.028765198331579978 0.0546875
0 0.20009763141216763 0.09228515625 0.036855163395465906 0.03466796875
0 0.29228510657433526 0.27685546875 0.03841611178496285 0.0234375
0 0.41064453125 0.40185546875 0.0185546875 0.0341796875
0 0.0886454396665064 0.529296875 0.034663322197768354 0.02783203125
0 0.3805741311854054 0.09765625 0.022586497901222025 0.017578125
0 0.5126953125 0.026611328125 0.0361328125 0.05322265625
0 0.49008089388900083 0.1171875 0.03211496245366638 0.052734375
0 0.4913783168713068 0.19189453125 0.0316034277443146 0.0380859375
0 0.44517604934778565 0.2705078125 0.04202319901186691 0.07080078125
0 0.44091796875 0.208251953125 0.0419921875 0.07373046875
0 0.427734375 0.04052734375 0.015625 0.060546875
0 0.5086681072546222 0.31201171875 0.02920852841301813 0.0673828125
0 0.5474159283764961 0.376953125 0.02934958422107692 0.04345703125
0 0.5476189658119014 0.56689453125 0.028242814767623137 0.0537109375
0 0.5633214635442783 0.62060546875 0.02802114972690406 0.04736328125
0 0.4482901673760708 0.5029296875 0.04706411847690406 0.04736328125
0 0.658447265625 0.62744140625 0.05224609375 0.044921875
0 0.9451248544804631 0.57958984375 0.040745917988629365 0.076171875
0 0.8864644556026914 0.53955078125 0.043209021947839155 0.048828125
0 0.9182322133126102 0.35693359375 0.03350075272114772 0.064453125
0 0.7690258761966344 0.26708984375 0.031978553197839266 0.048828125
0 0.6931113449996457 0.06396484375 0.030758627947910178 0.06982421875
0 0.98974609375 0.123046875 0.0205078125 0.056640625
0 0.9931640625 0.23828125 0.013671875 0.064453125
0 0.989013671875 0.525634765625 0.02197265625 0.05908203125
0 0.2340510073192169 0.7919921875 0.02134952149431457 0.0380859375
0 0.12846910152274155 0.78125 0.028560584447839266 0.048828125
0 0.11176367633072945 0.826171875 0.02536892729078999 0.02734375
0 0.11092196733641484 0.8642578125 0.026936077982660317 0.0302734375
0 0.07853574212123593 0.8828125 0.03122830229078999 0.02734375
0 0.05854102008072945 0.826171875 0.024767490244314627 0.0380859375
0 0.08170259006879166 0.91796875 0.019748268488487486 0.0341796875
0 0.41455078125 0.815185546875 0.0107421875 0.03564453125
0 0.689124444370598 0.974609375 0.07880239972690406 0.04736328125
0 0.8842432207378497 0.6865234375 0.06300688815711997 0.04248046875
0 0.862366648429153 0.8515625 0.04733693698855834 0.05517578125