0 0.008544921875 0.261474609375 0.01708984375 0.04052734375
0 0.013916015625 0.0712890625 0.02783203125 0.04296875
0 0.813232421875 0.012939453125 0.04833984375 0.02587890625
0 0.7606310678236885 0.05876836928035711 0.03680808817829462 0.04360560684731607
0 0.636015356554539 0.19114646355190795 0.041133480971991654 0.05802476128204781
0 0.5597990760947292 0.16728126581005914 0.032714095272702304 0.040379921421908604
0 0.392333984375 0.186767578125 0.04541015625 0.02880859375
0 0.48026600430278565 0.19517388056821028 0.058136010756967615 0.04279218918705774
0 0.41814298706856623 0.2698523499679718 0.05821095822374506 0.05154425194638179
0 0.5356804914059602 0.23276309892777292 0.044933493020948845 0.049080415198131444
0 0.6981456797538286 0.1694316522174148 0.03914906548772623 0.05738848106934402
0 0.34912109375 0.76318359375 0.041015625 0.05859375
0 0.2217724196140166 0.8373846797057647 0.09582098097199165 0.062168732237753765
0 0.04052734375 0.852783203125 0.0810546875 0.08935546875
0 0.8720703125 0.478515625 0.0458984375 0.0576171875
0 0.818359375 0.484619140625 0.0595703125 0.06982421875
0 0.40234375 0.4697265625 0.0380859375 0.0400390625
0 0.41310653724852237 0.564555109696978 0.05100534392303449 0.06800510010489069
0 0.39208984375 0.732177734375 0.044921875 0.06103515625
0 0.5532899068902256 0.6972761578001389 0.037978202594361576 0.06944751335664012
0 0.6000339359426896 0.7185155272232203 0.04721844684962173 0.04682400765151096
0 0.5877024912329256 0.7592945845367391 0.05662751002445565 0.034417408455705845
0 0.6218014222556738 0.7882948849767193 0.05161297809962173 0.04715700531759448
0 0.6542616300756717 0.8883622494726438 0.034747976749954 0.07211820267190872
0 0.5343955149270928 0.9314588744755464 0.06668636740379313 0.0852283735751691
0 0.826168669037235 0.9127509983013313 0.058367410645072004 0.05398565819638179
0 0.815185546875 0.970458984375 0.03271484375 0.05908203125
0 0.9487373838535882 0.7819857467424842 0.04011907049995411 0.07252519981934391
0 0.8942550537906038 0.7146853716142736 0.05916203924995411 0.07396818970570584
0 0.9185729994059142 0.6005974119406154 0.040169284970238195 0.06572626206001997