0 0.061703275667656876 0.36742103185739766 0.04005363712439691 0.03933194027290732
0 0.31447349786758627 0.323839767988742 0.032772033279006796 0.04241668898780097
0 0.1543829603775151 0.3624187286909663 0.02967188616056715 0.029327671807091765
0 0.67333984375 0.030924479166666668 0.046875 0.061848958333333336
0 0.733843597044819 0.37894477779801106 0.04302346819155978 0.07975334347905398
0 0.90185546875 0.042317708333333336 0.0546875 0.08463541666666667
0 0.982666015625 0.18977864583333334 0.03466796875 0.07096354166666667
0 0.1962890625 0.5335286458333334 0.05078125 0.027994791666666668
0 0.14596038605716022 0.7341147693427863 0.0383902934757443 0.0614219010413235
0 0.5083783436465931 0.7139123691094956 0.05230081194155978 0.07996925899574399
0 0.389715005578224 0.7475978926495445 0.03731750684815549 0.09133572578430223
0 0.5739295708166623 0.9484398745201804 0.06159520165340382 0.08148725784576764
0 0.208740234375 0.9547526041666666 0.06884765625 0.09049479166666667
0 0.331736272573473 0.6440661299336113 0.05529016030801359 0.0845947345097866
0 0.910888671875 0.52734375 0.04345703125 0.015625
0 0.7894573772275824 0.9148429812611788 0.030526655590212393 0.05733382744832127
0 0.7759061863293564 0.774596287538342 0.04625640269872322 0.028411963608888275
0 0.9558287494891441 0.7221603331265195 0.04157814174085073 0.04392332386326192