0 0.5973557692307693 0.45072115384615385 0.020432692307692308 0.026442307692307692
0 0.6694711538461539 0.6634615384615384 0.027644230769230768 0.028846153846153848
0 0.32091346153846156 0.46153846153846156 0.025240384615384616 0.02403846153846154
0 0.4987980769230769 0.5612980769230769 0.01201923076923077 0.014423076923076924
0 0.5048076923076923 0.5685096153846154 0.02403846153846154 0.013221153846153846
0 0.5384615384615384 0.5769230769230769 0.020432692307692308 0.020432692307692308
0 0.6225961538461539 0.7439903846153846 0.03125 0.016826923076923076
0 0.6177884615384616 0.7836538461538461 0.030048076923076924 0.026442307692307692
0 0.5841346153846154 0.7872596153846154 0.02283653846153846 0.026442307692307692
0 0.5949519230769231 0.8353365384615384 0.036057692307692304 0.026442307692307692
0 0.5420673076923077 0.8413461538461539 0.02403846153846154 0.02283653846153846
0 0.13942307692307693 0.6286057692307693 0.036057692307692304 0.030048076923076924
0 0.28365384615384615 0.3894230769230769 0.013221153846153846 0.025240384615384616
0 0.3112980769230769 0.3293269230769231 0.01201923076923077 0.016826923076923076
0 0.375 0.25600961538461536 0.019230769230769232 0.02403846153846154
0 0.4855769230769231 0.3713942307692308 0.020432692307692308 0.026442307692307692
0 0.5408653846153846 0.34375 0.020432692307692308 0.020432692307692308
0 0.6081730769230769 0.3713942307692308 0.014423076923076924 0.015625
0 0.6490384615384616 0.3245192307692308 0.021634615384615384 0.018028846153846152
0 0.6911057692307693 0.3858173076923077 0.02283653846153846 0.020432692307692308
0 0.7091346153846154 0.36538461538461536 0.026442307692307692 0.027644230769230768
0 0.6298076923076923 0.4014423076923077 0.02283653846153846 0.015625
0 0.6887019230769231 0.4651442307692308 0.019230769230769232 0.02403846153846154
0 0.6117788461538461 0.5420673076923077 0.02283653846153846 0.026442307692307692
0 0.6394230769230769 0.6514423076923077 0.016826923076923076 0.020432692307692308
0 0.8401442307692307 0.5204326923076923 0.028846153846153848 0.025240384615384616
0 0.8798076923076923 0.4050480769230769 0.019230769230769232 0.02403846153846154
0 0.8725961538461539 0.47596153846153844 0.021634615384615384 0.016826923076923076
0 0.8737980769230769 0.49278846153846156 0.020432692307692308 0.025240384615384616
0 0.8377403846153846 0.4855769230769231 0.028846153846153848 0.026442307692307692
0 0.7836538461538461 0.4951923076923077 0.018028846153846152 0.020432692307692308
0 0.7992788461538461 0.5120192307692307 0.02283653846153846 0.020432692307692308
0 0.8004807692307693 0.46875 0.021634615384615384 0.02283653846153846
0 0.7788461538461539 0.4387019230769231 0.02283653846153846 0.02403846153846154
0 0.8112980769230769 0.4254807692307692 0.014423076923076924 0.02283653846153846
0 0.828125 0.4411057692307692 0.019230769230769232 0.016826923076923076
0 0.7764423076923077 0.6358173076923077 0.014423076923076924 0.026442307692307692
0 0.3894230769230769 0.43990384615384615 0.02403846153846154 0.026442307692307692
0 0.36538461538461536 0.40384615384615385 0.021634615384615384 0.018028846153846152
0 0.3713942307692308 0.3762019230769231 0.021634615384615384 0.016826923076923076
0 0.27403846153846156 0.35216346153846156 0.028846153846153848 0.021634615384615384
0 0.48197115384615385 0.27283653846153844 0.016826923076923076 0.025240384615384616