0 0.5432692307692307 0.6454326923076923 0.07932692307692307 0.09375
0 0.5697115384615384 0.5697115384615384 0.06009615384615385 0.0673076923076923
0 0.5420673076923077 0.43028846153846156 0.04807692307692308 0.055288461538461536
0 0.7608173076923077 0.4326923076923077 0.05048076923076923 0.06009615384615385
0 0.8762019230769231 0.3798076923076923 0.057692307692307696 0.06009615384615385
0 0.6189903846153846 0.21754807692307693 0.06490384615384616 0.07451923076923077
0 0.453125 0.27403846153846156 0.0625 0.07692307692307693
0 0.3798076923076923 0.5480769230769231 0.04807692307692308 0.057692307692307696
0 0.38461538461538464 0.7668269230769231 0.04807692307692308 0.057692307692307696
0 0.24639423076923078 0.24519230769230768 0.057692307692307696 0.07692307692307693
0 0.35216346153846156 0.19230769230769232 0.04326923076923077 0.04567307692307692