0 0.46274038461538464 0.3629807692307692 0.028846153846153848 0.04807692307692308
0 0.5348557692307693 0.265625 0.02403846153846154 0.038461538461538464
0 0.5096153846153846 0.2932692307692308 0.016826923076923076 0.038461538461538464
0 0.6490384615384616 0.23557692307692307 0.028846153846153848 0.038461538461538464
0 0.7896634615384616 0.06490384615384616 0.03365384615384615 0.038461538461538464
0 0.7644230769230769 0.29927884615384615 0.026442307692307692 0.036057692307692304
0 0.734375 0.2980769230769231 0.026442307692307692 0.040865384615384616
0 0.7019230769230769 0.30408653846153844 0.021634615384615384 0.03365384615384615
0 0.6959134615384616 0.3581730769230769 0.03125 0.040865384615384616
0 0.625 0.3473557692307692 0.026442307692307692 0.03125
0 0.4182692307692308 0.09014423076923077 0.021634615384615384 0.03365384615384615
0 0.1622596153846154 0.09014423076923077 0.028846153846153848 0.03365384615384615
0 0.3016826923076923 0.078125 0.03125 0.04326923076923077
0 0.25961538461538464 0.040865384615384616 0.028846153846153848 0.04326923076923077
0 0.19230769230769232 0.028846153846153848 0.028846153846153848 0.038461538461538464
0 0.23918269230769232 0.0829326923076923 0.02403846153846154 0.03125
0 0.78125 0.3894230769230769 0.028846153846153848 0.03125
0 0.7776442307692307 0.6646634615384616 0.019230769230769232 0.03125
0 0.2283653846153846 0.7259615384615384 0.03365384615384615 0.057692307692307696
0 0.4795673076923077 0.5769230769230769 0.02403846153846154 0.02403846153846154
0 0.671875 0.53125 0.026442307692307692 0.03125
0 0.7668269230769231 0.7536057692307693 0.026442307692307692 0.040865384615384616
0 0.8064903846153846 0.6502403846153846 0.021634615384615384 0.04326923076923077
0 0.34134615384615385 0.8810096153846154 0.02403846153846154 0.036057692307692304
0 0.6117788461538461 0.7908653846153846 0.028846153846153848 0.04807692307692308
0 0.5564903846153846 0.010817307692307692 0.03365384615384615 0.021634615384615384
0 0.6466346153846154 0.019230769230769232 0.026442307692307692 0.03125
0 0.4639423076923077 0.31009615384615385 0.02403846153846154 0.03125
0 0.5889423076923077 0.421875 0.028846153846153848 0.04326923076923077
0 0.7451923076923077 0.4567307692307692 0.026442307692307692 0.03125
0 0.6935096153846154 0.10697115384615384 0.02403846153846154 0.036057692307692304
0 0.7451923076923077 0.12259615384615384 0.026442307692307692 0.04567307692307692
0 0.7127403846153846 0.15144230769230768 0.026442307692307692 0.038461538461538464
0 0.5877403846153846 0.6418269230769231 0.02403846153846154 0.040865384615384616
0 0.39302884615384615 0.14903846153846154 0.02403846153846154 0.03365384615384615