0 0.5408653846153846 0.39903846153846156 0.052884615384615384 0.057692307692307696
0 0.5841346153846154 0.3076923076923077 0.036057692307692304 0.038461538461538464
0 0.5600961538461539 0.5144230769230769 0.04326923076923077 0.04567307692307692
0 0.6911057692307693 0.6598557692307693 0.055288461538461536 0.06009615384615385
0 0.7439903846153846 0.6237980769230769 0.04567307692307692 0.05048076923076923
0 0.5576923076923077 0.9819711538461539 0.038461538461538464 0.03125
0 0.5264423076923077 0.9903846153846154 0.04807692307692308 0.014423076923076924
0 0.2620192307692308 0.7740384615384616 0.04326923076923077 0.04567307692307692
0 0.21995192307692307 0.6045673076923077 0.06009615384615385 0.0625
0 0.4567307692307692 0.8425480769230769 0.04807692307692308 0.055288461538461536
0 0.43149038461538464 0.8689903846153846 0.036057692307692304 0.038461538461538464