0 0.5673076923076923 0.20432692307692307 0.021634615384615384 0.042067307692307696
0 0.5264423076923077 0.25721153846153844 0.016826923076923076 0.039663461538461536
0 0.41225961538461536 0.28966346153846156 0.014423076923076924 0.02283653846153846
0 0.3485576923076923 0.40865384615384615 0.030048076923076924 0.046875
0 0.25961538461538464 0.33052884615384615 0.025240384615384616 0.036057692307692304
0 0.234375 0.3786057692307692 0.027644230769230768 0.025240384615384616
0 0.2644230769230769 0.4639423076923077 0.03125 0.027644230769230768
0 0.3137019230769231 0.8473557692307693 0.027644230769230768 0.046875
0 0.7199519230769231 0.12860576923076922 0.025240384615384616 0.04807692307692308
0 0.6778846153846154 0.18870192307692307 0.020432692307692308 0.03245192307692308
0 0.6935096153846154 0.25 0.025240384615384616 0.036057692307692304
0 0.7355769230769231 0.2548076923076923 0.021634615384615384 0.03485576923076923
0 0.71875 0.5673076923076923 0.02283653846153846 0.04807692307692308
0 0.5408653846153846 0.5396634615384616 0.018028846153846152 0.025240384615384616
0 0.38461538461538464 0.43149038461538464 0.021634615384615384 0.040865384615384616
0 0.25721153846153844 0.1875 0.02403846153846154 0.04447115384615385
0 0.2860576923076923 0.41225961538461536 0.02403846153846154 0.03485576923076923
0 0.5721153846153846 0.53125 0.020432692307692308 0.03245192307692308
0 0.7680288461538461 0.40024038461538464 0.021634615384615384 0.03245192307692308
0 0.7824519230769231 0.47475961538461536 0.020432692307692308 0.03125
0 0.7355769230769231 0.7055288461538461 0.026442307692307692 0.028846153846153848
0 0.7740384615384616 0.8257211538461539 0.019230769230769232 0.03125
0 0.6021634615384616 0.44471153846153844 0.025240384615384616 0.02283653846153846