0 0.024658203125 0.069580078125 0.04931640625 0.04833984375
0 0.09461376957450385 0.326060396622597 0.04508854555334374 0.06152779765743088
0 0.25387718227016065 0.05671559580014868 0.05739585948083881 0.07344080586996982
0 0.34575150101706764 0.164991556408197 0.051077945499651056 0.055061569032972824
0 0.4999501696059896 0.13544009602955698 0.04061516882899241 0.06905590621470642
0 0.560302734375 0.302978515625 0.03857421875 0.05615234375
0 0.5364750805618304 0.4492154973643864 0.052798686609431655 0.060029698965790246
0 0.5634765625 0.54248046875 0.0322265625 0.0576171875
0 0.3311846597968089 0.7449086781372989 0.049719613226397286 0.03843156738870035
0 0.2500511268224576 0.7574705152307984 0.05053848477769496 0.05405656738870035
0 0.13955225470584065 0.7330507256535554 0.05110561150204629 0.04630094567724519
0 0.024582082131289484 0.7074220446247645 0.04385608569356325 0.056588106868886046
0 0.154541015625 0.976318359375 0.03076171875 0.04736328125
0 0.35104992544246927 0.9744341205789396 0.04226536953009008 0.04481247858034121
0 0.42821154772944314 0.680484903561446 0.06035944178248531 0.037104103562694335
0 0.572265625 0.64208984375 0.0146484375 0.0419921875
0 0.8742993176859816 0.6665919575224415 0.04362162553692661 0.07069138483034121
0 0.9042151734212618 0.7701504690588188 0.040073631840619295 0.07729980917616164
0 0.993896484375 0.6396484375 0.01220703125 0.0400390625
0 0.905517578125 0.973876953125 0.02392578125 0.05224609375
0 0.7859093029154247 0.951889491963929 0.041538475590619295 0.0773851266089789
0 0.6993362120488078 0.9260761843173358 0.05325930185703642 0.06881876146579025
0 0.7170519925218106 0.7688071909208958 0.036173610639870624 0.0493255822047991
0 0.65771484375 0.981201171875 0.0546875 0.03759765625
0 0.608642578125 0.993408203125 0.03759765625 0.01318359375