0 0.24278846153846154 0.4807692307692308 0.036057692307692304 0.05048076923076923
0 0.38461538461538464 0.5096153846153846 0.04927884615384615 0.036057692307692304
0 0.43509615384615385 0.6658653846153846 0.037259615384615384 0.06971153846153846
0 0.5829326923076923 0.3786057692307692 0.038461538461538464 0.0625
0 0.6298076923076923 0.44591346153846156 0.028846153846153848 0.07091346153846154
0 0.7175480769230769 0.5144230769230769 0.06129807692307692 0.051682692307692304
0 0.18629807692307693 0.3449519230769231 0.04807692307692308 0.046875
0 0.24639423076923078 0.3737980769230769 0.03485576923076923 0.06370192307692307
0 0.23918269230769232 0.8509615384615384 0.055288461538461536 0.042067307692307696
0 0.14423076923076922 0.7391826923076923 0.04927884615384615 0.0625
0 0.6899038461538461 0.7536057692307693 0.039663461538461536 0.0625
0 0.90625 0.22716346153846154 0.04567307692307692 0.06490384615384616
0 0.19471153846153846 0.5612980769230769 0.052884615384615384 0.04807692307692308
0 0.12740384615384615 0.3449519230769231 0.04807692307692308 0.07932692307692307
0 0.08052884615384616 0.4987980769230769 0.04447115384615385 0.051682692307692304
0 0.13221153846153846 0.6490384615384616 0.039663461538461536 0.054086538461538464
0 0.6995192307692307 0.6201923076923077 0.05048076923076923 0.0829326923076923
0 0.36778846153846156 0.27403846153846156 0.051682692307692304 0.051682692307692304
0 0.6165865384615384 0.7608173076923077 0.05048076923076923 0.06490384615384616