0 0.5192307692307693 0.19951923076923078 0.06009615384615385 0.0625
0 0.24759615384615385 0.11538461538461539 0.04326923076923077 0.04326923076923077
0 0.4110576923076923 0.3786057692307692 0.06490384615384616 0.0673076923076923
0 0.43028846153846156 0.4338942307692308 0.05048076923076923 0.055288461538461536
0 0.5240384615384616 0.3545673076923077 0.05048076923076923 0.05048076923076923
0 0.4326923076923077 0.24639423076923078 0.04567307692307692 0.040865384615384616
0 0.53125 0.15264423076923078 0.055288461538461536 0.052884615384615384
0 0.7091346153846154 0.5745192307692307 0.055288461538461536 0.06490384615384616
0 0.6911057692307693 0.7007211538461539 0.05048076923076923 0.055288461538461536
0 0.6670673076923077 0.7127403846153846 0.04567307692307692 0.04807692307692308
0 0.43028846153846156 0.49759615384615385 0.05048076923076923 0.057692307692307696
0 0.47475961538461536 0.5348557692307693 0.036057692307692304 0.03365384615384615
0 0.22596153846153846 0.39783653846153844 0.04807692307692308 0.055288461538461536
0 0.2800480769230769 0.0985576923076923 0.040865384615384616 0.040865384615384616
0 0.2980769230769231 0.15985576923076922 0.04326923076923077 0.04326923076923077
0 0.33413461538461536 0.12620192307692307 0.04807692307692308 0.04807692307692308
0 0.36778846153846156 0.07692307692307693 0.04326923076923077 0.04807692307692308
0 0.3425480769230769 0.07211538461538461 0.040865384615384616 0.04326923076923077
0 0.38341346153846156 0.12740384615384615 0.04807692307692308 0.055288461538461536
0 0.17668269230769232 0.5060096153846154 0.0673076923076923 0.06490384615384616
0 0.9146634615384616 0.5805288461538461 0.057692307692307696 0.055288461538461536
0 0.9495192307692307 0.44711538461538464 0.06490384615384616 0.06971153846153846