0 0.14518778050018388 0.139356050807841 0.04306187297549835 0.05462136970560868
0 0.13129986601951715 0.34685646346673815 0.055331485194029306 0.05649182493822188
0 0.09421016348283373 0.4058118971487548 0.03522463997900527 0.033469748108678754
0 0.8699238143918411 0.48940778771649684 0.029358707491232927 0.05333375151174883
0 0.8750642567310344 0.5555494889413404 0.04087079059962173 0.05971602865908624
0 0.9854782213916573 0.12155892957740144 0.028345045496493082 0.022106486387719986
0 0.23241268121885256 0.8690993591102854 0.030929789192275847 0.0657490129303578
0 0.19355178757728725 0.954724766249664 0.028976664192275847 0.0656580734264729
0 0.49751155199681496 0.8618676770106991 0.02572170535137519 0.048617315713283794
0 0.4952571401751096 0.8069528282509871 0.026510524945782654 0.0447565354652261
0 0.5520411026208922 0.7658793426930938 0.03367829127445576 0.04184235027146066
0 0.34596823961217127 0.7973917895371363 0.0029922684685308454 0.0014384925891605487
0 0.3642165797572894 0.8249938929093172 0.02586579127445554 0.04147859225592162
0 0.3179360989583322 0.8104415531494163 0.02525234808739396 0.038851690713283794
0 0.779541015625 0.95703125 0.04931640625 0.0859375
0 0.984375 0.8287760416666666 0.03125 0.061197916666666664