0 0.2920673076923077 0.5721153846153846 0.06490384615384616 0.07211538461538461
0 0.20673076923076922 0.6117788461538461 0.06490384615384616 0.07211538461538461
0 0.5012019230769231 0.7403846153846154 0.05048076923076923 0.057692307692307696
0 0.5336538461538461 0.6971153846153846 0.04807692307692308 0.052884615384615384
0 0.8377403846153846 0.5252403846153846 0.05048076923076923 0.052884615384615384
0 0.29447115384615385 0.9867788461538461 0.040865384615384616 0.021634615384615384
0 0.6021634615384616 0.703125 0.052884615384615384 0.057692307692307696
0 0.71875 0.4338942307692308 0.038461538461538464 0.040865384615384616
0 0.4891826923076923 0.26802884615384615 0.0625 0.0673076923076923
0 0.4254807692307692 0.59375 0.002403846153846154 0.002403846153846154
0 0.4206730769230769 0.625 0.04567307692307692 0.05048076923076923
0 0.3942307692307692 0.5853365384615384 0.04567307692307692 0.04807692307692308
0 0.3641826923076923 0.3161057692307692 0.036057692307692304 0.038461538461538464