0 0.19987548107125952 0.20049907132453626 0.07571322538172676 0.10685662630850867
0 0.320068359375 0.4072265625 0.06494140625 0.08528645833333333
0 0.483154296875 0.3401692708333333 0.05322265625 0.064453125
0 0.78857421875 0.4127604166666667 0.0390625 0.07421875
0 0.7603327359000887 0.3389029204048663 0.04991419640269068 0.04350417430933332
0 0.8811076215060023 0.33839254475587666 0.031060533240124144 0.053814147532288636
0 0.8903449460342991 0.4017519635778973 0.026237548107125974 0.03868864217687973
0 0.944424671222738 0.37007628535356735 0.04441354384603802 0.04913622877622004
0 0.9706631057782968 0.05868697781852963 0.029426272634210493 0.05894670735458422
0 0.8742424553053814 0.0750805939333062 0.04480213967977509 0.06344020206512717
0 0.7696801334346245 0.22105741191535425 0.04114502263421049 0.05940134842081098
0 0.5504621438472501 0.06966364943436443 0.028838305967948008 0.07321279388797253
0 0.8229528741514193 0.12050392066867387 0.03374108778568896 0.057815114421085924
0 0.022705078125 0.9401041666666666 0.04541015625 0.1015625
0 0.03822378865487863 0.8166349000938835 0.03968017888421049 0.05934451828753259
0 0.137939453125 0.4694010416666667 0.05224609375 0.0390625
0 0.060546875 0.4694010416666667 0.06640625 0.0390625
0 0.06345554556138366 0.5922389119813062 0.07169746647903619 0.0651331295085636
0 0.18923273722885858 0.6256963632655399 0.09411854592977531 0.06535348321883161
0 0.24793575437288573 0.76501732284143 0.03732839280538136 0.08458359626545715
0 0.2830222729332347 0.7572856060845364 0.03656110521055589 0.08000736122103103
0 0.33127241592584256 0.7656524737716293 0.05861355814529867 0.05033662839791061
0 0.43732929376454743 0.6918276205230246 0.07195650350612048 0.08527753441971135
0 0.3353584703717326 0.5936947334377461 0.06878766771055589 0.0812576241531547
0 0.348388671875 0.4645182291666667 0.07080078125 0.029296875
0 0.39349405427078654 0.5089177892131413 0.05448804858125378 0.06251698628698292
0 0.8970009179159668 0.7743979750036566 0.05342178532386166 0.06897057282037118
0 0.5761107582534594 0.6411425764820895 0.05644117358125367 0.06259275979802077