0 0.32618013967492454 0.09771712498787709 0.05335958053405654 0.06510067727460081
0 0.28245134181455545 0.27348822915656423 0.040242496667338035 0.04847922604308097
0 0.6439929882165676 0.22238932355579555 0.05471066770696664 0.06326712642238319
0 0.5264449552958249 0.25945843757542886 0.04008585355387084 0.07082058939529867
0 0.3524351969156415 0.4389958453474868 0.07193307558359241 0.08362541079798924
0 0.4653393846450498 0.18742181503968078 0.057839429216874017 0.06692424346794795
0 0.8150891328066626 0.2489543507501183 0.03255820063653281 0.02501185265269079
0 0.8480950063565049 0.040697566468125446 0.025983031232353238 0.02058744801230039
0 0.719120423913474 0.2690532757537552 0.025257605233436953 0.03316318636451798
0 0.7063416165404061 0.06649627310227679 0.025200726944892088 0.03218662386451798
0 0.8028029668410257 0.08854896779568311 0.022299478589164534 0.032435756818953276
0 0.839689188844277 0.12380498379816685 0.01323084044380829 0.018574576231519813
0 0.8812070868464446 0.14592724875878182 0.023536809184984908 0.028649080966735685
0 0.9529468154973728 0.10572899582040218 0.04160321543498491 0.03012382878938502
0 0.9166298320195079 0.02970648777235374 0.024797763127709427 0.03361160956525722
0 0.8886083583543374 0.011879149231697306 0.019692253270898075 0.021045855871910102
0 0.8641351393661056 0.2655560744225607 0.03108854108916459 0.033153201705647506
0 0.7998902643308121 0.3080861441220284 0.03970215292616153 0.03920188229308108
0 0.7280415949001623 0.33799063276114727 0.029334490099071686 0.03641173825860444
0 0.981582040542114 0.403640385687404 0.03330243418498491 0.029446241951951446
0 0.9673597345662635 0.46269246296079247 0.02298683384907174 0.03589358361821393
0 0.8319929830190483 0.3707157835149024 0.031832774637616634 0.03758759100490838
0 0.80126953125 0.487060546875 0.01953125 0.02587890625
0 0.8499591688041888 0.4433302268856003 0.01689994569489206 0.03150903702708452
0 0.90869140625 0.4892578125 0.0322265625 0.021484375
0 0.85986328125 0.005615234375 0.0244140625 0.01123046875
0 0.9463255700772544 0.48059935642752816 0.021408233521981845 0.033820884470431745
0 0.7394133480916498 0.4405795379692785 0.03203666444489206 0.03274463655416904
0 0.9687761609445856 0.048998750649231315 0.022185722012074693 0.030482631818953276
0 0.8957631129165721 0.4042678880580426 0.017677434184984908 0.02817078437560605
0 0.8601850915498536 0.39147280955555885 0.023185907858978894 0.03931155236821393
0 0.7870373974374703 0.432767199141721 0.019948205569350175 0.025440387121910213
0 0.751829540586231 0.37578765984367246 0.01641648024226039 0.02320825577708474
0 0.8525390625 0.495361328125 0.029296875 0.00927734375
0 0.2719703780503132 0.7121842929792728 0.06287406903297288 0.05324238380907742
0 0.34158979571316306 0.8124714965753697 0.053212569015326006 0.07092019422534002
0 0.6062072564712091 0.5460602066974574 0.05609019402414939 0.06192185682016557
0 0.679931640625 0.70458984375 0.02001953125 0.0576171875
0 0.03842148015402641 0.5938799617377588 0.06072187002306567 0.0496649828620343
0 0.4519409025732257 0.8539956944879954 0.0504395246287932 0.04833968257755772
0 0.416853440656194 0.5885001727084271 0.04742933549334416 0.03837476733125367
0 0.4707095671151751 0.7803450224227382 0.04840589799334416 0.03845448342977531
0 0.6630859375 0.935546875 0.0537109375 0.072265625
0 0.4281853005489231 0.909410543447339 0.03489984206161045 0.04852906875121232
0 0.44951003919783694 0.7364494720446483 0.05621839799334416 0.03909221221794801
0 0.9085967166204407 0.7341176552835602 0.04290178447678117 0.06910661269086338
0 0.8622239896226083 0.7634143691111178 0.042991917706966865 0.062310533240124144
0 0.849444726609603 0.6113894835052042 0.05622275815077504 0.08088510947164407
0 0.7451357988075933 0.7999553438314904 0.05348778450325131 0.04227103267238319
0 0.9640309877665744 0.9783281728956537 0.050415901281889 0.039590478126818596