0 0.5216346153846154 0.31850961538461536 0.055288461538461536 0.07692307692307693
0 0.4639423076923077 0.33653846153846156 0.04326923076923077 0.05048076923076923
0 0.34375 0.2764423076923077 0.06490384615384616 0.07211538461538461
0 0.2800480769230769 0.16466346153846154 0.06009615384615385 0.0673076923076923
0 0.6983173076923077 0.3004807692307692 0.06490384615384616 0.06971153846153846
0 0.7007211538461539 0.21634615384615385 0.057692307692307696 0.057692307692307696
0 0.7704326923076923 0.3473557692307692 0.04807692307692308 0.04326923076923077
0 0.6875 0.7115384615384616 0.04807692307692308 0.04326923076923077
0 0.6790865384615384 0.6766826923076923 0.03365384615384615 0.05048076923076923
0 0.6478365384615384 0.7379807692307693 0.05048076923076923 0.06009615384615385
0 0.7247596153846154 0.7067307692307693 0.05048076923076923 0.04326923076923077
0 0.3918269230769231 0.78125 0.052884615384615384 0.06009615384615385
0 0.31850961538461536 0.7463942307692307 0.055288461538461536 0.055288461538461536
0 0.16346153846153846 0.8557692307692307 0.03365384615384615 0.03365384615384615
0 0.48677884615384615 0.8257211538461539 0.040865384615384616 0.04567307692307692