0 0.015625 0.087890625 0.03125 0.0322265625
0 0.2942638545492016 0.06565426314198962 0.04417439555047309 0.033439297128368406
0 0.051787121786842055 0.14421121043127808 0.029655516857125974 0.02879759943163096
0 0.21595856658598456 0.34035921596191776 0.04917678219825539 0.03498937068758823
0 0.3216169445183027 0.2509880636189401 0.03899260738790655 0.04163780260730465
0 0.523681640625 0.331787109375 0.03173828125 0.04052734375
0 0.03173828125 0.24560546875 0.0634765625 0.0380859375
0 0.45840558713039614 0.2075263430943315 0.057108856346037795 0.0365905821323399
0 0.3108345766241572 0.34652678064397535 0.047343231346037795 0.036420122513900255
0 0.27393423477066814 0.41562765498418774 0.05626177206646954 0.056079217227730016
0 0.38525293921534587 0.2518332010990825 0.033900519982732025 0.044962018567162865
0 0.481689453125 0.015380859375 0.04638671875 0.03076171875
0 0.6372156459431104 0.37977746322347944 0.019630774243820204 0.037399156351347385
0 0.6458650843913659 0.4138548749524157 0.021364720265996562 0.02280185673687929
0 0.63134765625 0.5546875 0.0263671875 0.009765625
0 0.9167113276720873 0.5211029634282337 0.022420998864518094 0.02379546519872311
0 0.9658203125 0.554443359375 0.02734375 0.01025390625
0 0.8349789727484327 0.5381768701849705 0.02679556079677692 0.035573876065177146
0 0.7280967528447664 0.07942619597589184 0.02044790454677714 0.035463077313191316
0 0.706273060615612 0.23138999214043054 0.025450291194559327 0.03701315087241108
0 0.8753981775615021 0.09885900391114144 0.026028273201951446 0.032147384334255125
0 0.6549441855159372 0.09977318080695499 0.013492392898994732 0.033878911830283576
0 0.6117358842892666 0.21739288149652897 0.02363670966008269 0.02674219866056715
0 0.06162110826073314 0.6840528820012062 0.05410943740638674 0.029712029727730016
0 0.03325087246638067 0.713886704799291 0.05508591932016557 0.053620765015886196
0 0.06015553923474254 0.8997173095071636 0.06538966827829684 0.04843717684616955
0 0.1315744828862801 0.7982304073668806 0.0530830321982555 0.035057554534964064
0 0.20565320590342967 0.9509651055207109 0.05565383608246599 0.07849753982312002
0 0.397216796875 0.991455078125 0.06396484375 0.01708984375
0 0.6533203125 0.5712890625 0.0234375 0.0234375
0 0.7947612340096392 0.6133732916535513 0.03259510842977531 0.04688957462439691
0 0.7509765625 0.564697265625 0.041015625 0.01025390625