0 0.20889926608389692 0.06804218908380175 0.057484911048946374 0.05011716859336185
0 0.18355407871501028 0.12646265411384655 0.05876533273017903 0.07989664336893709
0 0.11873824092946356 0.11486004878902467 0.048266997537872836 0.06372938811190187
0 0.42059248340906596 0.13077009916185112 0.03971450272435395 0.05391831131650382
0 0.564079302779702 0.05985918026162715 0.0368223915996424 0.08660190695716757
0 0.6379073547785292 0.13886732398414803 0.035734253243002057 0.05291902291880479
0 0.5862561400524061 0.3074376591721138 0.045758876427733686 0.05639380641305236
0 0.644775390625 0.24560546875 0.02978515625 0.0673828125
0 0.6244918064189471 0.40624943811649383 0.055887214213280245 0.06767824917008758
0 0.500732421875 0.4990234375 0.03173828125 0.021484375
0 0.461181640625 0.476318359375 0.03662109375 0.06689453125
0 0.2888071732516907 0.47848251280503984 0.03406198029137175 0.03729118218159222
0 0.666015625 0.019775390625 0.0126953125 0.02880859375
0 0.820711270885746 0.21955457973216264 0.04897670059731618 0.0344495575351762
0 0.9268812860547518 0.13280844627822253 0.03875250946677933 0.04122299881650382
0 0.9155415479865612 0.2279153420141521 0.04713457481934391 0.035903038336326576
0 0.8782410429311934 0.2960275728766749 0.05593878319638179 0.05547689939451228
0 0.98681640625 0.135009765625 0.0263671875 0.04443359375
0 0.4486942572726845 0.9594291577577786 0.04108349312936399 0.07198471756650382
0 0.49018301764564676 0.9401478926324681 0.04830399727854884 0.06421766936190187
0 0.2465277907225849 0.7776685706937998 0.06434327904719694 0.06333485118991045
0 0.24644362344695842 0.6219750296368969 0.077275159233678 0.053648766831857056
0 0.7214147695920285 0.5554803912327836 0.04763800194638179 0.055428606861901875
0 0.9018938333886488 0.5540900577513644 0.06461684647435395 0.05406318891433526
0 0.681396484375 0.686767578125 0.04345703125 0.04736328125
0 0.7056553982312734 0.9014274940825189 0.050234115145685876 0.018838761221238176
0 0.7747311842773171 0.8339881923888007 0.04173376594988076 0.029038693464202847
0 0.8369672080098223 0.9661280887705255 0.044900597770974215 0.0515081531758399