0 0.48677884615384615 0.5120192307692307 0.04326923076923077 0.055288461538461536
0 0.46634615384615385 0.4699519230769231 0.03365384615384615 0.038461538461538464
0 0.33653846153846156 0.296875 0.04567307692307692 0.05048076923076923
0 0.609375 0.22596153846153846 0.03365384615384615 0.038461538461538464
0 0.6189903846153846 0.15745192307692307 0.040865384615384616 0.04326923076923077
0 0.484375 0.1658653846153846 0.03125 0.040865384615384616
0 0.5288461538461539 0.2403846153846154 0.04807692307692308 0.055288461538461536
0 0.7956730769230769 0.8305288461538461 0.04326923076923077 0.052884615384615384
0 0.6598557692307693 0.6586538461538461 0.04807692307692308 0.057692307692307696
0 0.9038461538461539 0.7439903846153846 0.04567307692307692 0.05048076923076923
0 0.71875 0.8377403846153846 0.03365384615384615 0.04807692307692308
0 0.5913461538461539 0.7163461538461539 0.038461538461538464 0.04326923076923077
0 0.44711538461538464 0.8882211538461539 0.04807692307692308 0.052884615384615384
0 0.13341346153846154 0.3233173076923077 0.040865384615384616 0.04807692307692308