0 0.024415601035094547 0.30197826459020605 0.024666888111901875 0.044167407915979284
0 0.11945147834071457 0.32996951434288646 0.01967612759783144 0.025470645082783516
0 0.20863114693407647 0.27367280577872144 0.027971227373406626 0.024735610649216477
0 0.16146322545067182 0.40929986519408235 0.02162925259783144 0.025527475216061912
0 0.06126078747434316 0.3463086483079174 0.02850211968159244 0.032074036932536076
0 0.42982790910797175 0.3502303981516286 0.025033017661769463 0.023185521699298883
0 0.4187448331424861 0.40913671388465955 0.02168890807929147 0.03578138146606191
0 0.5002313126987679 0.3325595133536079 0.030983296252565573 0.03898101209913407
0 0.7206756050619119 0.4088324844126184 0.07339558730946849 0.028498317497938186
0 0.8369348350945223 0.3971503102325564 0.061867166702698206 0.06087218044826814
0 0.9334784927588575 0.33380455116859764 0.05953086772955607 0.07886754903167015
0 0.995849609375 0.285400390625 0.00830078125 0.06494140625
0 0.820068359375 0.566650390625 0.04248046875 0.02587890625
0 0.757568359375 0.572265625 0.07177734375 0.0146484375
0 0.9687521896361535 0.060851575119546086 0.05018818702367134 0.06736713714859799
0 0.43787204735726915 0.787109845647505 0.041330946830574256 0.05539265154884543
0 0.5188898052735083 0.7910990513664533 0.0319456550665036 0.03656802091577305
0 0.5488514127812052 0.675988786867278 0.03399820586893698 0.05371469479905144
0 0.11533687787262248 0.7589033689217525 0.031678951319069504 0.07463975088245367
0 0.083984375 0.59423828125 0.037109375 0.029296875
0 0.01840087292244931 0.9736021079523917 0.029487204393229494 0.033567295749175274
0 0.8831773273477499 0.9173831299900411 0.07886042538747706 0.044767881614453664