0 0.7617107447230702 0.23514581643614352 0.044670282858978894 0.03784480038747717
0 0.95301859681796 0.10886059023158234 0.04279765949442793 0.0475962217014152
0 0.8484647152320468 0.11557405048092056 0.047315578916254264 0.03297903231075139
0 0.6441111049510884 0.2022459992168093 0.03447325489752373 0.03876170740601714
0 0.9667845095656393 0.1943609422514052 0.039242310820434056 0.03683698977814087
0 0.2963108366699766 0.7922065449930464 0.03348706080278718 0.05535190695716752
0 0.14192382843979096 0.7981419687967217 0.036796088773065616 0.045120726604866546
0 0.12757169217693887 0.5349640565211464 0.03889140949442793 0.04757349580371617
0 0.055290708504959235 0.6599892976055285 0.04869028943606868 0.0398206512851762
0 0.0380139599374702 0.8829577031483609 0.04245157396579019 0.05003478721420285
0 0.05921784801223923 0.9704537912263694 0.04712132070371544 0.02126312304796385
0 0.368132433876166 0.6173908200947262 0.0319320838226016 0.062176481508318115
0 0.62744140625 0.28662109375 0.052734375 0.0341796875
0 0.7090956571354604 0.8939991447072492 0.041493819015326006 0.06711326801535322
0 0.7442668101675026 0.819033931921452 0.03580507888096074 0.07000886666880479
0 0.71826171875 0.9677734375 0.0361328125 0.064453125
0 0.816650390625 0.97119140625 0.03662109375 0.0576171875
0 0.8907314663380921 0.9033538394630424 0.05099386012213736 0.0793714325351762
0 0.9327092064459872 0.92849196440167 0.04916412329396369 0.0647173135607515
0 0.9951171875 0.822265625 0.009765625 0.06640625
0 0.6947540637472196 0.5136735027526472 0.041005537765326006 0.06711042727814087
0 0.5182588419027894 0.307638049312075 0.04166445388096074 0.07004295551535333
0 0.5530541033421095 0.3854508937692426 0.04178784205278718 0.055400199489778146
0 0.5712193631371569 0.4626788719111893 0.03161925323560455 0.056805387758318115
0 0.5304500588408725 0.48343066226092457 0.04452327134024836 0.04370133465026482
0 0.5512177281568181 0.5801984126145083 0.03210753448560455 0.056808228495530466
0 0.8234525194224506 0.4270495209988395 0.05062896704396369 0.06472583577238855
0 0.9704623351315849 0.5123488317776422 0.03252930585232283 0.07243038775831812
0 0.9026646490199789 0.7813943157143252 0.028030649619969816 0.05385581509783144
0 0.6726383004959826 0.6116561119815416 0.045172555861146435 0.06322974391305225
0 0.6317084485687373 0.5626064094789759 0.031709386465790246 0.049972290995530466