0 0.1622596153846154 0.47596153846153844 0.07451923076923077 0.07932692307692307
0 0.11658653846153846 0.4639423076923077 0.07211538461538461 0.08653846153846154
0 0.21875 0.35697115384615385 0.08413461538461539 0.10576923076923077
0 0.2692307692307692 0.23798076923076922 0.10096153846153846 0.11778846153846154
0 0.18389423076923078 0.11778846153846154 0.09375 0.11057692307692307
0 0.5072115384615384 0.16706730769230768 0.09615384615384616 0.1201923076923077
0 0.5168269230769231 0.2980769230769231 0.052884615384615384 0.06971153846153846
0 0.5564903846153846 0.6862980769230769 0.07211538461538461 0.09375
0 0.48197115384615385 0.6646634615384616 0.08173076923076923 0.0889423076923077
0 0.5060096153846154 0.5276442307692307 0.08653846153846154 0.08653846153846154
0 0.6346153846153846 0.5216346153846154 0.10817307692307693 0.09375
0 0.7127403846153846 0.3954326923076923 0.057692307692307696 0.09375
0 0.7451923076923077 0.4098557692307692 0.057692307692307696 0.0889423076923077
0 0.7932692307692307 0.41346153846153844 0.06971153846153846 0.0673076923076923
0 0.8846153846153846 0.5096153846153846 0.09134615384615384 0.10576923076923077
0 0.7716346153846154 0.5853365384615384 0.0889423076923077 0.10096153846153846
0 0.7632211538461539 0.7211538461538461 0.07692307692307693 0.057692307692307696
0 0.4987980769230769 0.9134615384615384 0.11057692307692307 0.10336538461538461
0 0.8149038461538461 0.6826923076923077 0.0673076923076923 0.07692307692307693