0 0.07101554776693952 0.26969533648021826 0.02054594275184818 0.02638233337703788
0 0.16207128826112172 0.20925044617719624 0.02880693212922658 0.02603476646852887
0 0.11021318702566618 0.347042765291411 0.022499067751848068 0.02653033233974167
0 0.013427734375 0.28857421875 0.02685546875 0.033203125
0 0.3803686665882946 0.27546037641031723 0.025817556820294296 0.024347924274473187
0 0.367238966731005 0.334868120705188 0.02291688241437373 0.03678423858974156
0 0.4513178365502386 0.25450741375298114 0.0323136017822383 0.04041692116258455
0 0.612060546875 0.047607421875 0.06591796875 0.09521484375
0 0.56787109375 0.3623046875 0.0166015625 0.0537109375
0 0.5916709834379514 0.47950272030013885 0.0441193910644766 0.07927985321677933
0 0.57568359375 0.604248046875 0.0322265625 0.07080078125
0 0.77880859375 0.03857421875 0.0576171875 0.0771484375
0 0.846923828125 0.024658203125 0.04931640625 0.04931640625
0 0.8919224551815867 0.14716299804200728 0.042725013901950826 0.06895194748542743
0 0.8633716995497247 0.2744272668444525 0.07519944479544849 0.08942333687936399
0 0.9183949597923322 0.36955967322266325 0.050137933554962544 0.08363010010489069
0 0.7833698785663907 0.5175481982517887 0.07270912951505837 0.0760917441666602
0 0.166015625 0.644775390625 0.03515625 0.01025390625
0 0.3369140625 0.99267578125 0.029296875 0.0146484375
0 0.33967883210626193 0.8421463251894623 0.05036011209592761 0.04129763031759448
0 0.3337929146868577 0.7476714762529811 0.04780844738583179 0.0503529756235388
0 0.41272453091782957 0.733902018004154 0.040015843322142475 0.0502492610227237
0 0.43947553512395565 0.6627530932110327 0.025378184600684417 0.03745751854312132
0 0.48078214363162164 0.6883427095222254 0.02894454206262842 0.053304516987176975
0 0.5061727686316216 0.6864187230070764 0.019099333317385447 0.050611397173658035
0 0.541015625 0.690185546875 0.037109375 0.03857421875
0 0.05263740950609125 0.6949865753263811 0.030807304538843394 0.06318114120920482
0 0.807844394416255 0.7505620691026038 0.038619804538843394 0.06377313706001986
0 0.9527387561321685 0.8023764286684684 0.042996101473306014 0.039766071707455275
0 0.9757194586509231 0.6804019695134584 0.0386612580322383 0.04089791779137175
0 0.6569439306091708 0.7386314884528227 0.0441824021149555 0.033041133429483116
0 0.955078125 0.9853515625 0.03515625 0.029296875
0 0.8688149215079723 0.9625562624359436 0.038722607461944 0.018510979772723868