0 0.7548076923076923 0.38221153846153844 0.06971153846153846 0.06971153846153846
0 0.6995192307692307 0.32091346153846156 0.06490384615384616 0.052884615384615384
0 0.9242788461538461 0.7379807692307693 0.0673076923076923 0.0625
0 0.9435096153846154 0.5072115384615384 0.05048076923076923 0.0625
0 0.8521634615384616 0.36658653846153844 0.0673076923076923 0.0673076923076923
0 0.7091346153846154 0.5228365384615384 0.0625 0.07211538461538461
0 0.4375 0.6237980769230769 0.057692307692307696 0.04567307692307692
0 0.3485576923076923 0.5612980769230769 0.0625 0.0625
0 0.4411057692307692 0.5132211538461539 0.08173076923076923 0.07451923076923077
0 0.48677884615384615 0.44350961538461536 0.0625 0.0625
0 0.41346153846153844 0.40625 0.07932692307692307 0.0673076923076923
0 0.4338942307692308 0.8305288461538461 0.06971153846153846 0.0625
0 0.3449519230769231 0.640625 0.0889423076923077 0.07692307692307693
0 0.671875 0.26802884615384615 0.0985576923076923 0.09375
0 0.9074519230769231 0.29447115384615385 0.0673076923076923 0.06490384615384616
0 0.9759615384615384 0.21995192307692307 0.04326923076923077 0.055288461538461536
0 0.4795673076923077 0.5865384615384616 0.08413461538461539 0.057692307692307696
0 0.2512019230769231 0.35096153846153844 0.09375 0.08413461538461539