0 0.5479096794463654 0.0633929952528387 0.05889202740730015 0.054340299567365635
0 0.4420012662795054 0.161256713946053 0.044289041702698206 0.06138510748802428
0 0.26844585205189386 0.21724165995423794 0.04960900218287523 0.052877532083782874
0 0.722412109375 0.028076171875 0.04833984375 0.05615234375
0 0.7851749221759216 0.028273390859875125 0.03635154926535322 0.0394912967123755
0 0.9657597695845044 0.08914327828397556 0.03939486625384836 0.059176085128243794
0 0.3330078125 0.2685546875 0.048828125 0.017578125
0 0.160296422774995 0.32819003879790287 0.0359939419271228 0.06192664447639751
0 0.624755859375 0.333251953125 0.02978515625 0.02490234375
0 0.41850946672194067 0.3835263144514939 0.05660118022955607 0.08009125713747545
0 0.3457019120154349 0.462071806098201 0.06911184481075139 0.049018309022904716
0 0.19591319775393012 0.4894591050434616 0.054971573721238065 0.051694175429541245
0 0.36557470158197947 0.6876618961310352 0.034035135452697984 0.06084772303248531
0 0.04520790202441477 0.6111614544466563 0.06086219683057423 0.05737234601127783
0 0.07741993528782341 0.523021160886127 0.04231887227942377 0.05835306104411209
0 0.27895388611591354 0.9105297673570838 0.061103659493626505 0.09887625226127783
0 0.43304841767277563 0.6997555125660646 0.032107577087609473 0.06513989533857312
0 0.4354450232284365 0.8598349933581304 0.04776098445973331 0.07084157938987046
0 0.37644001743370015 0.9601249098974523 0.04384905298530861 0.06966029900204629
0 0.617431640625 0.27294921875 0.03955078125 0.0263671875
0 0.48940180266379574 0.5634607322066331 0.06242930712021999 0.07502724021921203
0 0.4253684556701692 0.47108427288377924 0.04668215542008758 0.05321227491791447
0 0.8183407920416311 0.48076965068198374 0.05696162830499896 0.05814419062345344
0 0.8841517894291491 0.7107902430328814 0.04720452551663623 0.059097239653892686
0 0.7226749221759216 0.5761428599196591 0.04091652474809615 0.06901847933617788
0 0.66162109375 0.286376953125 0.0439453125 0.05322265625
0 0.860107421875 0.294677734375 0.03173828125 0.06982421875