0 0.08688394372116609 0.03391620670424772 0.08027732542468713 0.06278898779945463
0 0.31494140625 0.02099609375 0.046875 0.0419921875
0 0.3883950499284124 0.3630714034046105 0.05470488708923271 0.045981400433984465
0 0.7450579762094337 0.0806695634287588 0.06932525834460179 0.0861917015608813
0 0.6987210241038949 0.242174254289186 0.06839380708943155 0.04808302199616066
0 0.7233840536730434 0.34787177121937674 0.0610014083386361 0.04188251602535198
0 0.98779296875 0.419677734375 0.0244140625 0.04052734375
0 0.903810170348327 0.29276428853655034 0.0570330020936074 0.0782989311928668
0 0.8450406307686393 0.2631570299553601 0.06007029917249973 0.045743281895910815
0 0.9575551978487247 0.29233622815581417 0.03224394958923282 0.04493526545683757
0 0.8668782953731838 0.10783945460890393 0.05136078000676103 0.052169862230940334
0 0.8837890625 0.01318359375 0.04296875 0.0263671875
0 0.941650390625 0.016357421875 0.05126953125 0.03271484375
0 0.96826171875 0.05810546875 0.0634765625 0.0517578125
0 0.677001953125 0.431640625 0.06396484375 0.0166015625
0 0.8091962149158846 0.4046314916749194 0.04650637584042583 0.0543838478337344
0 0.993896484375 0.358642578125 0.01220703125 0.03759765625
0 0.3807653895309684 0.5974531348195353 0.052053601259147264 0.06977072929566097
0 0.26605838327003134 0.67272063998964 0.05301880042568141 0.06883965092510214
0 0.262451171875 0.962646484375 0.07568359375 0.07470703125
0 0.404811169960428 0.5042837306114025 0.054654094177669865 0.08355631461926383
0 0.555419921875 0.61669921875 0.01123046875 0.052734375
0 0.6475213832998594 0.5692144389705348 0.044314620837641705 0.03378506707485229
0 0.7208434562231546 0.5237748816139013 0.030268097922300896 0.04289117219795541
0 0.8807727816428703 0.5087505992775311 0.03468535583923282 0.04504897578044065
0 0.9231570041474441 0.477015010593501 0.039914407920908834 0.033092107242367
0 0.8793637282930984 0.6298443492775311 0.03911397708963049 0.04818334186292583
0 0.9554443545363374 0.6832195409386622 0.03771731334042583 0.05397449066876403
0 0.982177734375 0.79345703125 0.03564453125 0.072265625
0 0.6464375533100011 0.4944164394616525 0.0436107783408235 0.05717708294541107
0 0.558837890625 0.457763671875 0.01806640625 0.03564453125
0 0.7682327511835826 0.8176439625948416 0.024408722922300896 0.042618267421308476
0 0.7444085557567081 0.8917703980529743 0.033152332088437264 0.03912137458627907
0 0.7053463978457419 0.8479361033106073 0.028695302504374798 0.03354560225379366
0 0.6744934303389809 0.8963307827979313 0.040522004172300896 0.043368755557087635