0 0.5420673076923077 0.5697115384615384 0.04567307692307692 0.052884615384615384
0 0.49158653846153844 0.5637019230769231 0.04807692307692308 0.05048076923076923
0 0.47115384615384615 0.2920673076923077 0.0625 0.0673076923076923
0 0.5841346153846154 0.19110576923076922 0.04567307692307692 0.04807692307692308
0 0.6045673076923077 0.5576923076923077 0.04567307692307692 0.04326923076923077
0 0.34975961538461536 0.7463942307692307 0.04807692307692308 0.05048076923076923
0 0.4026442307692308 0.7992788461538461 0.052884615384615384 0.05048076923076923
0 0.30649038461538464 0.7620192307692307 0.055288461538461536 0.052884615384615384
0 0.37740384615384615 0.8533653846153846 0.040865384615384616 0.040865384615384616
0 0.4675480769230769 0.7331730769230769 0.057692307692307696 0.052884615384615384
0 0.1935096153846154 0.5240384615384616 0.06009615384615385 0.0673076923076923
0 0.15264423076923078 0.44471153846153844 0.0625 0.057692307692307696
0 0.16947115384615385 0.39302884615384615 0.06490384615384616 0.06490384615384616
0 0.25240384615384615 0.30649038461538464 0.055288461538461536 0.055288461538461536
0 0.6466346153846154 0.14423076923076922 0.057692307692307696 0.05048076923076923
0 0.5973557692307693 0.11899038461538461 0.0625 0.06009615384615385
0 0.6526442307692307 0.054086538461538464 0.052884615384615384 0.055288461538461536
0 0.7139423076923077 0.6850961538461539 0.05048076923076923 0.052884615384615384
0 0.6550480769230769 0.6129807692307693 0.0673076923076923 0.07932692307692307
0 0.5745192307692307 0.96875 0.0673076923076923 0.026442307692307692
0 0.5685096153846154 0.7824519230769231 0.06009615384615385 0.06009615384615385
0 0.34375 0.625 0.052884615384615384 0.04807692307692308
0 0.14182692307692307 0.5504807692307693 0.05048076923076923 0.055288461538461536
0 0.2764423076923077 0.7884615384615384 0.06971153846153846 0.07932692307692307
0 0.0673076923076923 0.5564903846153846 0.03125 0.06490384615384616
0 0.30528846153846156 0.23677884615384615 0.052884615384615384 0.05048076923076923
0 0.5492788461538461 0.33413461538461536 0.055288461538461536 0.06009615384615385
0 0.4170673076923077 0.8713942307692307 0.03365384615384615 0.03125
0 0.33533653846153844 0.9074519230769231 0.06009615384615385 0.06490384615384616