0 0.2095723233857646 0.33153064709071534 0.04467824750855076 0.06657550568347137
0 0.19996441669815201 0.1765960433025427 0.06184763459281206 0.07480647490759906
0 0.1072247271095158 0.13000037199225295 0.0343334345908235 0.05792598664899462
0 0.13968957752326594 0.11118648629272601 0.040442460838039596 0.037936328789384965
0 0.0976653525570712 0.35654298326073314 0.04303159042309623 0.05083093153568896
0 0.006103515625 0.401611328125 0.01220703125 0.04736328125
0 0.09055635296485576 0.29059514112034285 0.035792596674090627 0.05755727954677703
0 0.867519431293748 0.1665918341105262 0.06383450750417596 0.035943265153903003
0 0.7238855425485204 0.18998995957859244 0.03605929292150545 0.038554168846037795
0 0.743984275043748 0.15650774764754571 0.02862712250357935 0.028678954357125974
0 0.4213854842407068 0.353106818089858 0.032164406254971356 0.039211866951951446
0 0.8814757317194294 0.2340742514405676 0.07554757583744309 0.03641157708616194
0 0.879035009647497 0.317779620095742 0.06115481334042583 0.0571884918583383
0 0.8804948559088317 0.4013155718950028 0.06273897209181767 0.06756197225612048
0 0.795738458411218 0.41195839632362496 0.04668818917588036 0.07161775038051443
0 0.9356675583575274 0.028248566404819486 0.047318170005170135 0.041912310229036076
0 0.4587210996429234 0.2498102914814606 0.046324562504971356 0.04036775038051443
0 0.2529296875 0.98486328125 0.087890625 0.0302734375
0 0.03662109375 0.87939453125 0.0732421875 0.0517578125
0 0.6386238188007078 0.7091926828705203 0.032107931676675694 0.07628138390269079
0 0.6426450704915022 0.8870864900675635 0.039812480008749596 0.06764176894086349
0 0.5591710192303664 0.7983192297424896 0.03850069917150545 0.038753459092341735
0 0.4313372358867589 0.7122725431846836 0.04059018417309629 0.05063164128938502
0 0.5390625 0.5078125 0.0400390625 0.0556640625
0 0.4155939471524684 0.8266001677105559 0.05183769792329515 0.05301322017238319
0 0.7329981179632649 0.6866517069271141 0.0416292450071587 0.05608245113790655
0 0.5660992317542289 0.9744990602350976 0.03840411083704531 0.030452677842341735
0 0.8563752138118438 0.8089209067423121 0.0394886250049713 0.03980973769086349
0 0.5360446425445434 0.6554521943250148 0.03437888792468713 0.06183223664899473