0 0.859375 0.5745192307692307 0.06009615384615385 0.06490384615384616
0 0.8137019230769231 0.6850961538461539 0.040865384615384616 0.040865384615384616
0 0.8088942307692307 0.6189903846153846 0.057692307692307696 0.0625
0 0.7716346153846154 0.5685096153846154 0.057692307692307696 0.0625
0 0.9591346153846154 0.4254807692307692 0.06490384615384616 0.06490384615384616
0 0.921875 0.4254807692307692 0.057692307692307696 0.057692307692307696
0 0.6658653846153846 0.5252403846153846 0.06971153846153846 0.07451923076923077
0 0.625 0.41586538461538464 0.057692307692307696 0.0625
0 0.6959134615384616 0.5925480769230769 0.055288461538461536 0.055288461538461536
0 0.5649038461538461 0.5889423076923077 0.052884615384615384 0.05048076923076923
0 0.7211538461538461 0.7391826923076923 0.057692307692307696 0.055288461538461536
0 0.3329326923076923 0.4074519230769231 0.07692307692307693 0.07932692307692307
0 0.36778846153846156 0.3329326923076923 0.057692307692307696 0.057692307692307696
0 0.31850961538461536 0.26322115384615385 0.055288461538461536 0.055288461538461536
0 0.4050480769230769 0.1658653846153846 0.04326923076923077 0.04326923076923077
0 0.15985576923076922 0.6778846153846154 0.05048076923076923 0.05048076923076923
0 0.12620192307692307 0.6466346153846154 0.0625 0.0673076923076923
0 0.49278846153846156 0.6862980769230769 0.0625 0.0673076923076923
0 0.6274038461538461 0.8677884615384616 0.06490384615384616 0.06490384615384616
0 0.671875 0.8737980769230769 0.052884615384615384 0.05048076923076923
0 0.6129807692307693 0.9014423076923077 0.06009615384615385 0.06009615384615385