0 0.006591796875 0.14013671875 0.01318359375 0.0400390625
0 0.3623253176092853 0.13087053617005534 0.045902797657431105 0.04426967400204618
0 0.30166696423188233 0.3866939401019918 0.03591447530061975 0.031576437768463306
0 0.01904296875 0.500244140625 0.0380859375 0.03759765625
0 0.10274314854921807 0.5090809835773424 0.02714903614752373 0.039879295284880545
0 0.14828632456578117 0.537848779187472 0.02666075489752373 0.03985370554890233
0 0.3595414709501463 0.5296981110089773 0.03766852629071238 0.0282608279623755
0 0.42912236223404987 0.3547011632196556 0.04154152134907152 0.0362524561142219
0 0.5061102521030891 0.4202774857972997 0.038038235166254264 0.0346084842123755
0 0.5014483144001509 0.20779422030653133 0.01663917759907174 0.034947379579341464
0 0.4696006367304921 0.16954643932499466 0.01938859863870057 0.048721613523253604
0 0.57470703125 0.286376953125 0.0302734375 0.04638671875
0 0.4618839970379207 0.2853202750469508 0.030140417733437008 0.03273420468672672
0 0.2302444263253819 0.3091429701645672 0.036744026281889 0.03746140250444141
0 0.023447587234673994 0.03180056924251295 0.045798672675077645 0.025766165974002317
0 0.14452298532507546 0.09263240933213279 0.044556526281889 0.037870838280090136
0 0.44656837874736155 0.42291115233662147 0.038265748320434056 0.0385147342123755
0 0.4052734375 0.556396484375 0.0234375 0.00634765625
0 0.5581524560458135 0.41268216128362667 0.03650688153297299 0.05010553553248531
0 0.012451171875 0.4404296875 0.02490234375 0.0390625
0 0.1806640625 0.016845703125 0.0400390625 0.03369140625
0 0.6642441333801834 0.11965527582394792 0.05228370884907174 0.03681543030573886
0 0.6289697666456626 0.16531510063447707 0.04185435193606857 0.04162354986422184
0 0.599853515625 0.150146484375 0.02001953125 0.04443359375
0 0.7964983933693457 0.23928973633422634 0.04808343581161045 0.04827828294595837
0 0.6874515826283223 0.36475517865363827 0.048780422666254264 0.035171458403892464
0 0.60400390625 0.303466796875 0.0283203125 0.04541015625
0 0.6959046468343585 0.4285685602541871 0.08953527957043406 0.04120165649007057
0 0.8424309970908611 0.3449500720845753 0.04714975984798797 0.023889810181936477
0 0.8791745677328129 0.25734923924600217 0.037853152908514875 0.05650437125444141
0 0.9640641795521631 0.22904761314375605 0.05115050323560455 0.05914841912584867
0 0.8040246793668717 0.043205391722050714 0.051468149619969816 0.05624432136182671
0 0.7455634934934974 0.027284370761372495 0.045646845358978894 0.03987514275204623
0 0.97607421875 0.3642578125 0.0478515625 0.046875
0 0.957476385315628 0.40901867650593166 0.041451388118886046 0.043062803878243794
0 0.9681052718784755 0.46054825764854634 0.03234949503188922 0.037231094880638915
0 0.8597974232485985 0.5231789571338266 0.038829715408514875 0.05655555072639751
0 0.65385167652832 0.5237495092025406 0.07390546377306562 0.048657976452795015
0 0.00341796875 0.673583984375 0.0068359375 0.02978515625
0 0.0048828125 0.723876953125 0.009765625 0.02978515625
0 0.0234375 0.843017578125 0.046875 0.01123046875
0 0.014404296875 0.81884765625 0.02880859375 0.0244140625
0 0.12104442134844756 0.7674481527031911 0.03163370062770943 0.03329925514466092
0 0.18439759567662117 0.7495242289980011 0.03751669897461363 0.0423698047404194
0 0.23809408578451619 0.72188378349835 0.03651169733034121 0.041830344018463306
0 0.21149892949039928 0.6770324489070328 0.03180915129071238 0.027953751130638915
0 0.18736398699581813 0.6150145013577816 0.03789603944489217 0.0321670779623755
0 0.14892578125 0.568603515625 0.0283203125 0.01806640625
0 0.30052712026129735 0.6528950464309843 0.03507529272461363 0.04224185606052916
0 0.40381477646718045 0.6012368420695066 0.04113855753188922 0.037691710128243794
0 0.4628163060817313 0.6078805192801847 0.06730667102198185 0.035655587121058374
0 0.48291015625 0.568359375 0.0390625 0.017578125
0 0.534423828125 0.5654296875 0.02880859375 0.01171875
0 0.570068359375 0.610595703125 0.03955078125 0.03466796875
0 0.4959870874199652 0.6986323676379189 0.03714699009907152 0.0360221484904194
0 0.45871189335169893 0.7117820665862726 0.032150421021981845 0.033813126130638915
0 0.41907579466888145 0.7153196789504944 0.04033744569489217 0.032295026642265745
0 0.3921870709772408 0.708940204165265 0.03278571379071238 0.028004930602595013
0 0.4446278785797171 0.7446483724857238 0.04416319405944291 0.022759709266068184
0 0.532338692759283 0.776560954815763 0.0454665788986075 0.05349583828009008
0 0.45965611218993285 0.8042228375185579 0.03031105259907174 0.03566389218672672
0 0.46380913853358563 0.8332126356868214 0.040275751608978894 0.039593655656287696
0 0.6702007356074242 0.9109101354028931 0.05172891771579019 0.05236366109780466
0 0.695068359375 0.980712890625 0.04638671875 0.03857421875
0 0.8310516942623811 0.6649263748735008 0.024432414409598424 0.068457581411078
0 0.9076212616422581 0.6039590082267937 0.06314882888096074 0.07292057680334374
0 0.8564453125 0.566162109375 0.0537109375 0.01318359375
0 0.7517581517495291 0.931462224036625 0.04329993249659547 0.0748010851282438