0 0.09771708361557019 0.15175930201592217 0.04316308655573886 0.05170821477920656
0 0.2021484375 0.006591796875 0.0419921875 0.01318359375
0 0.3009458442869266 0.025303730672191806 0.038229094583782874 0.05056114070942265
0 0.337646484375 0.071044921875 0.02392578125 0.03466796875
0 0.3079359947417677 0.140015722108235 0.041881523490419514 0.0365544448722282
0 0.33642578125 0.16650390625 0.0263671875 0.0263671875
0 0.27798276621097984 0.2031869195327657 0.035687405656287696 0.039262467331509066
0 0.29749948234606016 0.26756563760247876 0.029132955252046067 0.044394844883811624
0 0.33984375 0.26806640625 0.01953125 0.0341796875
0 0.17063350788607967 0.2269918076319688 0.043062803878243905 0.04049479718618498
0 0.20739152992061127 0.3029978176144165 0.03563622618433171 0.038285904831509066
0 0.22169484325439415 0.35190499609693515 0.037847324810529326 0.033976629366401
0 0.26755938595274764 0.38699148571887976 0.017213639897056154 0.02155878193028693
0 0.3325651038121791 0.441954895032624 0.028516725322155878 0.04193638747683326
0 0.244384765625 0.50537109375 0.03173828125 0.0283203125
0 0.25316959661791816 0.49511245815499394 0.031139335990419514 0.03617931941870367
0 0.30554571531422536 0.4864349957013274 0.025045500833782874 0.05010075947100612
0 0.11059977668358645 0.4629138163647709 0.017778690354990134 0.023040676837265295
0 0.04193265031287702 0.3474205832080052 0.028695853474002275 0.04535435622683326
0 0.005126953125 0.3203125 0.01025390625 0.0498046875
0 0.015749470686028888 0.09983408944642175 0.021812889034880434 0.02561849234309249
0 0.408203125 0.0146484375 0.05078125 0.029296875
0 0.3834113926100821 0.18957712965108037 0.04544472559061931 0.07664466084316335
0 0.6552533493748018 0.07491160373735345 0.03702222445998038 0.046132507145465906
0 0.7024333499401214 0.08842846257440617 0.03987514275204618 0.04476997033733621
0 0.704403759610431 0.12602611882440617 0.04411821185259501 0.03273345065712019
0 0.5406421076429163 0.1654978672900812 0.0482167221419168 0.09233786547107692
0 0.512992682538624 0.039277942040152114 0.05367496643193648 0.0476888089827312
0 0.6664575012003524 0.30736758105131023 0.04118021928692661 0.0696723140873362
0 0.6610144653142254 0.39952253034785645 0.03573235632899241 0.06801990761057386
0 0.723876953125 0.499267578125 0.06689453125 0.04052734375
0 0.5811521140731082 0.4717742156911616 0.04272390851127794 0.06192801871524978
0 0.49762633070379436 0.14743301679022297 0.029256751399102277 0.06535683631985478
0 0.7417136999654212 0.14722527070800512 0.04500762381257539 0.07760417218618498
0 0.7171426210556916 0.27575795100462225 0.047406155656287696 0.03967169509899049
0 0.8030434754486552 0.20671962052757642 0.03491348477769496 0.05239490761057386
0 0.8341662013077378 0.3152079603647 0.03727604555334385 0.06027561223848754
0 0.8079746639657228 0.4501565015392307 0.04524623650204629 0.044957533064098554
0 0.9242111912017008 0.4465866074283733 0.044830571927146234 0.06492591084316324
0 0.9622549814838846 0.17376603988168532 0.04606718431976087 0.05132224047107692
0 0.9720316623549429 0.23897406234096624 0.02290909514910222 0.0651351712791357
0 0.982666015625 0.3359375 0.03466796875 0.0693359375
0 0.943359375 0.024658203125 0.0498046875 0.04931640625
0 0.85595703125 0.009765625 0.0556640625 0.01953125
0 0.1911095018508504 0.5737009922900812 0.03571507165868282 0.03049045598848754
0 0.17140602703722826 0.6551029052320225 0.028674416270858483 0.02634548979078999
0 0.20551517412854542 0.6245612957725998 0.025872677450748727 0.028684589098919577
0 0.2100936606021988 0.7212580344295783 0.03132054040868282 0.030336995575681924
0 0.19405989936552293 0.8260121915866274 0.02751872561901214 0.022893418726833037
0 0.22255726375095214 0.8377355881388591 0.026565676588573117 0.03260789025589794
0 0.34033203125 0.623046875 0.0185546875 0.0283203125
0 0.2570959347431162 0.6100415094759118 0.040288731060529104 0.03406188515129305
0 0.2958942323176673 0.640972184045554 0.02638654843672672 0.029189921505897942
0 0.645603162806691 0.6469447148420293 0.05618898935703642 0.06775949370366652
0 0.7480294850306933 0.687882821411459 0.05526360632899241 0.06870195388970979
0 0.9194964509824888 0.5527528991143457 0.04622072273562905 0.05425192797107692
0 0.9562772592981099 0.8718780204282315 0.05297781476127783 0.062286093011795884
0 0.5664863919027985 0.602746746487637 0.05346401974486081 0.07156343676179588
0 0.7703015875857344 0.8421734941090855 0.04817384773562905 0.0543201325989906
0 0.8229868593801954 0.8300610117484408 0.04871123219116802 0.0645740388489906
0 0.8938353421082902 0.9591749664342712 0.05598427146921203 0.06385324370366652