0 0.06921922536403652 0.2747697130915958 0.020860075837442982 0.04163813895768579
0 0.020697568278582046 0.29860499896804577 0.022745020836647534 0.033946929969528895
0 0.3157213711907414 0.3245305667601109 0.014478329587045202 0.037337693169195774
0 0.32505587369710476 0.2614847572068169 0.030512067502784124 0.029223760683567985
0 0.11042166118815622 0.36265674800363595 0.02089416583784076 0.04554438895768579
0 0.5369943733092056 0.04252797956538049 0.0386484225065622 0.0668182997309404
0 0.739990234375 0.018229166666666668 0.05029296875 0.036458333333333336
0 0.7070465845550298 0.07296096378207044 0.04001099625536897 0.05519051798982266
0 0.67403663622395 0.05288749431673637 0.024919730839232823 0.059458845981372
0 0.878443982460428 0.17293411532025052 0.0459442329228974 0.06401793269201865
0 0.7749955111941218 0.33942782068905225 0.04725567167110789 0.0465307759509009
0 0.6825008174530703 0.2573288415045601 0.0390798870892326 0.060338205817234446
0 0.6556336432805706 0.31625793683110864 0.04920879667110767 0.04665206696274401
0 0.6250136241098605 0.3578514891813433 0.07376490083943155 0.06444424627744934
0 0.7864525624353723 0.42460725186503295 0.0878284687549713 0.05425589777997845
0 0.9294287461957127 0.31422083075344776 0.046148430836249865 0.031496172111646015
0 0.9621670007907122 0.19766651847766412 0.035304315424090404 0.07506958212688157
0 0.40283203125 0.6598307291666666 0.0341796875 0.056640625
0 0.3962934591074744 0.765961850878481 0.0401928095908235 0.07602385132315599
0 0.2874585595361385 0.6549459286279884 0.0395965766728974 0.06362373690352847
0 0.2134560549610245 0.5788561431643201 0.03747868333764193 0.04462223755835204
0 0.34753454037537124 0.5933038444334406 0.033686066672300896 0.057400488867999165
0 0.29643011954966064 0.5216482645806161 0.04098755875536908 0.055251163495744215
0 0.7201910908159668 0.5655730788208704 0.03476489917349401 0.06917988437392082
0 0.7553473408159668 0.5633898406076946 0.025720161670511166 0.03933719982062689
0 0.791259765625 0.5208333333333334 0.04833984375 0.0625
0 0.9096211470600011 0.6123712779191294 0.0541370625049713 0.0521636278256851
0 0.9089844582968767 0.7412472051661686 0.035344087091221166 0.07962687379354823
0 0.8779269507877293 0.8329709658497366 0.03655325583823843 0.05042096705243063
0 0.8799706403664227 0.8783922687515994 0.04733521500536897 0.05564535928423423
0 0.8090682732932973 0.7825892967701664 0.06449323875616453 0.06451915563786148
0 0.7322824361971048 0.9135914068124197 0.050548985842016614 0.08837937913533238
0 0.691545897045087 0.772318955233713 0.04441689083883493 0.056765506099803055
0 0.6053353349528715 0.8648650203351819 0.02895097750735759 0.07402434467172488
0 0.990966796875 0.7727864583333334 0.01806640625 0.08463541666666667