0 0.5769230769230769 0.3401442307692308 0.06971153846153846 0.08413461538461539
0 0.6189903846153846 0.40865384615384615 0.05048076923076923 0.0625
0 0.6237980769230769 0.5492788461538461 0.040865384615384616 0.05048076923076923
0 0.8377403846153846 0.49759615384615385 0.04326923076923077 0.052884615384615384
0 0.9627403846153846 0.5240384615384616 0.052884615384615384 0.055288461538461536
0 0.7475961538461539 0.7391826923076923 0.055288461538461536 0.06971153846153846
0 0.5709134615384616 0.7211538461538461 0.05048076923076923 0.07451923076923077
0 0.4387019230769231 0.4723557692307692 0.040865384615384616 0.05048076923076923
0 0.39302884615384615 0.25961538461538464 0.040865384615384616 0.052884615384615384
0 0.3762019230769231 0.796875 0.04326923076923077 0.07211538461538461
0 0.49158653846153844 0.8233173076923077 0.038461538461538464 0.04326923076923077