0 0.14423076923076922 0.08052884615384616 0.057692307692307696 0.07692307692307693
0 0.16466346153846154 0.328125 0.052884615384615384 0.09134615384615384
0 0.20072115384615385 0.35216346153846156 0.052884615384615384 0.055288461538461536
0 0.33653846153846156 0.30528846153846156 0.07211538461538461 0.07932692307692307
0 0.38822115384615385 0.4735576923076923 0.07932692307692307 0.10336538461538461
0 0.10216346153846154 0.7956730769230769 0.06009615384615385 0.09615384615384616
0 0.3786057692307692 0.7524038461538461 0.057692307692307696 0.06009615384615385
0 0.3016826923076923 0.9435096153846154 0.057692307692307696 0.04326923076923077
0 0.640625 0.8810096153846154 0.057692307692307696 0.06009615384615385
0 0.8377403846153846 0.8653846153846154 0.07211538461538461 0.05048076923076923
0 0.6478365384615384 0.4807692307692308 0.07451923076923077 0.09134615384615384
0 0.6586538461538461 0.10336538461538461 0.0625 0.10096153846153846
0 0.8413461538461539 0.3954326923076923 0.036057692307692304 0.057692307692307696