0 0.26773049645390073 0.3693484042553192 0.0673758865248227 0.11768617021276596
0 0.125 0.3347739361702128 0.06205673758865248 0.06715425531914894
0 0.025709219858156027 0.35006648936170215 0.03900709219858156 0.08710106382978723
0 0.2992021276595745 0.05884308510638298 0.07712765957446809 0.09109042553191489
0 0.4095744680851064 0.0495345744680851 0.09042553191489362 0.05651595744680851
0 0.6586879432624113 0.09175531914893617 0.05319148936170213 0.08377659574468085
0 0.8182624113475178 0.19481382978723405 0.05319148936170213 0.08111702127659574
0 0.6644503546099291 0.5026595744680851 0.05230496453900709 0.0678191489361702
0 0.6223404255319149 0.616688829787234 0.0797872340425532 0.08710106382978723
0 0.6117021276595744 0.7257313829787234 0.06382978723404255 0.08577127659574468
0 0.6108156028368794 0.8853058510638298 0.0673758865248227 0.08444148936170212
0 0.524822695035461 0.6339760638297872 0.07092198581560284 0.12699468085106383
0 0.4920212765957447 0.2722739361702128 0.0851063829787234 0.13763297872340424
0 0.6502659574468085 0.2722739361702128 0.06294326241134751 0.1110372340425532
0 0.7637411347517731 0.5249335106382979 0.07358156028368794 0.10438829787234043
0 0.8054078014184397 0.6399601063829787 0.054078014184397165 0.08045212765957446
0 0.7256205673758865 0.6758643617021277 0.05230496453900709 0.11236702127659574
0 0.9144503546099291 0.683843085106383 0.10017730496453901 0.09375
0 0.2779255319148936 0.6592420212765957 0.04343971631205674 0.06848404255319149
0 0.2375886524822695 0.785904255319149 0.07624113475177305 0.0425531914893617
0 0.08554964539007093 0.6991356382978723 0.08067375886524823 0.10039893617021277
0 0.03280141843971631 0.11735372340425532 0.05851063829787234 0.10039893617021277
