0 0.5109375 0.318359375 0.08229166666666667 0.10234375
0 0.49947916666666664 0.057421875 0.08229166666666667 0.07265625
0 0.3609375 0.03828125 0.08020833333333334 0.0421875
0 0.04635416666666667 0.323828125 0.059375 0.07421875
0 0.14322916666666666 0.328125 0.059375 0.0671875
0 0.075 0.637890625 0.0625 0.15078125
0 0.19791666666666666 0.719140625 0.07083333333333333 0.05703125
0 0.24322916666666666 0.61953125 0.053125 0.0921875
0 0.2828125 0.386328125 0.06354166666666666 0.11796875
0 0.446875 0.62734375 0.06875 0.084375
0 0.5348958333333333 0.6296875 0.078125 0.0671875
0 0.47239583333333335 0.559375 0.051041666666666666 0.0625
0 0.5859375 0.558984375 0.05520833333333333 0.05546875
0 0.6848958333333334 0.578125 0.08854166666666667 0.0703125
0 0.7557291666666667 0.707421875 0.06979166666666667 0.09140625
0 0.6776041666666667 0.676953125 0.042708333333333334 0.06796875
0 0.6078125 0.69140625 0.051041666666666666 0.075
0 0.5 0.7 0.05 0.0765625
0 0.471875 0.814453125 0.07291666666666667 0.04921875
0 0.9140625 0.656640625 0.051041666666666666 0.06328125
0 0.8494791666666667 0.291796875 0.059375 0.11640625
0 0.7302083333333333 0.126953125 0.11041666666666666 0.10859375
0 0.6630208333333333 0.34140625 0.07395833333333333 0.075
0 0.9182291666666667 0.0390625 0.06770833333333333 0.059375
