0 0.2841312056737589 0.7649601063829787 0.057624113475177305 0.09242021276595745
0 0.21143617021276595 0.6313164893617021 0.10372340425531915 0.08444148936170212
0 0.2983156028368794 0.26496010638297873 0.06648936170212766 0.12300531914893617
0 0.43572695035460995 0.3071808510638298 0.05230496453900709 0.07845744680851063
0 0.4250886524822695 0.35006648936170215 0.054078014184397165 0.049867021276595744
0 0.49024822695035464 0.453125 0.0673758865248227 0.08178191489361702
0 0.6538120567375887 0.19049202127659576 0.05939716312056738 0.08178191489361702
0 0.6196808510638298 0.5957446808510638 0.06560283687943262 0.061170212765957445
0 0.5146276595744681 0.6798537234042553 0.09840425531914894 0.07513297872340426
0 0.43617021276595747 0.8075132978723404 0.05673758865248227 0.0990691489361702
0 0.36524822695035464 0.8434175531914894 0.051418439716312055 0.08577127659574468
0 0.4867021276595745 0.898936170212766 0.047872340425531915 0.07047872340425532
0 0.5722517730496454 0.9055851063829787 0.04875886524822695 0.08643617021276596
0 0.6843971631205674 0.953125 0.04609929078014184 0.07247340425531915
0 0.8679078014184397 0.6901595744680851 0.06205673758865248 0.06515957446808511
0 0.7606382978723404 0.6758643617021277 0.0673758865248227 0.059175531914893616
