0 0.2916666666666667 0.42386968085106386 0.07092198581560284 0.10837765957446809
0 0.46187943262411346 0.4158909574468085 0.06382978723404255 0.12433510638297872
0 0.6298758865248227 0.33211436170212766 0.07180851063829788 0.0884308510638298
0 0.4645390070921986 0.21841755319148937 0.08865248226950355 0.08045212765957446
0 0.2078900709219858 0.18716755319148937 0.07535460992907801 0.11236702127659574
0 0.0726950354609929 0.20545212765957446 0.06028368794326241 0.08643617021276596
0 0.3408687943262411 0.02559840425531915 0.06294326241134751 0.04853723404255319
0 0.6081560283687943 0.09308510638297872 0.06028368794326241 0.08643617021276596
0 0.9188829787234043 0.26163563829787234 0.06648936170212766 0.10305851063829788
0 0.9698581560283688 0.5847739361702128 0.0549645390070922 0.08577127659574468
0 0.9206560283687943 0.7676196808510638 0.06648936170212766 0.09507978723404255
0 0.7322695035460993 0.8613696808510638 0.10460992907801418 0.06582446808510638
0 0.6245567375886525 0.832779255319149 0.03280141843971631 0.11236702127659574
0 0.5815602836879432 0.6951462765957447 0.0851063829787234 0.09507978723404255
0 0.5429964539007093 0.8886303191489362 0.041666666666666664 0.11236702127659574
0 0.4073581560283688 0.9152260638297872 0.057624113475177305 0.09773936170212766
0 0.31117021276595747 0.8134973404255319 0.07801418439716312 0.10039893617021277
0 0.3067375886524823 0.7041223404255319 0.040780141843971635 0.07712765957446809
0 0.4317375886524823 0.7938829787234043 0.06028368794326241 0.061170212765957445
0 0.4676418439716312 0.6851728723404256 0.05053191489361702 0.09640957446808511
0 0.06161347517730496 0.551529255319149 0.038120567375886524 0.0990691489361702
0 0.06338652482269504 0.8527260638297872 0.04343971631205674 0.08577127659574468
