0 0.41932624113475175 0.40691489361702127 0.07624113475177305 0.07446808510638298
0 0.6688829787234043 0.4810505319148936 0.061170212765957445 0.09773936170212766
0 0.7699468085106383 0.1346409574468085 0.061170212765957445 0.05518617021276596
0 0.7601950354609929 0.1023936170212766 0.05053191489361702 0.022606382978723406
0 0.5172872340425532 0.7403590425531915 0.06648936170212766 0.08311170212765957
0 0.36569148936170215 0.8131648936170213 0.06294326241134751 0.07313829787234043
0 0.3337765957446808 0.6339760638297872 0.07180851063829788 0.09507978723404255
0 0.15336879432624115 0.7430186170212766 0.051418439716312055 0.08311170212765957
0 0.0425531914893617 0.715093085106383 0.07092198581560284 0.08577127659574468
0 0.14450354609929078 0.9690824468085106 0.05673758865248227 0.059175531914893616
0 0.46143617021276595 0.9511303191489362 0.07358156028368794 0.08178191489361702
0 0.7194148936170213 0.9418218085106383 0.05585106382978723 0.09773936170212766
0 0.8599290780141844 0.7689494680851063 0.06028368794326241 0.09507978723404255
0 0.9725177304964538 0.6200132978723404 0.04964539007092199 0.09640957446808511
