0 0.3519503546099291 0.5535239361702128 0.06382978723404255 0.12433510638297872
0 0.29476950354609927 0.8204787234042553 0.05939716312056738 0.05851063829787234
0 0.17109929078014185 0.8793218085106383 0.06028368794326241 0.09640957446808511
0 0.09308510638297872 0.746343085106383 0.05673758865248227 0.0764627659574468
0 0.10505319148936171 0.5322473404255319 0.08953900709219859 0.10837765957446809
0 0.6759751773049646 0.6732047872340425 0.04875886524822695 0.059175531914893616
0 0.726063829787234 0.6818484042553191 0.06028368794326241 0.08710106382978723
0 0.7624113475177305 0.7905585106382979 0.044326241134751775 0.041223404255319146
0 0.7965425531914894 0.7918882978723404 0.05230496453900709 0.0625
0 0.8426418439716312 0.8065159574468085 0.05585106382978723 0.06515957446808511
0 0.8887411347517731 0.9571143617021277 0.0398936170212766 0.06449468085106383
0 0.5039893617021277 0.9697473404255319 0.05230496453900709 0.05784574468085106
