0 0.19148936170212766 0.24102393617021275 0.051418439716312055 0.05651595744680851
0 0.25842198581560283 0.4128989361702128 0.038120567375886524 0.0598404255319149
0 0.21941489361702127 0.5066489361702128 0.0398936170212766 0.0625
0 0.36613475177304966 0.5342420212765957 0.03900709219858156 0.04055851063829787
0 0.3829787234042553 0.29055851063829785 0.030141843971631204 0.04521276595744681
0 0.4583333333333333 0.34873670212765956 0.0425531914893617 0.03922872340425532
0 0.4379432624113475 0.465093085106383 0.03546099290780142 0.04720744680851064
0 0.4804964539007092 0.5335771276595744 0.03723404255319149 0.049867021276595744
0 0.42819148936170215 0.5904255319148937 0.028368794326241134 0.05053191489361702
0 0.42021276595744683 0.6439494680851063 0.031914893617021274 0.045877659574468085
0 0.35593971631205673 0.6908244680851063 0.05230496453900709 0.05053191489361702
0 0.3608156028368794 0.8693484042553191 0.03723404255319149 0.049867021276595744
0 0.2473404255319149 0.7496675531914894 0.04964539007092199 0.03789893617021277
0 0.16134751773049646 0.7682845744680851 0.03723404255319149 0.0511968085106383
0 0.12987588652482268 0.7722739361702128 0.04343971631205674 0.059175531914893616
0 0.09884751773049645 0.8287898936170213 0.0398936170212766 0.045877659574468085
0 0.06604609929078015 0.6968085106382979 0.04698581560283688 0.07845744680851063
0 0.5057624113475178 0.785904255319149 0.038120567375886524 0.03723404255319149
0 0.525709219858156 0.8158244680851063 0.047872340425531915 0.03324468085106383
0 0.4601063829787234 0.8487367021276596 0.04609929078014184 0.04321808510638298
0 0.5217198581560284 0.8936170212765957 0.038120567375886524 0.04920212765957447
0 0.5611702127659575 0.7732712765957447 0.040780141843971635 0.03856382978723404
0 0.5625 0.7250664893617021 0.0398936170212766 0.05784574468085106
0 0.6165780141843972 0.6818484042553191 0.061170212765957445 0.07912234042553191
0 0.5735815602836879 0.6037234042553191 0.051418439716312055 0.047872340425531915
0 0.5921985815602837 0.5501994680851063 0.05319148936170213 0.04321808510638298
0 0.56427304964539 0.48736702127659576 0.04521276595744681 0.05319148936170213
0 0.5695921985815603 0.4002659574468085 0.038120567375886524 0.05053191489361702
0 0.5824468085106383 0.23570478723404256 0.030141843971631204 0.0538563829787234
0 0.6023936170212766 0.26861702127659576 0.034574468085106384 0.030585106382978722
0 0.62677304964539 0.29853723404255317 0.03723404255319149 0.0398936170212766
0 0.648936170212766 0.31981382978723405 0.040780141843971635 0.03723404255319149
0 0.7907801418439716 0.3327792553191489 0.03723404255319149 0.05784574468085106
0 0.713209219858156 0.30186170212765956 0.03634751773049645 0.05186170212765957
0 0.8421985815602837 0.2509973404255319 0.05319148936170213 0.04720744680851064
0 0.8639184397163121 0.3071808510638298 0.0398936170212766 0.03590425531914894
0 0.8865248226950354 0.29654255319148937 0.044326241134751775 0.03590425531914894
0 0.910904255319149 0.25631648936170215 0.05053191489361702 0.03922872340425532
0 0.9038120567375887 0.4009308510638298 0.03280141843971631 0.07047872340425532
0 0.9343971631205674 0.40824468085106386 0.03368794326241135 0.031914893617021274
0 0.9539007092198581 0.5186170212765957 0.04609929078014184 0.03324468085106383
0 0.8554964539007093 0.5206117021276596 0.026595744680851064 0.047872340425531915
0 0.8249113475177305 0.4611037234042553 0.03634751773049645 0.06316489361702128
0 0.8262411347517731 0.39228723404255317 0.0425531914893617 0.05585106382978723
0 0.7562056737588653 0.5375664893617021 0.030141843971631204 0.06050531914893617
0 0.737145390070922 0.5751329787234043 0.03634751773049645 0.041223404255319146
0 0.7296099290780141 0.6303191489361702 0.044326241134751775 0.034574468085106384
0 0.7814716312056738 0.6399601063829787 0.03102836879432624 0.03523936170212766
0 0.787677304964539 0.6070478723404256 0.03634751773049645 0.0598404255319149
0 0.850177304964539 0.5857712765957447 0.0425531914893617 0.03856382978723404
0 0.8528368794326241 0.6269946808510638 0.051418439716312055 0.03856382978723404
0 0.8249113475177305 0.5482047872340425 0.041666666666666664 0.05518617021276596
0 0.7783687943262412 0.7293882978723404 0.03900709219858156 0.031914893617021274
0 0.7819148936170213 0.7898936170212766 0.047872340425531915 0.047872340425531915
0 0.8164893617021277 0.886968085106383 0.026595744680851064 0.04920212765957447
0 0.8435283687943262 0.8916223404255319 0.05585106382978723 0.0425531914893617
0 0.9592198581560284 0.9188829787234043 0.05851063829787234 0.041223404255319146
