0 0.24512411347517732 0.028257978723404256 0.041666666666666664 0.0511968085106383
0 0.31427304964539005 0.04288563829787234 0.06471631205673758 0.0538563829787234
0 0.3882978723404255 0.13065159574468085 0.04609929078014184 0.05518617021276596
0 0.4445921985815603 0.13397606382978725 0.05053191489361702 0.06981382978723404
0 0.4942375886524823 0.1466090425531915 0.07358156028368794 0.08178191489361702
0 0.262854609929078 0.1778590425531915 0.054078014184397165 0.09375
0 0.17464539007092197 0.3949468085106383 0.06205673758865248 0.08776595744680851
0 0.2220744680851064 0.6505984042553191 0.06294326241134751 0.08311170212765957
0 0.17464539007092197 0.8071808510638298 0.05673758865248227 0.07446808510638298
0 0.03368794326241135 0.8882978723404256 0.0673758865248227 0.07313829787234043
0 0.3683510638297872 0.8680186170212766 0.07712765957446809 0.049867021276595744
0 0.386968085106383 0.913563829787234 0.07712765957446809 0.0598404255319149
0 0.3173758865248227 0.7529920212765957 0.05851063829787234 0.0764627659574468
0 0.48093971631205673 0.6638962765957447 0.05053191489361702 0.059175531914893616
0 0.5310283687943262 0.5242686170212766 0.06560283687943262 0.07912234042553191
0 0.4348404255319149 0.4504654255319149 0.07358156028368794 0.06050531914893617
0 0.47606382978723405 0.39694148936170215 0.051418439716312055 0.07579787234042554
0 0.5217198581560284 0.33876329787234044 0.041666666666666664 0.06981382978723404
0 0.5939716312056738 0.28257978723404253 0.03900709219858156 0.06382978723404255
0 0.5895390070921985 0.7543218085106383 0.047872340425531915 0.06848404255319149
0 0.6325354609929078 0.770279255319149 0.041666666666666664 0.07912234042553191
0 0.7154255319148937 0.652593085106383 0.040780141843971635 0.052526595744680854
0 0.75 0.6692154255319149 0.03723404255319149 0.05651595744680851
0 0.7734929078014184 0.7676196808510638 0.054078014184397165 0.06582446808510638
