0 0.42065602836879434 0.6200132978723404 0.08776595744680851 0.0990691489361702
0 0.4574468085106383 0.792220744680851 0.09219858156028368 0.11236702127659574
0 0.3249113475177305 0.5748005319148937 0.04875886524822695 0.1110372340425532
0 0.6223404255319149 0.5748005319148937 0.0851063829787234 0.14827127659574468
0 0.7273936170212766 0.39561170212765956 0.09308510638297872 0.08909574468085106
0 0.8054078014184397 0.5402260638297872 0.06294326241134751 0.05518617021276596
0 0.786790780141844 0.6901595744680851 0.08776595744680851 0.05186170212765957
0 0.7903368794326241 0.7476728723404256 0.07890070921985816 0.06848404255319149
0 0.9813829787234043 0.5129654255319149 0.03546099290780142 0.08577127659574468
0 0.7792553191489362 0.1196808510638298 0.06382978723404255 0.0598404255319149
0 0.49556737588652483 0.13065159574468085 0.06028368794326241 0.09507978723404255
0 0.1400709219858156 0.1692154255319149 0.07092198581560284 0.1110372340425532
0 0.07358156028368794 0.40226063829787234 0.06205673758865248 0.08377659574468085
0 0.053634751773049646 0.5132978723404256 0.09663120567375887 0.06515957446808511
0 0.10372340425531915 0.6226728723404256 0.0549645390070922 0.061835106382978726
0 0.053634751773049646 0.784906914893617 0.07890070921985816 0.0711436170212766
0 0.23138297872340424 0.6103723404255319 0.05851063829787234 0.07446808510638298
0 0.15913120567375885 0.5106382978723404 0.05939716312056738 0.0625
0 0.22118794326241134 0.4384973404255319 0.05230496453900709 0.08710106382978723
0 0.32845744680851063 0.4617686170212766 0.07180851063829788 0.08045212765957446
