0 0.5673758865248227 0.2509973404255319 0.07801418439716312 0.07912234042553191
0 0.6374113475177305 0.35871010638297873 0.06205673758865248 0.06715425531914894
0 0.7207446808510638 0.277593085106383 0.047872340425531915 0.08178191489361702
0 0.8723404255319149 0.1924867021276596 0.07092198581560284 0.08577127659574468
0 0.8563829787234043 0.0442154255319149 0.0549645390070922 0.04055851063829787
0 0.44104609929078015 0.1299867021276596 0.0700354609929078 0.07779255319148937
0 0.40425531914893614 0.26496010638297873 0.047872340425531915 0.0990691489361702
0 0.32978723404255317 0.29654255319148937 0.06382978723404255 0.07313829787234043
0 0.17952127659574468 0.2872340425531915 0.06294326241134751 0.0678191489361702
0 0.18882978723404256 0.5049867021276596 0.03723404255319149 0.09109042553191489
0 0.16090425531914893 0.5495345744680851 0.0398936170212766 0.06848404255319149
0 0.05939716312056738 0.5362367021276596 0.040780141843971635 0.06050531914893617
0 0.04920212765957447 0.6246675531914894 0.04521276595744681 0.0764627659574468
0 0.33067375886524825 0.8653590425531915 0.06560283687943262 0.06582446808510638
0 0.33687943262411346 0.9022606382978723 0.06382978723404255 0.05319148936170213
0 0.42730496453900707 0.7529920212765957 0.06028368794326241 0.06582446808510638
0 0.56427304964539 0.777593085106383 0.038120567375886524 0.05651595744680851
0 0.5425531914893617 0.6914893617021277 0.047872340425531915 0.05186170212765957
0 0.4658687943262411 0.9704122340425532 0.05053191489361702 0.0511968085106383
0 0.4401595744680851 0.5026595744680851 0.04875886524822695 0.08377659574468085
0 0.31693262411347517 0.511968085106383 0.05053191489361702 0.0598404255319149
0 0.26595744680851063 0.5382313829787234 0.03900709219858156 0.06715425531914894
0 0.5429964539007093 0.394281914893617 0.054078014184397165 0.0625
0 0.6431737588652482 0.558843085106383 0.034574468085106384 0.06848404255319149
0 0.6812943262411347 0.6180186170212766 0.05585106382978723 0.0764627659574468
0 0.7327127659574468 0.504654255319149 0.03280141843971631 0.06648936170212766
0 0.7495567375886525 0.5851063829787234 0.04875886524822695 0.06914893617021277
0 0.7721631205673759 0.6658909574468085 0.047872340425531915 0.06848404255319149
0 0.836436170212766 0.7689494680851063 0.04521276595744681 0.05518617021276596
0 0.8448581560283688 0.6240026595744681 0.03368794326241135 0.07513297872340426
0 0.8111702127659575 0.5019946808510638 0.05851063829787234 0.0797872340425532
0 0.8789893617021277 0.5767952127659575 0.03280141843971631 0.061835106382978726
0 0.9485815602836879 0.566156914893617 0.05673758865248227 0.0990691489361702
