0 0.19370567375886524 0.2317154255319149 0.08067375886524823 0.06715425531914894
0 0.3195921985815603 0.3068484042553192 0.0700354609929078 0.09109042553191489
0 0.3967198581560284 0.2888962765957447 0.041666666666666664 0.08577127659574468
0 0.46852836879432624 0.36668882978723405 0.0700354609929078 0.09109042553191489
0 0.5713652482269503 0.3660239361702128 0.061170212765957445 0.08178191489361702
0 0.7021276595744681 0.4278590425531915 0.05319148936170213 0.10039893617021277
0 0.6471631205673759 0.6745345744680851 0.03368794326241135 0.09375
0 0.4725177304964539 0.683843085106383 0.0673758865248227 0.09640957446808511
0 0.2854609929078014 0.7450132978723404 0.07801418439716312 0.06582446808510638
0 0.2646276595744681 0.7842420212765957 0.06648936170212766 0.06981382978723404
0 0.3351063829787234 0.909906914893617 0.06382978723404255 0.08976063829787234
0 0.8444148936170213 0.6685505319148937 0.07535460992907801 0.06050531914893617
0 0.9321808510638298 0.664561170212766 0.057624113475177305 0.08178191489361702
0 0.9827127659574468 0.7396941489361702 0.03102836879432624 0.07912234042553191
0 0.9472517730496454 0.11136968085106383 0.09840425531914894 0.09375
0 0.8151595744680851 0.09640957446808511 0.09131205673758866 0.08244680851063829
