0 0.4354166666666667 0.346875 0.07291666666666667 0.096875
0 0.3260416666666667 0.2625 0.07083333333333333 0.0515625
0 0.2578125 0.34296875 0.04895833333333333 0.0828125
0 0.184375 0.6015625 0.04375 0.1015625
0 0.3223958333333333 0.677734375 0.071875 0.09296875
0 0.4276041666666667 0.682421875 0.08229166666666667 0.09140625
0 0.5057291666666667 0.75703125 0.040625 0.103125
0 0.5760416666666667 0.751171875 0.06458333333333334 0.12578125
0 0.7010416666666667 0.83359375 0.058333333333333334 0.1078125
0 0.6359375 0.28203125 0.07395833333333333 0.05625
0 0.6572916666666667 0.248046875 0.0375 0.06328125
0 0.6708333333333333 0.125390625 0.04791666666666667 0.07890625
0 0.5885416666666666 0.12421875 0.06458333333333334 0.08125
0 0.040625 0.35390625 0.08125 0.0796875
0 0.0234375 0.274609375 0.042708333333333334 0.06328125
0 0.06822916666666666 0.172265625 0.053125 0.06484375
