0 0.1196808510638298 0.3394281914893617 0.0726950354609929 0.10305851063829788
0 0.031471631205673756 0.23304521276595744 0.038120567375886524 0.061835106382978726
0 0.017287234042553192 0.17054521276595744 0.03102836879432624 0.05784574468085106
0 0.21941489361702127 0.02892287234042553 0.04698581560283688 0.05784574468085106
0 0.01773049645390071 0.703125 0.03546099290780142 0.10438829787234043
0 0.10948581560283688 0.7842420212765957 0.054078014184397165 0.0884308510638298
0 0.17375886524822695 0.7430186170212766 0.03723404255319149 0.08577127659574468
0 0.2424645390070922 0.8148271276595744 0.04343971631205674 0.08976063829787234
0 0.3448581560283688 0.8058510638297872 0.047872340425531915 0.0797872340425532
0 0.47650709219858156 0.8553856382978723 0.057624113475177305 0.11236702127659574
0 0.6821808510638298 0.7749335106382979 0.06294326241134751 0.08311170212765957
0 0.8311170212765957 0.5874335106382979 0.06648936170212766 0.0884308510638298
0 0.9725177304964538 0.703125 0.05319148936170213 0.0990691489361702
0 0.9698581560283688 0.4973404255319149 0.0549645390070922 0.07845744680851063
0 0.7593085106382979 0.4132313829787234 0.061170212765957445 0.08710106382978723
0 0.6196808510638298 0.546875 0.07092198581560284 0.09773936170212766
0 0.49024822695035464 0.5408909574468085 0.06382978723404255 0.10172872340425532
0 0.324468085106383 0.49867021276595747 0.0549645390070922 0.10638297872340426
0 0.24157801418439717 0.5761303191489362 0.04875886524822695 0.08444148936170212
0 0.7717198581560284 0.15658244680851063 0.08599290780141844 0.08311170212765957
