0 0.4219858156028369 0.42253989361702127 0.07624113475177305 0.09773936170212766
0 0.22828014184397163 0.42386968085106386 0.05585106382978723 0.06848404255319149
0 0.26684397163120566 0.6030585106382979 0.06028368794326241 0.07579787234042554
0 0.18927304964539007 0.7177526595744681 0.054078014184397165 0.06981382978723404
0 0.09663120567375887 0.71875 0.06560283687943262 0.061170212765957445
0 0.2522163120567376 0.8733377659574468 0.061170212765957445 0.08178191489361702
0 0.11436170212765957 0.9517952127659575 0.03723404255319149 0.06449468085106383
0 0.3603723404255319 0.8626994680851063 0.061170212765957445 0.0764627659574468
0 0.3546099290780142 0.7184175531914894 0.06028368794326241 0.0711436170212766
0 0.449468085106383 0.6439494680851063 0.047872340425531915 0.08045212765957446
0 0.4676418439716312 0.7898936170212766 0.04521276595744681 0.06914893617021277
0 0.651595744680851 0.7490026595744681 0.05851063829787234 0.06050531914893617
0 0.9379432624113475 0.8693484042553191 0.06028368794326241 0.08976063829787234
0 0.9051418439716312 0.9793882978723404 0.05319148936170213 0.030585106382978722
0 0.8594858156028369 0.8031914893617021 0.06648936170212766 0.023936170212765957
0 0.6976950354609929 0.9504654255319149 0.04964539007092199 0.07779255319148937
0 0.7070035460992907 0.5884308510638298 0.057624113475177305 0.04920212765957447
0 0.7646276595744681 0.4730718085106383 0.04521276595744681 0.0711436170212766
0 0.8209219858156028 0.5535239361702128 0.0425531914893617 0.06050531914893617
0 0.8541666666666666 0.5442154255319149 0.04343971631205674 0.049867021276595744
0 0.8945035460992907 0.5668218085106383 0.04609929078014184 0.04188829787234043
0 0.976063829787234 0.679188829787234 0.03723404255319149 0.06582446808510638
0 0.9304078014184397 0.7207446808510638 0.03280141843971631 0.057180851063829786
0 0.8909574468085106 0.7549867021276596 0.05673758865248227 0.07247340425531915
