0 0.24468085106382978 0.31216755319148937 0.09042553191489362 0.12034574468085106
0 0.1622340425531915 0.7503324468085106 0.1099290780141844 0.11369680851063829
0 0.24645390070921985 0.9258643617021277 0.08865248226950355 0.08710106382978723
0 0.4046985815602837 0.4009308510638298 0.061170212765957445 0.057180851063829786
0 0.488031914893617 0.5162898936170213 0.06648936170212766 0.09507978723404255
0 0.6374113475177305 0.2170877659574468 0.08156028368794327 0.11502659574468085
0 0.6710992907801419 0.6891622340425532 0.08156028368794327 0.10438829787234043
0 0.5465425531914894 0.7918882978723404 0.10017730496453901 0.12234042553191489
0 0.849290780141844 0.7749335106382979 0.07801418439716312 0.10970744680851063
0 0.9694148936170213 0.7962101063829787 0.05939716312056738 0.10172872340425532
