0 0.36436170212765956 0.3234707446808511 0.07801418439716312 0.08710106382978723
0 0.48271276595744683 0.4152260638297872 0.08599290780141844 0.08577127659574468
0 0.4299645390070922 0.609375 0.07801418439716312 0.0884308510638298
0 0.30851063829787234 0.864029255319149 0.07446808510638298 0.0711436170212766
0 0.3346631205673759 0.926529255319149 0.06471631205673758 0.06981382978723404
0 0.24113475177304963 0.7210771276595744 0.06382978723404255 0.0711436170212766
0 0.1077127659574468 0.5924202127659575 0.06826241134751773 0.07313829787234043
0 0.03368794326241135 0.25831117021276595 0.04964539007092199 0.10970744680851063
0 0.8311170212765957 0.7237367021276596 0.07180851063829788 0.10571808510638298
0 0.5425531914893617 0.12400265957446809 0.044326241134751775 0.10039893617021277
0 0.4605496453900709 0.17852393617021275 0.0700354609929078 0.09242021276595745
