0 0.3599290780141844 0.39561170212765956 0.047872340425531915 0.07313829787234043
0 0.26019503546099293 0.465093085106383 0.06471631205673758 0.0711436170212766
0 0.1981382978723404 0.4484707446808511 0.03634751773049645 0.04055851063829787
0 0.10505319148936171 0.39694148936170215 0.04343971631205674 0.0678191489361702
0 0.040780141843971635 0.4418218085106383 0.044326241134751775 0.06449468085106383
0 0.020390070921985817 0.29388297872340424 0.040780141843971635 0.0678191489361702
0 0.10460992907801418 0.12067819148936171 0.030141843971631204 0.07247340425531915
0 0.39317375886524825 0.2509973404255319 0.06294326241134751 0.0711436170212766
0 0.5580673758865248 0.2878989361702128 0.05053191489361702 0.07446808510638298
0 0.7726063829787234 0.3982712765957447 0.038120567375886524 0.04920212765957447
0 0.7424645390070922 0.37333776595744683 0.04698581560283688 0.05651595744680851
0 0.7819148936170213 0.46243351063829785 0.03723404255319149 0.04188829787234043
0 0.8049645390070922 0.4747340425531915 0.040780141843971635 0.03856382978723404
0 0.8293439716312057 0.49069148936170215 0.038120567375886524 0.03856382978723404
0 0.8523936170212766 0.5884308510638298 0.041666666666666664 0.04920212765957447
0 0.8018617021276596 0.6097074468085106 0.0398936170212766 0.04920212765957447
0 0.7553191489361702 0.6273271276595744 0.03723404255319149 0.04720744680851064
0 0.7207446808510638 0.6559175531914894 0.040780141843971635 0.045877659574468085
0 0.6839539007092199 0.4800531914893617 0.04698581560283688 0.0598404255319149
0 0.5895390070921985 0.5714760638297872 0.040780141843971635 0.059175531914893616
0 0.48226950354609927 0.4577792553191489 0.04609929078014184 0.04321808510638298
0 0.38342198581560283 0.4973404255319149 0.038120567375886524 0.04654255319148936
0 0.4445921985815603 0.570811170212766 0.034574468085106384 0.04720744680851064
0 0.25443262411347517 0.5851063829787234 0.047872340425531915 0.0425531914893617
0 0.1201241134751773 0.6210106382978723 0.03634751773049645 0.05053191489361702
0 0.05806737588652482 0.5784574468085106 0.04343971631205674 0.05319148936170213
0 0.06914893617021277 0.7636303191489362 0.03546099290780142 0.06848404255319149
0 0.020833333333333332 0.8334441489361702 0.041666666666666664 0.06316489361702128
0 0.19148936170212766 0.7825797872340425 0.051418439716312055 0.05186170212765957
0 0.2176418439716312 0.7303856382978723 0.03102836879432624 0.04720744680851064
0 0.2548758865248227 0.7785904255319149 0.05230496453900709 0.043882978723404256
0 0.22030141843971632 0.8367686170212766 0.038120567375886524 0.04853723404255319
0 0.1870567375886525 0.9248670212765957 0.04609929078014184 0.04521276595744681
0 0.28812056737588654 0.8334441489361702 0.03900709219858156 0.052526595744680854
0 0.2872340425531915 0.7370345744680851 0.0425531914893617 0.05518617021276596
0 0.33643617021276595 0.7509973404255319 0.04875886524822695 0.0538563829787234
0 0.33687943262411346 0.8144946808510638 0.028368794326241134 0.057180851063829786
0 0.3772163120567376 0.8460771276595744 0.04698581560283688 0.04321808510638298
0 0.4853723404255319 0.8111702127659575 0.03280141843971631 0.05319148936170213
0 0.5412234042553191 0.7330452127659575 0.05585106382978723 0.036569148936170214
0 0.5762411347517731 0.807845744680851 0.03368794326241135 0.041223404255319146
0 0.5700354609929078 0.8863031914893617 0.044326241134751775 0.03723404255319149
0 0.5673758865248227 0.9075797872340425 0.05319148936170213 0.026595744680851064
0 0.6728723404255319 0.7925531914893617 0.06560283687943262 0.047872340425531915
0 0.7531028368794326 0.71875 0.05585106382978723 0.05851063829787234
0 0.7247340425531915 0.8573803191489362 0.0398936170212766 0.07380319148936171
0 0.7451241134751773 0.8799867021276596 0.03634751773049645 0.06316489361702128
0 0.8262411347517731 0.9029255319148937 0.03546099290780142 0.0625
0 0.8306737588652482 0.8307845744680851 0.031914893617021274 0.052526595744680854
0 0.8182624113475178 0.8098404255319149 0.047872340425531915 0.03723404255319149
