0 0.32180851063829785 0.2822473404255319 0.07446808510638298 0.12034574468085106
0 0.4796099290780142 0.3201462765957447 0.0726950354609929 0.07779255319148937
0 0.4800531914893617 0.38331117021276595 0.06648936170212766 0.06848404255319149
0 0.5540780141843972 0.5066489361702128 0.07624113475177305 0.08643617021276596
0 0.586436170212766 0.765625 0.06294326241134751 0.10172872340425532
0 0.7681737588652482 0.20212765957446807 0.0700354609929078 0.08776595744680851
0 0.9406028368794326 0.46841755319148937 0.030141843971631204 0.03789893617021277
0 0.7065602836879432 0.6875 0.0673758865248227 0.07047872340425532
0 0.8643617021276596 0.7795877659574468 0.06914893617021277 0.06316489361702128
0 0.9747340425531915 0.8058510638297872 0.04875886524822695 0.11303191489361702
0 0.4601063829787234 0.9378324468085106 0.05673758865248227 0.08178191489361702
0 0.38608156028368795 0.9544547872340425 0.05053191489361702 0.0884308510638298
0 0.2765957446808511 0.8653590425531915 0.06028368794326241 0.0764627659574468
0 0.21808510638297873 0.703125 0.09042553191489362 0.09640957446808511
