0 0.26728723404255317 0.24301861702127658 0.03102836879432624 0.04720744680851064
0 0.26684397163120566 0.20678191489361702 0.024822695035460994 0.03856382978723404
0 0.18395390070921985 0.18882978723404256 0.041666666666666664 0.05053191489361702
0 0.1320921985815603 0.4251994680851064 0.047872340425531915 0.049867021276595744
0 0.11879432624113476 0.5761303191489362 0.024822695035460994 0.052526595744680854
0 0.18395390070921985 0.5252659574468085 0.03280141843971631 0.04920212765957447
0 0.16843971631205673 0.8440824468085106 0.0425531914893617 0.05784574468085106
0 0.14804964539007093 0.8600398936170213 0.03546099290780142 0.05784574468085106
0 0.1148049645390071 0.953125 0.038120567375886524 0.061835106382978726
0 0.18262411347517732 0.9630984042553191 0.030141843971631204 0.04188829787234043
0 0.28368794326241137 0.8105053191489362 0.024822695035460994 0.05186170212765957
0 0.35904255319148937 0.8633643617021277 0.03900709219858156 0.04055851063829787
0 0.399822695035461 0.7972074468085106 0.030141843971631204 0.027925531914893616
0 0.37056737588652483 0.6003989361702128 0.03546099290780142 0.04920212765957447
0 0.31117021276595747 0.605718085106383 0.03368794326241135 0.0678191489361702
0 0.2721631205673759 0.551529255319149 0.02127659574468085 0.04321808510638298
0 0.34352836879432624 0.4677526595744681 0.04343971631205674 0.03922872340425532
0 0.23359929078014185 0.570811170212766 0.03102836879432624 0.06316489361702128
0 0.21453900709219859 0.37898936170212766 0.01950354609929078 0.026595744680851064
0 0.31604609929078015 0.3098404255319149 0.04343971631205674 0.05452127659574468
0 0.42065602836879434 0.1373005319148936 0.034574468085106384 0.06848404255319149
0 0.40691489361702127 0.4109042553191489 0.03723404255319149 0.061170212765957445
0 0.6786347517730497 0.7689494680851063 0.038120567375886524 0.049867021276595744
0 0.7309397163120568 0.8673537234042553 0.04521276595744681 0.06981382978723404
0 0.8337765957446809 0.8420877659574468 0.04521276595744681 0.0511968085106383
0 0.8856382978723404 0.7503324468085106 0.044326241134751775 0.03922872340425532
0 0.9406028368794326 0.78125 0.03723404255319149 0.04920212765957447
0 0.9233156028368794 0.8982712765957447 0.04698581560283688 0.0398936170212766
0 0.9179964539007093 0.9391622340425532 0.04521276595744681 0.0339095744680851
0 0.786790780141844 0.4740691489361702 0.03102836879432624 0.047872340425531915
0 0.7641843971631206 0.5871010638297872 0.031914893617021274 0.07047872340425532
0 0.6901595744680851 0.5086436170212766 0.03634751773049645 0.047872340425531915
0 0.6719858156028369 0.40625 0.03546099290780142 0.05452127659574468
0 0.5713652482269503 0.47041223404255317 0.041666666666666664 0.06050531914893617
0 0.499113475177305 0.46941489361702127 0.047872340425531915 0.03856382978723404
0 0.7198581560283688 0.2589760638297872 0.03368794326241135 0.06316489361702128
0 0.875886524822695 0.29188829787234044 0.03368794326241135 0.06914893617021277
0 0.9242021276595744 0.0851063829787234 0.041666666666666664 0.03856382978723404
0 0.6631205673758865 0.6170212765957447 0.03723404255319149 0.061170212765957445
0 0.5673758865248227 0.6083776595744681 0.04609929078014184 0.04654255319148936
0 0.5425531914893617 0.746343085106383 0.03900709219858156 0.052526595744680854
0 0.5328014184397163 0.7978723404255319 0.044326241134751775 0.0425531914893617
0 0.5593971631205674 0.8653590425531915 0.040780141843971635 0.04720744680851064
0 0.5310283687943262 0.9471409574468085 0.040780141843971635 0.049867021276595744
0 0.6334219858156028 0.859375 0.034574468085106384 0.04055851063829787
0 0.5926418439716312 0.8045212765957447 0.0398936170212766 0.047872340425531915
0 0.6210106382978723 0.7569813829787234 0.02925531914893617 0.05784574468085106
0 0.4375 0.6446143617021277 0.025709219858156027 0.049867021276595744
