0 0.3411458333333333 0.73515625 0.03854166666666667 0.0515625
0 0.328125 0.838671875 0.06666666666666667 0.03671875
0 0.32916666666666666 0.887109375 0.0625 0.04609375
0 0.17864583333333334 0.751171875 0.06354166666666666 0.06484375
0 0.057291666666666664 0.90078125 0.06875 0.05
0 0.0515625 0.356640625 0.051041666666666666 0.08203125
0 0.0796875 0.10078125 0.06770833333333333 0.09375
0 0.334375 0.347265625 0.08541666666666667 0.10546875
0 0.59375 0.487890625 0.06666666666666667 0.08046875
0 0.6442708333333333 0.587109375 0.10520833333333333 0.09921875
0 0.6567708333333333 0.437109375 0.065625 0.11328125
0 0.7395833333333334 0.398828125 0.075 0.08984375
0 0.8453125 0.3453125 0.057291666666666664 0.0671875
0 0.828125 0.17578125 0.0625 0.0796875
0 0.7869791666666667 0.115625 0.07395833333333333 0.0546875
0 0.7328125 0.1140625 0.06770833333333333 0.0703125
0 0.5375 0.116015625 0.0875 0.08203125
0 0.5239583333333333 0.7078125 0.06875 0.0609375
0 0.5958333333333333 0.793359375 0.03333333333333333 0.07578125
0 0.6213541666666667 0.82734375 0.051041666666666666 0.0859375
0 0.7484375 0.736328125 0.06354166666666666 0.04921875
0 0.7713541666666667 0.7765625 0.03229166666666667 0.06875
0 0.7421875 0.846484375 0.05520833333333333 0.08203125
0 0.2755208333333333 0.62890625 0.10729166666666666 0.084375
0 0.030729166666666665 0.7890625 0.06145833333333333 0.1015625
