0 0.18971631205673758 0.32978723404255317 0.028368794326241134 0.022606382978723406
0 0.1901595744680851 0.3507313829787234 0.016843971631205674 0.03523936170212766
0 0.11524822695035461 0.30518617021276595 0.04609929078014184 0.04521276595744681
0 0.09397163120567376 0.5019946808510638 0.030141843971631204 0.05053191489361702
0 0.12810283687943264 0.5711436170212766 0.0398936170212766 0.03856382978723404
0 0.17907801418439717 0.6117021276595744 0.026595744680851064 0.047872340425531915
0 0.1347517730496454 0.8238031914893617 0.03723404255319149 0.04654255319148936
0 0.125 0.8480718085106383 0.03723404255319149 0.04720744680851064
0 0.10372340425531915 0.9345079787234043 0.03723404255319149 0.04853723404255319
0 0.1502659574468085 0.9245345744680851 0.034574468085106384 0.052526595744680854
0 0.28900709219858156 0.8394281914893617 0.0425531914893617 0.04853723404255319
0 0.22606382978723405 0.7925531914893617 0.03368794326241135 0.0425531914893617
0 0.32136524822695034 0.7912234042553191 0.025709219858156027 0.04521276595744681
0 0.3453014184397163 0.6658909574468085 0.022163120567375887 0.04720744680851064
0 0.2894503546099291 0.6339760638297872 0.034574468085106384 0.05518617021276596
0 0.2402482269503546 0.6373005319148937 0.031914893617021274 0.05651595744680851
0 0.21365248226950354 0.5917553191489362 0.03368794326241135 0.05319148936170213
0 0.23581560283687944 0.4029255319148936 0.03900709219858156 0.05585106382978723
0 0.30806737588652483 0.27293882978723405 0.025709219858156027 0.04853723404255319
0 0.3098404255319149 0.4820478723404255 0.03280141843971631 0.04521276595744681
0 0.2570921985815603 0.527593085106383 0.03723404255319149 0.059175531914893616
0 0.39095744680851063 0.519281914893617 0.03900709219858156 0.04521276595744681
0 0.4428191489361702 0.511968085106383 0.03280141843971631 0.043882978723404256
0 0.5190602836879432 0.47074468085106386 0.03102836879432624 0.03324468085106383
0 0.5456560283687943 0.36003989361702127 0.04521276595744681 0.0538563829787234
0 0.6657801418439716 0.3849734042553192 0.03900709219858156 0.0598404255319149
0 0.8355496453900709 0.45445478723404253 0.038120567375886524 0.04720744680851064
0 0.8523936170212766 0.5126329787234043 0.0274822695035461 0.034574468085106384
0 0.8736702127659575 0.5106382978723404 0.034574468085106384 0.05186170212765957
0 0.8922872340425532 0.5295877659574468 0.03634751773049645 0.04454787234042553
0 0.9148936170212766 0.6043882978723404 0.028368794326241134 0.03856382978723404
0 0.87322695035461 0.6243351063829787 0.03546099290780142 0.043882978723404256
0 0.8439716312056738 0.6399601063829787 0.040780141843971635 0.032579787234042555
0 0.8497340425531915 0.7061170212765957 0.04875886524822695 0.043882978723404256
0 0.8054078014184397 0.7682845744680851 0.03280141843971631 0.04853723404255319
0 0.7171985815602837 0.8507313829787234 0.03368794326241135 0.02327127659574468
0 0.7194148936170213 0.8696808510638298 0.034574468085106384 0.030585106382978722
0 0.6968085106382979 0.7323803191489362 0.03368794326241135 0.04853723404255319
0 0.5997340425531915 0.6117021276595744 0.03102836879432624 0.0398936170212766
0 0.6533687943262412 0.8025265957446809 0.03546099290780142 0.03856382978723404
0 0.5722517730496454 0.8218085106382979 0.038120567375886524 0.03723404255319149
0 0.5904255319148937 0.8916223404255319 0.030141843971631204 0.05053191489361702
0 0.537677304964539 0.807845744680851 0.025709219858156027 0.05186170212765957
0 0.5345744680851063 0.7569813829787234 0.040780141843971635 0.049867021276595744
0 0.49379432624113473 0.7370345744680851 0.03368794326241135 0.05784574468085106
0 0.4654255319148936 0.78125 0.03368794326241135 0.03590425531914894
0 0.5004432624113475 0.8251329787234043 0.03102836879432624 0.04920212765957447
0 0.4499113475177305 0.8264627659574468 0.03634751773049645 0.04654255319148936
0 0.41932624113475175 0.7892287234042553 0.047872340425531915 0.057180851063829786
0 0.42863475177304966 0.9002659574468085 0.04698581560283688 0.043882978723404256
0 0.6117021276595744 0.5166223404255319 0.026595744680851064 0.04521276595744681
0 0.5350177304964538 0.5495345744680851 0.034574468085106384 0.052526595744680854
0 0.9100177304964538 0.7799202127659575 0.023936170212765957 0.03590425531914894
0 0.9224290780141844 0.7958776595744681 0.025709219858156027 0.03590425531914894
