0 0.4454787234042553 0.09275265957446809 0.08953900709219859 0.10039893617021277
0 0.7043439716312057 0.13331117021276595 0.061170212765957445 0.09242021276595745
0 0.4078014184397163 0.31881648936170215 0.07092198581560284 0.09640957446808511
0 0.62677304964539 0.4298537234042553 0.05673758865248227 0.0990691489361702
0 0.46320921985815605 0.511968085106383 0.05585106382978723 0.07047872340425532
0 0.6019503546099291 0.6619015957446809 0.05851063829787234 0.10837765957446809
0 0.8781028368794326 0.6253324468085106 0.0700354609929078 0.10172872340425532
0 0.23138297872340424 0.4597739361702128 0.07624113475177305 0.09773936170212766
0 0.10106382978723404 0.4431515957446808 0.0851063829787234 0.06981382978723404
0 0.23093971631205673 0.7017952127659575 0.07180851063829788 0.0990691489361702
0 0.8914007092198581 0.953125 0.07180851063829788 0.07779255319148937
