0 0.3324468085106383 0.6439494680851063 0.04609929078014184 0.08577127659574468
0 0.3200354609929078 0.7616356382978723 0.06382978723404255 0.04321808510638298
0 0.31560283687943264 0.8158244680851063 0.0673758865248227 0.0598404255319149
0 0.1702127659574468 0.6519281914893617 0.07801418439716312 0.08311170212765957
0 0.015957446808510637 0.6974734042553191 0.031914893617021274 0.06914893617021277
0 0.020390070921985817 0.832779255319149 0.040780141843971635 0.06715425531914894
0 0.01551418439716312 0.12067819148936171 0.025709219858156027 0.09640957446808511
0 0.09574468085106383 0.2523271276595745 0.05673758865248227 0.09507978723404255
0 0.16090425531914893 0.0495345744680851 0.05939716312056738 0.07247340425531915
0 0.3617021276595745 0.24168882978723405 0.06560283687943262 0.07912234042553191
0 0.27615248226950356 0.5186170212765957 0.07712765957446809 0.04920212765957447
0 0.5288120567375887 0.08710106382978723 0.0398936170212766 0.13164893617021275
0 0.68572695035461 0.07480053191489362 0.054078014184397165 0.06449468085106383
0 0.7296099290780141 0.08643617021276596 0.05851063829787234 0.0598404255319149
0 0.7677304964539007 0.10970744680851063 0.05319148936170213 0.04521276595744681
0 0.8058510638297872 0.27958776595744683 0.05673758865248227 0.06981382978723404
0 0.7171985815602837 0.3058510638297872 0.05851063829787234 0.07845744680851063
0 0.6480496453900709 0.34075797872340424 0.05851063829787234 0.08178191489361702
0 0.586436170212766 0.3853058510638298 0.05053191489361702 0.07513297872340426
0 0.5283687943262412 0.598404255319149 0.06382978723404255 0.07712765957446809
0 0.6374113475177305 0.48038563829787234 0.05673758865248227 0.06449468085106383
0 0.5997340425531915 0.7007978723404256 0.04521276595744681 0.08643617021276596
0 0.6272163120567376 0.7443484042553191 0.041666666666666664 0.07513297872340426
0 0.74822695035461 0.6486037234042553 0.05319148936170213 0.06316489361702128
0 0.7717198581560284 0.6805186170212766 0.034574468085106384 0.07912234042553191
0 0.7513297872340425 0.7769281914893617 0.0398936170212766 0.06316489361702128
