0 0.49822695035460995 0.3567154255319149 0.040780141843971635 0.09242021276595745
0 0.5740248226950354 0.25166223404255317 0.054078014184397165 0.061835106382978726
0 0.5319148936170213 0.21775265957446807 0.040780141843971635 0.0764627659574468
0 0.6054964539007093 0.3314494680851064 0.05673758865248227 0.06582446808510638
0 0.651595744680851 0.34208776595744683 0.05673758865248227 0.049867021276595744
0 0.675531914893617 0.3626994680851064 0.05673758865248227 0.03523936170212766
0 0.7167553191489362 0.4833776595744681 0.038120567375886524 0.05851063829787234
0 0.6600177304964538 0.5126329787234043 0.04521276595744681 0.061170212765957445
0 0.6117021276595744 0.5442154255319149 0.04609929078014184 0.04188829787234043
0 0.5673758865248227 0.5741356382978723 0.06028368794326241 0.06715425531914894
0 0.6174645390070922 0.6519281914893617 0.061170212765957445 0.0538563829787234
0 0.5438829787234043 0.7476728723404256 0.061170212765957445 0.06050531914893617
0 0.6179078014184397 0.8174867021276596 0.03723404255319149 0.0764627659574468
0 0.6502659574468085 0.8487367021276596 0.057624113475177305 0.07513297872340426
0 0.724290780141844 0.7716090425531915 0.044326241134751775 0.04454787234042553
0 0.7575354609929078 0.7898936170212766 0.061170212765957445 0.05319148936170213
0 0.750886524822695 0.8706781914893617 0.04609929078014184 0.049867021276595744
0 0.42021276595744683 0.8856382978723404 0.06028368794326241 0.04920212765957447
0 0.4295212765957447 0.9281914893617021 0.057624113475177305 0.03590425531914894
0 0.36569148936170215 0.7021276595744681 0.07180851063829788 0.08643617021276596
0 0.29476950354609927 0.8164893617021277 0.04521276595744681 0.05851063829787234
0 0.16489361702127658 0.8633643617021277 0.07446808510638298 0.06449468085106383
0 0.20035460992907803 0.9624335106382979 0.04964539007092199 0.05651595744680851
0 0.10505319148936171 0.8314494680851063 0.04698581560283688 0.06981382978723404
0 0.047429078014184396 0.864029255319149 0.054078014184397165 0.0764627659574468
0 0.02925531914893617 0.7237367021276596 0.04609929078014184 0.08710106382978723
0 0.10106382978723404 0.7443484042553191 0.047872340425531915 0.059175531914893616
0 0.07535460992907801 0.5568484042553191 0.040780141843971635 0.07513297872340426
0 0.10416666666666667 0.41988031914893614 0.05230496453900709 0.06848404255319149
0 0.1972517730496454 0.5262632978723404 0.04521276595744681 0.07513297872340426
0 0.2176418439716312 0.3620345744680851 0.06648936170212766 0.10305851063829788
0 0.25620567375886527 0.13065159574468085 0.06914893617021277 0.0764627659574468
0 0.050975177304964536 0.28956117021276595 0.05230496453900709 0.09773936170212766
0 0.05540780141843971 0.09308510638297872 0.08244680851063829 0.08643617021276596
