0 0.2859042553191489 0.38563829787234044 0.03102836879432624 0.05053191489361702
0 0.11524822695035461 0.5851063829787234 0.03723404255319149 0.04521276595744681
0 0.038120567375886524 0.5668218085106383 0.024822695035460994 0.052526595744680854
0 0.019060283687943262 0.554188829787234 0.022163120567375887 0.0538563829787234
0 0.03546099290780142 0.4591090425531915 0.02304964539007092 0.05651595744680851
0 0.39095744680851063 0.3427526595744681 0.04964539007092199 0.061835106382978726
0 0.3723404255319149 0.4644281914893617 0.03900709219858156 0.0538563829787234
0 0.3772163120567376 0.5535239361702128 0.022163120567375887 0.052526595744680854
0 0.3346631205673759 0.570811170212766 0.02925531914893617 0.04454787234042553
0 0.24113475177304963 0.586436170212766 0.044326241134751775 0.05053191489361702
0 0.25975177304964536 0.6399601063829787 0.0425531914893617 0.045877659574468085
0 0.21365248226950354 0.7443484042553191 0.03546099290780142 0.061835106382978726
0 0.22916666666666666 0.8058510638297872 0.02925531914893617 0.06648936170212766
0 0.12322695035460993 0.7160904255319149 0.031914893617021274 0.061170212765957445
0 0.28812056737588654 0.7121010638297872 0.03546099290780142 0.047872340425531915
0 0.28191489361702127 0.7476728723404256 0.040780141843971635 0.04188829787234043
0 0.33687943262411346 0.727061170212766 0.026595744680851064 0.05651595744680851
0 0.37677304964539005 0.7034574468085106 0.03368794326241135 0.043882978723404256
0 0.4800531914893617 0.6090425531914894 0.041666666666666664 0.07446808510638298
0 0.4654255319148936 0.5159574468085106 0.040780141843971635 0.03856382978723404
0 0.4782801418439716 0.45378989361702127 0.04521276595744681 0.03789893617021277
0 0.5833333333333334 0.29654255319148937 0.031914893617021274 0.0678191489361702
0 0.5961879432624113 0.37367021276595747 0.041666666666666664 0.034574468085106384
0 0.6431737588652482 0.31382978723404253 0.038120567375886524 0.043882978723404256
0 0.6852836879432624 0.3098404255319149 0.01950354609929078 0.04654255319148936
0 0.48271276595744683 0.16389627659574468 0.041666666666666664 0.03922872340425532
0 0.5354609929078015 0.578125 0.03900709219858156 0.05651595744680851
0 0.5549645390070922 0.5172872340425532 0.044326241134751775 0.05186170212765957
0 0.8222517730496454 0.4464760638297872 0.02925531914893617 0.06050531914893617
0 0.8488475177304965 0.5159574468085106 0.020390070921985817 0.043882978723404256
0 0.8727836879432624 0.620345744680851 0.02925531914893617 0.057180851063829786
0 0.8905141843971631 0.6279920212765957 0.018617021276595744 0.05651595744680851
0 0.9184397163120568 0.523936170212766 0.03368794326241135 0.043882978723404256
0 0.9445921985815603 0.5252659574468085 0.023936170212765957 0.03324468085106383
0 0.9578900709219859 0.47805851063829785 0.02925531914893617 0.031914893617021274
0 0.9343971631205674 0.4677526595744681 0.02304964539007092 0.03922872340425532
0 0.7796985815602837 0.5448803191489362 0.03634751773049645 0.059175531914893616
0 0.8195921985815603 0.5668218085106383 0.04343971631205674 0.036569148936170214
0 0.7358156028368794 0.5501994680851063 0.031914893617021274 0.045877659574468085
0 0.7615248226950354 0.4384973404255319 0.03368794326241135 0.04188829787234043
0 0.7562056737588653 0.4128989361702128 0.04964539007092199 0.04654255319148936
0 0.7437943262411347 0.6788563829787234 0.040780141843971635 0.0398936170212766
0 0.7734929078014184 0.6110372340425532 0.02925531914893617 0.04920212765957447
0 0.7030141843971631 0.6835106382978723 0.03546099290780142 0.04654255319148936
0 0.6945921985815603 0.7147606382978723 0.020390070921985817 0.04521276595744681
0 0.6693262411347518 0.746343085106383 0.040780141843971635 0.06848404255319149
0 0.6334219858156028 0.7101063829787234 0.01152482269503546 0.05452127659574468
0 0.6174645390070922 0.667220744680851 0.022163120567375887 0.04188829787234043
0 0.6533687943262412 0.6512632978723404 0.02127659574468085 0.05784574468085106
0 0.6037234042553191 0.7290558510638298 0.030141843971631204 0.049867021276595744
0 0.5673758865248227 0.6934840425531915 0.030141843971631204 0.034574468085106384
0 0.5381205673758865 0.793218085106383 0.024822695035460994 0.04654255319148936
0 0.5673758865248227 0.8374335106382979 0.044326241134751775 0.0339095744680851
0 0.48404255319148937 0.8334441489361702 0.051418439716312055 0.05518617021276596
0 0.44769503546099293 0.9095744680851063 0.03723404255319149 0.03590425531914894
0 0.46320921985815605 0.9398271276595744 0.04698581560283688 0.045877659574468085
0 0.5540780141843972 0.9710771276595744 0.03723404255319149 0.04188829787234043
