0 0.2624113475177305 0.4009308510638298 0.07624113475177305 0.05186170212765957
0 0.44370567375886527 0.3982712765957447 0.07535460992907801 0.07579787234042554
0 0.2916666666666667 0.5641622340425532 0.05851063829787234 0.06582446808510638
0 0.22296099290780141 0.6552526595744681 0.05230496453900709 0.0711436170212766
0 0.1449468085106383 0.6751994680851063 0.05053191489361702 0.06848404255319149
0 0.014627659574468085 0.6532579787234043 0.02925531914893617 0.05651595744680851
0 0.28058510638297873 0.8261303191489362 0.07358156028368794 0.09375
0 0.05585106382978723 0.8673537234042553 0.0425531914893617 0.05651595744680851
0 0.1524822695035461 0.8969414893617021 0.03546099290780142 0.05585106382978723
0 0.3825354609929078 0.7998670212765957 0.05053191489361702 0.08111702127659574
0 0.3754432624113475 0.6771941489361702 0.05230496453900709 0.07247340425531915
0 0.4574468085106383 0.6077127659574468 0.044326241134751775 0.07180851063829788
0 0.4791666666666667 0.7430186170212766 0.054078014184397165 0.07513297872340426
0 0.46099290780141844 0.957779255319149 0.051418439716312055 0.06848404255319149
0 0.6715425531914894 0.8929521276595744 0.07712765957446809 0.07712765957446809
0 0.875886524822695 0.910904255319149 0.05851063829787234 0.05452127659574468
0 0.9095744680851063 0.8111702127659575 0.051418439716312055 0.06914893617021277
0 0.9410460992907801 0.6346409574468085 0.03634751773049645 0.06981382978723404
0 0.8905141843971631 0.6712101063829787 0.04698581560283688 0.06050531914893617
0 0.8608156028368794 0.7121010638297872 0.05319148936170213 0.05319148936170213
0 0.839095744680851 0.7543218085106383 0.057624113475177305 0.052526595744680854
0 0.8652482269503546 0.5435505319148937 0.04609929078014184 0.07247340425531915
0 0.8275709219858156 0.5219414893617021 0.0398936170212766 0.05585106382978723
0 0.7912234042553191 0.5166223404255319 0.04875886524822695 0.0398936170212766
0 0.7433510638297872 0.4451462765957447 0.05230496453900709 0.07380319148936171
0 0.7513297872340425 0.2310505319148936 0.038120567375886524 0.08178191489361702
0 0.6985815602836879 0.546875 0.031914893617021274 0.06316489361702128
0 0.6405141843971631 0.6868351063829787 0.07358156028368794 0.05319148936170213
0 0.7606382978723404 0.921875 0.06914893617021277 0.10837765957446809
0 0.39228723404255317 0.9684175531914894 0.04698581560283688 0.05784574468085106
