0 0.2421875 0.47578125 0.08229166666666667 0.0578125
0 0.203125 0.658984375 0.052083333333333336 0.08203125
0 0.109375 0.53828125 0.05416666666666667 0.1046875
0 0.04739583333333333 0.7140625 0.04895833333333333 0.090625
0 0.05625 0.35859375 0.06666666666666667 0.075
0 0.09322916666666667 0.13046875 0.08645833333333333 0.06875
0 0.340625 0.20390625 0.06041666666666667 0.0515625
0 0.6567708333333333 0.329296875 0.053125 0.08046875
0 0.7072916666666667 0.373828125 0.08541666666666667 0.06015625
0 0.7161458333333334 0.46875 0.06145833333333333 0.06875
0 0.7598958333333333 0.481640625 0.046875 0.06171875
0 0.8005208333333333 0.5 0.04895833333333333 0.059375
0 0.8364583333333333 0.65625 0.05416666666666667 0.0953125
0 0.7651041666666667 0.68671875 0.06979166666666667 0.053125
0 0.6979166666666666 0.717578125 0.07083333333333333 0.06328125
0 0.6505208333333333 0.776171875 0.06354166666666666 0.08046875
0 0.7005208333333334 0.863671875 0.071875 0.07421875
0 0.60625 0.975 0.07083333333333333 0.0421875
0 0.4479166666666667 0.64609375 0.06041666666666667 0.0875
0 0.5828125 0.491015625 0.04479166666666667 0.08828125
0 0.050520833333333334 0.953125 0.08020833333333334 0.08125
