0 0.2637411347517731 0.07081117021276596 0.04875886524822695 0.08311170212765957
0 0.04476950354609929 0.340093085106383 0.05939716312056738 0.09109042553191489
0 0.10062056737588652 0.4165558510638298 0.07180851063829788 0.10704787234042554
0 0.2052304964539007 0.42253989361702127 0.04343971631205674 0.10039893617021277
0 0.0700354609929078 0.7809175531914894 0.08865248226950355 0.08976063829787234
0 0.1945921985815603 0.894281914893617 0.061170212765957445 0.07446808510638298
0 0.26817375886524825 0.7682845744680851 0.034574468085106384 0.09109042553191489
0 0.33865248226950356 0.4797207446808511 0.04964539007092199 0.11901595744680851
0 0.43439716312056736 0.1658909574468085 0.05851063829787234 0.07247340425531915
0 0.5664893617021277 0.18517287234042554 0.0726950354609929 0.09773936170212766
0 0.7783687943262412 0.24301861702127658 0.0726950354609929 0.10837765957446809
0 0.7429078014184397 0.0442154255319149 0.06382978723404255 0.08311170212765957
0 0.9419326241134752 0.1658909574468085 0.0700354609929078 0.10172872340425532
0 0.9153368794326241 0.37333776595744683 0.054078014184397165 0.08045212765957446
0 0.7398049645390071 0.42386968085106386 0.06471631205673758 0.08178191489361702
0 0.5740248226950354 0.4142287234042553 0.06471631205673758 0.07047872340425532
0 0.5425531914893617 0.6592420212765957 0.05319148936170213 0.08178191489361702
0 0.5261524822695035 0.7642952127659575 0.08776595744680851 0.08311170212765957
0 0.6298758865248227 0.7696143617021277 0.06294326241134751 0.07779255319148937
0 0.7934397163120568 0.7130984042553191 0.0851063829787234 0.08710106382978723
0 0.8927304964539007 0.8773271276595744 0.0851063829787234 0.07380319148936171
0 0.7056737588652482 0.8779920212765957 0.0797872340425532 0.07513297872340426
0 0.5789007092198581 0.8773271276595744 0.05851063829787234 0.1163563829787234
0 0.8080673758865248 0.8287898936170213 0.04875886524822695 0.09109042553191489
0 0.6897163120567376 0.6785239361702128 0.0673758865248227 0.0884308510638298
