0 0.2078900709219858 0.3896276595744681 0.0274822695035461 0.031914893617021274
0 0.21099290780141844 0.41356382978723405 0.015957446808510637 0.03723404255319149
0 0.14716312056737588 0.37367021276595747 0.024822695035460994 0.0425531914893617
0 0.125 0.5388962765957447 0.03723404255319149 0.04454787234042553
0 0.15336879432624115 0.6123670212765957 0.028368794326241134 0.03324468085106383
0 0.20079787234042554 0.6499335106382979 0.0274822695035461 0.036569148936170214
0 0.23049645390070922 0.6299867021276596 0.01773049645390071 0.04188829787234043
0 0.2548758865248227 0.6668882978723404 0.034574468085106384 0.031914893617021274
0 0.2974290780141844 0.6722074468085106 0.03102836879432624 0.034574468085106384
0 0.3519503546099291 0.706781914893617 0.024822695035460994 0.0398936170212766
0 0.31870567375886527 0.5319148936170213 0.03634751773049645 0.027925531914893616
0 0.27393617021276595 0.5704787234042553 0.030141843971631204 0.0398936170212766
0 0.24867021276595744 0.46575797872340424 0.034574468085106384 0.045877659574468085
0 0.31560283687943264 0.3367686170212766 0.026595744680851064 0.06582446808510638
0 0.5372340425531915 0.4109042553191489 0.047872340425531915 0.06648936170212766
0 0.651595744680851 0.44248670212765956 0.028368794326241134 0.05518617021276596
0 0.6006205673758865 0.5621675531914894 0.03280141843971631 0.045877659574468085
0 0.5842198581560284 0.6505984042553191 0.024822695035460994 0.05651595744680851
0 0.5328014184397163 0.5904255319148937 0.024822695035460994 0.05319148936170213
0 0.512854609929078 0.5232712765957447 0.0274822695035461 0.0425531914893617
0 0.46675531914893614 0.8131648936170213 0.03280141843971631 0.030585106382978722
0 0.524822695035461 0.7832446808510638 0.031914893617021274 0.04521276595744681
0 0.48315602836879434 0.7676196808510638 0.031914893617021274 0.03922872340425532
0 0.4924645390070922 0.8467420212765957 0.02925531914893617 0.04454787234042553
0 0.5230496453900709 0.8347739361702128 0.02127659574468085 0.03922872340425532
0 0.5593971631205674 0.8527260638297872 0.03546099290780142 0.045877659574468085
0 0.5704787234042553 0.9082446808510638 0.038120567375886524 0.04654255319148936
0 0.42641843971631205 0.9168882978723404 0.03723404255319149 0.0398936170212766
0 0.4428191489361702 0.8460771276595744 0.023936170212765957 0.02992021276595745
0 0.41976950354609927 0.8111702127659575 0.04521276595744681 0.06382978723404255
0 0.425531914893617 0.776595744680851 0.01950354609929078 0.047872340425531915
0 0.45567375886524825 0.6692154255319149 0.031914893617021274 0.05651595744680851
0 0.511968085106383 0.676529255319149 0.03102836879432624 0.0711436170212766
0 0.4432624113475177 0.5674867021276596 0.040780141843971635 0.04853723404255319
0 0.3887411347517731 0.5668218085106383 0.0398936170212766 0.04188829787234043
0 0.324468085106383 0.8158244680851063 0.024822695035460994 0.027925531914893616
0 0.2969858156028369 0.8613696808510638 0.030141843971631204 0.028590425531914893
0 0.24645390070921985 0.8098404255319149 0.03546099290780142 0.05585106382978723
0 0.15913120567375885 0.8387632978723404 0.0398936170212766 0.03922872340425532
0 0.14671985815602837 0.8620345744680851 0.03634751773049645 0.04055851063829787
0 0.12810283687943264 0.9318484042553191 0.023936170212765957 0.061835106382978726
0 0.17819148936170212 0.9281914893617021 0.040780141843971635 0.03324468085106383
0 0.688386524822695 0.6426196808510638 0.034574468085106384 0.0511968085106383
0 0.6733156028368794 0.758311170212766 0.0398936170212766 0.04720744680851064
0 0.6950354609929078 0.8653590425531915 0.030141843971631204 0.036569148936170214
0 0.6963652482269503 0.8982712765957447 0.03102836879432624 0.031914893617021274
0 0.775709219858156 0.8065159574468085 0.026595744680851064 0.03856382978723404
0 0.8040780141843972 0.8454122340425532 0.02304964539007092 0.04720744680851064
0 0.8240248226950354 0.8633643617021277 0.023936170212765957 0.045877659574468085
0 0.8173758865248227 0.7396941489361702 0.03900709219858156 0.04454787234042553
0 0.7934397163120568 0.7081117021276596 0.030141843971631204 0.03723404255319149
0 0.8178191489361702 0.680186170212766 0.03280141843971631 0.05851063829787234
0 0.8687943262411347 0.5721409574468085 0.02127659574468085 0.04454787234042553
0 0.8851950354609929 0.645279255319149 0.0274822695035461 0.0511968085106383
0 0.849290780141844 0.5648271276595744 0.024822695035460994 0.04321808510638298
0 0.8249113475177305 0.5581781914893617 0.0274822695035461 0.04321808510638298
0 0.8204787234042553 0.511968085106383 0.0398936170212766 0.041223404255319146
0 0.7544326241134752 0.5741356382978723 0.03546099290780142 0.0511968085106383
