0 0.1201241134751773 0.4577792553191489 0.07180851063829788 0.08311170212765957
0 0.07801418439716312 0.6798537234042553 0.05673758865248227 0.08577127659574468
0 0.1356382978723404 0.8487367021276596 0.0425531914893617 0.08311170212765957
0 0.23315602836879432 0.9690824468085106 0.0425531914893617 0.0538563829787234
0 0.2779255319148936 0.777593085106383 0.04875886524822695 0.061835106382978726
0 0.37189716312056736 0.5142952127659575 0.05585106382978723 0.07779255319148937
0 0.47118794326241137 0.9624335106382979 0.04343971631205674 0.06981382978723404
0 0.7047872340425532 0.6446143617021277 0.044326241134751775 0.06050531914893617
0 0.75 0.679188829787234 0.08333333333333333 0.05784574468085106
0 0.7734929078014184 0.770279255319149 0.04875886524822695 0.04720744680851064
0 0.8169326241134752 0.7772606382978723 0.05585106382978723 0.05452127659574468
0 0.8532801418439716 0.8058510638297872 0.061170212765957445 0.0398936170212766
0 0.8918439716312057 0.9657579787234043 0.051418439716312055 0.049867021276595744
