0 0.03856382978723404 0.12466755319148937 0.04698581560283688 0.06715425531914894
0 0.10195035460992907 0.2589760638297872 0.047872340425531915 0.0764627659574468
0 0.18927304964539007 0.3201462765957447 0.05053191489361702 0.06449468085106383
0 0.25398936170212766 0.2912234042553192 0.0274822695035461 0.07579787234042554
0 0.42154255319148937 0.07413563829787234 0.04343971631205674 0.08178191489361702
0 0.38608156028368795 0.3547207446808511 0.05230496453900709 0.0884308510638298
0 0.3054078014184397 0.35738031914893614 0.06826241134751773 0.07779255319148937
0 0.2894503546099291 0.6299867021276596 0.061170212765957445 0.10039893617021277
0 0.11524822695035461 0.692154255319149 0.07092198581560284 0.06914893617021277
0 0.09219858156028368 0.729720744680851 0.03900709219858156 0.06981382978723404
0 0.06914893617021277 0.8873005319148937 0.047872340425531915 0.09640957446808511
0 0.14627659574468085 0.8759973404255319 0.05851063829787234 0.0711436170212766
0 0.4507978723404255 0.6186835106382979 0.0398936170212766 0.07247340425531915
0 0.3962765957446808 0.714095744680851 0.06560283687943262 0.06515957446808511
0 0.4920212765957447 0.4009308510638298 0.03723404255319149 0.09441489361702128
0 0.5580673758865248 0.1466090425531915 0.04875886524822695 0.06050531914893617
0 0.6440602836879432 0.6196808510638298 0.07535460992907801 0.061170212765957445
0 0.6923758865248227 0.7001329787234043 0.03368794326241135 0.04521276595744681
0 0.6662234042553191 0.8314494680851063 0.057624113475177305 0.06715425531914894
0 0.7269503546099291 0.6190159574468085 0.044326241134751775 0.057180851063829786
0 0.6493794326241135 0.5455452127659575 0.038120567375886524 0.04720744680851064
0 0.6781914893617021 0.3480718085106383 0.05851063829787234 0.0990691489361702
0 0.6640070921985816 0.15857712765957446 0.05851063829787234 0.06316489361702128
0 0.7974290780141844 0.05418882978723404 0.05939716312056738 0.0764627659574468
0 0.837322695035461 0.19946808510638298 0.057624113475177305 0.11303191489361702
0 0.9663120567375887 0.14793882978723405 0.040780141843971635 0.08444148936170212
0 0.9410460992907801 0.3071808510638298 0.03280141843971631 0.07845744680851063
0 0.7717198581560284 0.5448803191489362 0.04698581560283688 0.08045212765957446
0 0.7965425531914894 0.6858377659574468 0.05585106382978723 0.08178191489361702
0 0.8497340425531915 0.5555186170212766 0.06471631205673758 0.06715425531914894
0 0.8599290780141844 0.6592420212765957 0.044326241134751775 0.08178191489361702
0 0.9312943262411347 0.6968085106382979 0.08244680851063829 0.07047872340425532
0 0.9618794326241135 0.8188164893617021 0.04964539007092199 0.0711436170212766
