0 0.31693262411347517 0.2014627659574468 0.0274822695035461 0.03324468085106383
0 0.324468085106383 0.23304521276595744 0.03546099290780142 0.0511968085106383
0 0.36879432624113473 0.3045212765957447 0.05851063829787234 0.04920212765957447
0 0.2424645390070922 0.18351063829787234 0.05230496453900709 0.05851063829787234
0 0.1879432624113475 0.4175531914893617 0.05673758865248227 0.04521276595744681
0 0.22429078014184398 0.5126329787234043 0.044326241134751775 0.06382978723404255
0 0.2872340425531915 0.5634973404255319 0.031914893617021274 0.0511968085106383
0 0.33156028368794327 0.5475398936170213 0.026595744680851064 0.061835106382978726
0 0.3971631205673759 0.453125 0.03900709219858156 0.049867021276595744
0 0.45611702127659576 0.40625 0.038120567375886524 0.057180851063829786
0 0.4171099290780142 0.5950797872340425 0.03280141843971631 0.05452127659574468
0 0.3617021276595745 0.5977393617021277 0.03723404255319149 0.041223404255319146
0 0.22340425531914893 0.8248005319148937 0.0425531914893617 0.0511968085106383
0 0.20833333333333334 0.8480718085106383 0.028368794326241134 0.04720744680851064
0 0.1901595744680851 0.9511303191489362 0.02925531914893617 0.06582446808510638
0 0.24512411347517732 0.9498005319148937 0.041666666666666664 0.04188829787234043
0 0.3466312056737589 0.7872340425531915 0.03723404255319149 0.06382978723404255
0 0.41356382978723405 0.8494015957446809 0.04343971631205674 0.04188829787234043
0 0.4570035460992908 0.7789228723404256 0.023936170212765957 0.061835106382978726
0 0.4933510638297872 0.6339760638297872 0.02925531914893617 0.049867021276595744
0 0.6205673758865248 0.5964095744680851 0.03723404255319149 0.041223404255319146
0 0.6170212765957447 0.4644281914893617 0.03900709219858156 0.059175531914893616
0 0.5456560283687943 0.45113031914893614 0.0398936170212766 0.03789893617021277
0 0.7637411347517731 0.23902925531914893 0.04698581560283688 0.05784574468085106
0 0.4658687943262411 0.1299867021276596 0.038120567375886524 0.061835106382978726
0 0.7207446808510638 0.394281914893617 0.03546099290780142 0.0598404255319149
0 0.7384751773049646 0.49601063829787234 0.03900709219858156 0.07579787234042554
0 0.7087765957446809 0.6023936170212766 0.038120567375886524 0.06648936170212766
0 0.6737588652482269 0.7370345744680851 0.040780141843971635 0.03922872340425532
0 0.6405141843971631 0.7872340425531915 0.0398936170212766 0.0425531914893617
0 0.5824468085106383 0.788563829787234 0.047872340425531915 0.04521276595744681
0 0.613031914893617 0.8447473404255319 0.03280141843971631 0.03789893617021277
0 0.5895390070921985 0.9275265957446809 0.0425531914893617 0.04521276595744681
0 0.6852836879432624 0.8394281914893617 0.030141843971631204 0.0511968085106383
0 0.7331560283687943 0.8228058510638298 0.02127659574468085 0.06316489361702128
0 0.7788120567375887 0.854720744680851 0.04875886524822695 0.05784574468085106
0 0.87322695035461 0.8224734042553191 0.03546099290780142 0.04920212765957447
0 0.9250886524822695 0.7357047872340425 0.04698581560283688 0.04720744680851064
0 0.9729609929078015 0.7682845744680851 0.05230496453900709 0.04321808510638298
0 0.9671985815602837 0.8118351063829787 0.044326241134751775 0.027925531914893616
0 0.9667553191489362 0.8849734042553191 0.038120567375886524 0.034574468085106384
0 0.9636524822695035 0.9155585106382979 0.031914893617021274 0.05851063829787234
0 0.9153368794326241 0.284906914893617 0.04343971631205674 0.06981382978723404
0 0.9645390070921985 0.0797872340425532 0.05319148936170213 0.05452127659574468
0 0.9556737588652482 0.5681515957446809 0.031914893617021274 0.06050531914893617
0 0.8293439716312057 0.47174202127659576 0.03634751773049645 0.06050531914893617
0 0.8054078014184397 0.5777925531914894 0.025709219858156027 0.043882978723404256
