0 0.2699468085106383 0.21775265957446807 0.06471631205673758 0.09242021276595745
0 0.4228723404255319 0.24168882978723405 0.04964539007092199 0.05784574468085106
0 0.43882978723404253 0.2958776595744681 0.06560283687943262 0.06914893617021277
0 0.6613475177304965 0.08410904255319149 0.07446808510638298 0.0990691489361702
0 0.5429964539007093 0.40492021276595747 0.057624113475177305 0.06515957446808511
0 0.2646276595744681 0.6386303191489362 0.07712765957446809 0.07513297872340426
0 0.3599290780141844 0.7736037234042553 0.051418439716312055 0.09109042553191489
0 0.47650709219858156 0.8633643617021277 0.06826241134751773 0.10704787234042554
0 0.5438829787234043 0.8141622340425532 0.041666666666666664 0.09109042553191489
0 0.6272163120567376 0.6466090425531915 0.05585106382978723 0.11236702127659574
0 0.7176418439716312 0.5568484042553191 0.05053191489361702 0.09640957446808511
0 0.87677304964539 0.6253324468085106 0.08687943262411348 0.10438829787234043
0 0.9849290780141844 0.6313164893617021 0.02304964539007092 0.0764627659574468
0 0.8683510638297872 0.9404920212765957 0.04698581560283688 0.11369680851063829
0 0.7256205673758865 0.8919547872340425 0.061170212765957445 0.09507978723404255
0 0.62677304964539 0.9072473404255319 0.0673758865248227 0.1110372340425532
