0 0.49069148936170215 0.37001329787234044 0.05585106382978723 0.1110372340425532
0 0.8297872340425532 0.3494015957446808 0.06914893617021277 0.09375
0 0.5602836879432624 0.07746010638297872 0.09219858156028368 0.0990691489361702
0 0.3404255319148936 0.19148936170212766 0.1099290780141844 0.12367021276595745
0 0.07801418439716312 0.4072473404255319 0.1099290780141844 0.11502659574468085
0 0.04210992907801418 0.6891622340425532 0.05053191489361702 0.0884308510638298
0 0.03546099290780142 0.7992021276595744 0.07092198581560284 0.1077127659574468
0 0.14095744680851063 0.800531914893617 0.07801418439716312 0.07180851063829788
0 0.09884751773049645 0.886968085106383 0.061170212765957445 0.07313829787234043
0 0.19547872340425532 0.7001329787234043 0.05585106382978723 0.13430851063829788
0 0.22384751773049646 0.8853058510638298 0.07358156028368794 0.11901595744680851
0 0.3054078014184397 0.7257313829787234 0.08776595744680851 0.06449468085106383
0 0.4224290780141844 0.8956117021276596 0.12677304964539007 0.08776595744680851
0 0.6015070921985816 0.835438829787234 0.07890070921985816 0.07513297872340426
0 0.7468971631205674 0.918218085106383 0.08776595744680851 0.05851063829787234
0 0.750886524822695 0.9700797872340425 0.0797872340425532 0.03324468085106383
0 0.714095744680851 0.6884973404255319 0.09308510638297872 0.08710106382978723
0 0.9694148936170213 0.7689494680851063 0.05939716312056738 0.06848404255319149
0 0.03856382978723404 0.09840425531914894 0.07535460992907801 0.08111702127659574
