0 0.04698581560283688 0.30186170212765956 0.040780141843971635 0.041223404255319146
0 0.014627659574468085 0.539561170212766 0.02925531914893617 0.04055851063829787
0 0.03723404255319149 0.5871010638297872 0.03723404255319149 0.04920212765957447
0 0.011081560283687944 0.7742686170212766 0.022163120567375887 0.05784574468085106
0 0.06914893617021277 0.8304521276595744 0.03368794326241135 0.03856382978723404
0 0.11214539007092199 0.7785904255319149 0.025709219858156027 0.043882978723404256
0 0.10106382978723404 0.5877659574468085 0.024822695035460994 0.047872340425531915
0 0.13386524822695037 0.40757978723404253 0.028368794326241134 0.0678191489361702
0 0.1347517730496454 0.13597074468085107 0.040780141843971635 0.052526595744680854
0 0.22650709219858156 0.45378989361702127 0.038120567375886524 0.059175531914893616
0 0.2921099290780142 0.4630984042553192 0.034574468085106384 0.04853723404255319
0 0.387854609929078 0.40226063829787234 0.02925531914893617 0.05186170212765957
0 0.41312056737588654 0.5013297872340425 0.03900709219858156 0.030585106382978722
0 0.2557624113475177 0.7147606382978723 0.025709219858156027 0.03723404255319149
0 0.24069148936170212 0.7662898936170213 0.04521276595744681 0.04454787234042553
0 0.26595744680851063 0.8301196808510638 0.024822695035460994 0.04853723404255319
0 0.24069148936170212 0.9055851063829787 0.04521276595744681 0.04654255319148936
0 0.3333333333333333 0.8334441489361702 0.02127659574468085 0.04188829787234043
0 0.38120567375886527 0.7509973404255319 0.03900709219858156 0.032579787234042555
0 0.37898936170212766 0.8131648936170213 0.02925531914893617 0.05452127659574468
0 0.42641843971631205 0.8361037234042553 0.051418439716312055 0.04454787234042553
0 0.4725177304964539 0.5787898936170213 0.030141843971631204 0.06848404255319149
0 0.5031028368794326 0.46841755319148937 0.0274822695035461 0.07247340425531915
0 0.5695921985815603 0.29720744680851063 0.04875886524822695 0.05319148936170213
0 0.4295212765957447 0.2596409574468085 0.038120567375886524 0.06981382978723404
0 0.6090425531914894 0.08045212765957446 0.024822695035460994 0.04521276595744681
0 0.7553191489361702 0.3849734042553192 0.028368794326241134 0.05452127659574468
0 0.6196808510638298 0.5754654255319149 0.040780141843971635 0.06449468085106383
0 0.7056737588652482 0.4783909574468085 0.028368794326241134 0.06316489361702128
0 0.7921099290780141 0.46708776595744683 0.03280141843971631 0.03789893617021277
0 0.7832446808510638 0.4002659574468085 0.04875886524822695 0.05319148936170213
0 0.8160460992907801 0.4773936170212766 0.03634751773049645 0.04654255319148936
0 0.8417553191489362 0.49601063829787234 0.04521276595744681 0.03590425531914894
0 0.8652482269503546 0.581781914893617 0.03546099290780142 0.04920212765957447
0 0.8125 0.5977393617021277 0.034574468085106384 0.05452127659574468
0 0.7717198581560284 0.6243351063829787 0.03280141843971631 0.04920212765957447
0 0.7375886524822695 0.6532579787234043 0.05319148936170213 0.0538563829787234
0 0.7783687943262412 0.7087765957446809 0.05851063829787234 0.02526595744680851
0 0.7101063829787234 0.7736037234042553 0.04609929078014184 0.061835106382978726
0 0.6143617021276596 0.7945478723404256 0.03723404255319149 0.04654255319148936
0 0.6041666666666666 0.8673537234042553 0.04343971631205674 0.04853723404255319
0 0.6041666666666666 0.9075797872340425 0.0398936170212766 0.047872340425531915
0 0.7579787234042553 0.8367686170212766 0.024822695035460994 0.045877659574468085
0 0.7774822695035462 0.8553856382978723 0.047872340425531915 0.04055851063829787
0 0.8426418439716312 0.7965425531914894 0.04698581560283688 0.034574468085106384
0 0.8475177304964538 0.879654255319149 0.03546099290780142 0.03723404255319149
0 0.5811170212765957 0.7237367021276596 0.03634751773049645 0.05518617021276596
