0 0.23049645390070922 0.328125 0.05319148936170213 0.11236702127659574
0 0.11702127659574468 0.18716755319148937 0.06560283687943262 0.0884308510638298
0 0.3351063829787234 0.3819813829787234 0.047872340425531915 0.1110372340425532
0 0.39228723404255317 0.34075797872340424 0.03634751773049645 0.08976063829787234
0 0.46852836879432624 0.39694148936170215 0.041666666666666664 0.09441489361702128
0 0.5651595744680851 0.38896276595744683 0.04875886524822695 0.07579787234042554
0 0.5292553191489362 0.078125 0.05851063829787234 0.08444148936170212
0 0.6875 0.13663563829787234 0.07535460992907801 0.09640957446808511
0 0.8049645390070922 0.14594414893617022 0.04609929078014184 0.12300531914893617
0 0.9104609929078015 0.5495345744680851 0.04964539007092199 0.06050531914893617
0 0.8346631205673759 0.5019946808510638 0.13918439716312056 0.12101063829787234
0 0.9197695035460993 0.6373005319148937 0.08776595744680851 0.10172872340425532
0 0.6861702127659575 0.7862367021276596 0.09397163120567376 0.09242021276595745
0 0.5416666666666666 0.7087765957446809 0.08156028368794327 0.12234042553191489
0 0.36613475177304966 0.7898936170212766 0.07801418439716312 0.07180851063829788
0 0.3528368794326241 0.8513962765957447 0.06560283687943262 0.06715425531914894
0 0.8820921985815603 0.34208776595744683 0.06560283687943262 0.1163563829787234
