0 0.7486702127659575 0.31050531914893614 0.03280141843971631 0.047872340425531915
0 0.7943262411347518 0.35804521276595747 0.015957446808510637 0.03125
0 0.8160460992907801 0.3513962765957447 0.04343971631205674 0.03125
0 0.8439716312056738 0.3650265957446808 0.044326241134751775 0.027925531914893616
0 0.7304964539007093 0.3836436170212766 0.031914893617021274 0.030585106382978722
0 0.7198581560283688 0.48271276595744683 0.026595744680851064 0.03856382978723404
0 0.8643617021276596 0.4740691489361702 0.03368794326241135 0.03723404255319149
0 0.8798758865248227 0.44381648936170215 0.016843971631205674 0.028590425531914893
0 0.9029255319148937 0.4109042553191489 0.025709219858156027 0.05319148936170213
0 0.8497340425531915 0.5 0.0398936170212766 0.02526595744680851
0 0.900709219858156 0.5339095744680851 0.03723404255319149 0.031914893617021274
0 0.8958333333333334 0.5957446808510638 0.02925531914893617 0.04521276595744681
0 0.9539007092198581 0.6266622340425532 0.03546099290780142 0.05651595744680851
0 0.8723404255319149 0.6954787234042553 0.040780141843971635 0.03324468085106383
0 0.8789893617021277 0.71875 0.02925531914893617 0.031914893617021274
0 0.8346631205673759 0.6472739361702128 0.034574468085106384 0.04454787234042553
0 0.7681737588652482 0.5990691489361702 0.04343971631205674 0.05452127659574468
0 0.776595744680851 0.6781914893617021 0.03723404255319149 0.03324468085106383
0 0.7668439716312057 0.7772606382978723 0.030141843971631204 0.043882978723404256
0 0.7229609929078015 0.7214095744680851 0.05053191489361702 0.04521276595744681
0 0.6759751773049646 0.7174202127659575 0.020390070921985817 0.0425531914893617
0 0.6480496453900709 0.741688829787234 0.024822695035460994 0.03789893617021277
0 0.6063829787234043 0.7569813829787234 0.03368794326241135 0.04188829787234043
0 0.6028368794326241 0.7214095744680851 0.03546099290780142 0.047872340425531915
0 0.600177304964539 0.6761968085106383 0.026595744680851064 0.0398936170212766
0 0.6396276595744681 0.6712101063829787 0.0274822695035461 0.04188829787234043
0 0.6276595744680851 0.8267952127659575 0.03900709219858156 0.06050531914893617
0 0.5536347517730497 0.7323803191489362 0.0398936170212766 0.0538563829787234
0 0.5651595744680851 0.574468085106383 0.03102836879432624 0.0425531914893617
0 0.6179078014184397 0.527593085106383 0.03546099290780142 0.045877659574468085
0 0.5868794326241135 0.4444813829787234 0.03368794326241135 0.06449468085106383
0 0.5558510638297872 0.3058510638297872 0.051418439716312055 0.041223404255319146
0 0.5350177304964538 0.49069148936170215 0.0398936170212766 0.0625
0 0.5039893617021277 0.589095744680851 0.038120567375886524 0.047872340425531915
0 0.538563829787234 0.6855053191489362 0.023936170212765957 0.0425531914893617
0 0.4654255319148936 0.7649601063829787 0.028368794326241134 0.03922872340425532
0 0.4640957446808511 0.8291223404255319 0.038120567375886524 0.041223404255319146
0 0.39406028368794327 0.7985372340425532 0.034574468085106384 0.04920212765957447
0 0.4250886524822695 0.645279255319149 0.02925531914893617 0.05651595744680851
0 0.4348404255319149 0.4920212765957447 0.02925531914893617 0.04920212765957447
0 0.46852836879432624 0.4331781914893617 0.034574468085106384 0.049867021276595744
0 0.43129432624113473 0.3071808510638298 0.041666666666666664 0.030585106382978722
0 0.38120567375886527 0.5066489361702128 0.03546099290780142 0.06515957446808511
0 0.3603723404255319 0.6426196808510638 0.04698581560283688 0.04055851063829787
0 0.3151595744680851 0.6552526595744681 0.03634751773049645 0.05518617021276596
0 0.2703900709219858 0.6306515957446809 0.030141843971631204 0.04853723404255319
0 0.274822695035461 0.5521941489361702 0.030141843971631204 0.04454787234042553
0 0.2916666666666667 0.4933510638297872 0.031914893617021274 0.0598404255319149
0 0.25 0.6532579787234043 0.031914893617021274 0.045877659574468085
0 0.18395390070921985 0.4584441489361702 0.03634751773049645 0.052526595744680854
0 0.1675531914893617 0.31183510638297873 0.024822695035460994 0.04521276595744681
0 0.10106382978723404 0.4002659574468085 0.01950354609929078 0.04521276595744681
0 0.11436170212765957 0.4175531914893617 0.024822695035460994 0.031914893617021274
0 0.030141843971631204 0.4035904255319149 0.02304964539007092 0.0625
0 0.11170212765957446 0.5787898936170213 0.03368794326241135 0.05784574468085106
0 0.16932624113475178 0.6901595744680851 0.031914893617021274 0.0598404255319149
0 0.324468085106383 0.8494015957446809 0.044326241134751775 0.03922872340425532
0 0.32313829787234044 0.8809840425531915 0.03634751773049645 0.047872340425531915
0 0.3905141843971631 0.9424867021276596 0.0398936170212766 0.0538563829787234
0 0.35062056737588654 0.9544547872340425 0.04698581560283688 0.0511968085106383
