0 0.386968085106383 0.5648271276595744 0.07535460992907801 0.07247340425531915
0 0.32180851063829785 0.7130984042553191 0.040780141843971635 0.0764627659574468
0 0.1600177304964539 0.800531914893617 0.08953900709219859 0.06382978723404255
0 0.22163120567375885 0.9225398936170213 0.06028368794326241 0.07513297872340426
0 0.07624113475177305 0.7596409574468085 0.028368794326241134 0.09242021276595745
0 0.05806737588652482 0.6552526595744681 0.07712765957446809 0.06316489361702128
0 0.01551418439716312 0.8068484042553191 0.03102836879432624 0.10305851063829788
0 0.14095744680851063 0.36668882978723405 0.07624113475177305 0.10704787234042554
0 0.02127659574468085 0.2769281914893617 0.0425531914893617 0.09375
0 0.13785460992907803 0.17985372340425532 0.07712765957446809 0.07912234042553191
0 0.37810283687943264 0.31216755319148937 0.0398936170212766 0.0884308510638298
0 0.48093971631205673 0.13663563829787234 0.05053191489361702 0.10704787234042554
0 0.6276595744680851 0.40625 0.05673758865248227 0.07047872340425532
0 0.6644503546099291 0.35738031914893614 0.057624113475177305 0.059175531914893616
0 0.7127659574468085 0.3011968085106383 0.04964539007092199 0.07712765957446809
0 0.7850177304964538 0.2702792553191489 0.054078014184397165 0.09109042553191489
0 0.7083333333333334 0.12865691489361702 0.06205673758865248 0.045877659574468085
0 0.6631205673758865 0.10738031914893617 0.04609929078014184 0.0884308510638298
0 0.6179078014184397 0.09973404255319149 0.06028368794326241 0.06515957446808511
0 0.62322695035461 0.6186835106382979 0.07446808510638298 0.1283244680851064
0 0.7282801418439716 0.7027925531914894 0.041666666666666664 0.11303191489361702
0 0.7734929078014184 0.727061170212766 0.038120567375886524 0.0990691489361702
0 0.8594858156028369 0.6170212765957447 0.05053191489361702 0.06648936170212766
0 0.8891843971631206 0.6346409574468085 0.04964539007092199 0.07247340425531915
0 0.8958333333333334 0.7403590425531915 0.06648936170212766 0.09375
0 0.6968085106382979 0.48371010638297873 0.10106382978723404 0.0711436170212766
0 0.48404255319148937 0.7992021276595744 0.07092198581560284 0.05585106382978723
0 0.5093085106382979 0.8560505319148937 0.054078014184397165 0.08178191489361702
0 0.4720744680851064 0.6798537234042553 0.06471631205673758 0.07513297872340426
