0 0.3776595744680851 0.4920212765957447 0.06028368794326241 0.08111702127659574
0 0.2579787234042553 0.49867021276595747 0.0726950354609929 0.08377659574468085
0 0.07668439716312057 0.4138962765957447 0.06648936170212766 0.12300531914893617
0 0.5252659574468085 0.36336436170212766 0.06294326241134751 0.08976063829787234
0 0.5554078014184397 0.11170212765957446 0.09840425531914894 0.07579787234042554
0 0.8280141843971631 0.1439494680851064 0.07801418439716312 0.10039893617021277
0 0.7420212765957447 0.4478058510638298 0.0673758865248227 0.05784574468085106
0 0.5966312056737588 0.534906914893617 0.08865248226950355 0.08710106382978723
0 0.4224290780141844 0.7310505319148937 0.07358156028368794 0.07779255319148937
0 0.9791666666666666 0.6299867021276596 0.0398936170212766 0.09773936170212766
0 0.6449468085106383 0.973404255319149 0.07358156028368794 0.034574468085106384
