0 0.4370567375886525 0.5721409574468085 0.047872340425531915 0.05518617021276596
0 0.3528368794326241 0.633311170212766 0.05319148936170213 0.07247340425531915
0 0.31648936170212766 0.5126329787234043 0.047872340425531915 0.061170212765957445
0 0.3798758865248227 0.44581117021276595 0.061170212765957445 0.04321808510638298
0 0.313386524822695 0.24900265957446807 0.06826241134751773 0.08311170212765957
0 0.12898936170212766 0.26429521276595747 0.057624113475177305 0.05784574468085106
0 0.21852836879432624 0.4365026595744681 0.0700354609929078 0.08311170212765957
0 0.16134751773049646 0.5262632978723404 0.04964539007092199 0.061835106382978726
0 0.08953900709219859 0.554188829787234 0.044326241134751775 0.06715425531914894
0 0.0625 0.7303856382978723 0.04875886524822695 0.0711436170212766
0 0.15336879432624115 0.7456781914893617 0.044326241134751775 0.059175531914893616
0 0.2637411347517731 0.6585771276595744 0.057624113475177305 0.06981382978723404
0 0.31604609929078015 0.8144946808510638 0.0274822695035461 0.05452127659574468
0 0.3408687943262411 0.8720079787234043 0.061170212765957445 0.05784574468085106
0 0.2149822695035461 0.9245345744680851 0.03280141843971631 0.06848404255319149
0 0.10062056737588652 0.9704122340425532 0.06471631205673758 0.0511968085106383
0 0.4078014184397163 0.8567154255319149 0.04609929078014184 0.0884308510638298
0 0.41400709219858156 0.929188829787234 0.031914893617021274 0.061835106382978726
0 0.47650709219858156 0.8962765957446809 0.038120567375886524 0.057180851063829786
0 0.4640957446808511 0.7742686170212766 0.05939716312056738 0.08178191489361702
0 0.5243794326241135 0.8560505319148937 0.038120567375886524 0.04188829787234043
0 0.5806737588652482 0.859375 0.05673758865248227 0.05651595744680851
0 0.6520390070921985 0.6751994680851063 0.061170212765957445 0.06050531914893617
0 0.8342198581560284 0.859375 0.04964539007092199 0.0538563829787234
0 0.811613475177305 0.8164893617021277 0.061170212765957445 0.04521276595744681
0 0.9472517730496454 0.7094414893617021 0.034574468085106384 0.06648936170212766
0 0.9765070921985816 0.7214095744680851 0.02925531914893617 0.05585106382978723
0 0.8426418439716312 0.6745345744680851 0.041666666666666664 0.04853723404255319
0 0.8568262411347518 0.5674867021276596 0.06826241134751773 0.06981382978723404
0 0.774822695035461 0.5295877659574468 0.06205673758865248 0.052526595744680854
0 0.7832446808510638 0.48271276595744683 0.04875886524822695 0.0598404255319149
0 0.8156028368794326 0.4451462765957447 0.04609929078014184 0.052526595744680854
0 0.8470744680851063 0.40691489361702127 0.04698581560283688 0.061170212765957445
0 0.7535460992907801 0.31748670212765956 0.06028368794326241 0.06449468085106383
0 0.7092198581560284 0.31316489361702127 0.03900709219858156 0.061170212765957445
0 0.6808510638297872 0.31183510638297873 0.03900709219858156 0.05319148936170213
0 0.6125886524822695 0.2543218085106383 0.051418439716312055 0.07247340425531915
0 0.5935283687943262 0.3693484042553192 0.0398936170212766 0.061835106382978726
0 0.7526595744680851 0.7456781914893617 0.06205673758865248 0.0511968085106383
0 0.6564716312056738 0.9404920212765957 0.04343971631205674 0.06050531914893617
