0 0.4179964539007092 0.3507313829787234 0.04875886524822695 0.07513297872340426
0 0.24512411347517732 0.29720744680851063 0.03634751773049645 0.06382978723404255
0 0.3147163120567376 0.45179521276595747 0.024822695035460994 0.052526595744680854
0 0.2823581560283688 0.527593085106383 0.025709219858156027 0.045877659574468085
0 0.1799645390070922 0.6821808510638298 0.040780141843971635 0.05186170212765957
0 0.21586879432624115 0.7965425531914894 0.03280141843971631 0.05585106382978723
0 0.23891843971631205 0.741688829787234 0.023936170212765957 0.04853723404255319
0 0.2650709219858156 0.7509973404255319 0.028368794326241134 0.04853723404255319
0 0.32358156028368795 0.7287234042553191 0.02127659574468085 0.041223404255319146
0 0.41312056737588654 0.6788563829787234 0.03900709219858156 0.031914893617021274
0 0.424645390070922 0.8201462765957447 0.03368794326241135 0.0711436170212766
0 0.46143617021276595 0.7074468085106383 0.03280141843971631 0.057180851063829786
0 0.4627659574468085 0.6276595744680851 0.026595744680851064 0.0425531914893617
0 0.4716312056737589 0.5917553191489362 0.01950354609929078 0.03723404255319149
0 0.4051418439716312 0.5535239361702128 0.044326241134751775 0.05518617021276596
0 0.4640957446808511 0.4933510638297872 0.02925531914893617 0.04920212765957447
0 0.5088652482269503 0.5375664893617021 0.024822695035460994 0.025930851063829786
0 0.4844858156028369 0.3776595744680851 0.0274822695035461 0.03723404255319149
0 0.5718085106382979 0.42021276595744683 0.040780141843971635 0.0425531914893617
0 0.5722517730496454 0.504654255319149 0.03280141843971631 0.018617021276595744
0 0.6032801418439716 0.554188829787234 0.038120567375886524 0.03789893617021277
0 0.5926418439716312 0.6003989361702128 0.038120567375886524 0.02526595744680851
0 0.6223404255319149 0.6605718085106383 0.040780141843971635 0.049867021276595744
0 0.5837765957446809 0.6954787234042553 0.023936170212765957 0.03590425531914894
0 0.5899822695035462 0.7320478723404256 0.034574468085106384 0.034574468085106384
0 0.5425531914893617 0.7403590425531915 0.03900709219858156 0.02992021276595745
0 0.5602836879432624 0.7629654255319149 0.03900709219858156 0.04055851063829787
0 0.5137411347517731 0.7925531914893617 0.04698581560283688 0.031914893617021274
0 0.5647163120567376 0.8287898936170213 0.03900709219858156 0.06715425531914894
0 0.7154255319148937 0.6097074468085106 0.026595744680851064 0.04654255319148936
0 0.7198581560283688 0.5738031914893617 0.026595744680851064 0.03590425531914894
0 0.8723404255319149 0.4288563829787234 0.026595744680851064 0.03590425531914894
0 0.8541666666666666 0.433843085106383 0.023936170212765957 0.04321808510638298
0 0.8355496453900709 0.34208776595744683 0.03102836879432624 0.049867021276595744
0 0.8178191489361702 0.3540558510638298 0.03102836879432624 0.036569148936170214
0 0.8014184397163121 0.2978723404255319 0.03546099290780142 0.03856382978723404
0 0.8554964539007093 0.31050531914893614 0.026595744680851064 0.034574468085106384
0 0.7610815602836879 0.3716755319148936 0.023936170212765957 0.03324468085106383
0 0.7429078014184397 0.42021276595744683 0.0425531914893617 0.04521276595744681
0 0.7810283687943262 0.42220744680851063 0.026595744680851064 0.03590425531914894
0 0.7127659574468085 0.43916223404255317 0.028368794326241134 0.04321808510638298
0 0.6954787234042553 0.3361037234042553 0.03102836879432624 0.0538563829787234
0 0.6445035460992907 0.3547207446808511 0.024822695035460994 0.03789893617021277
0 0.600177304964539 0.3204787234042553 0.028368794326241134 0.04920212765957447
0 0.5806737588652482 0.29188829787234044 0.026595744680851064 0.04521276595744681
0 0.6187943262411347 0.33743351063829785 0.01950354609929078 0.04055851063829787
0 0.7845744680851063 0.46908244680851063 0.031914893617021274 0.04454787234042553
0 0.8922872340425532 0.5232712765957447 0.03280141843971631 0.04521276595744681
0 0.7894503546099291 0.5435505319148937 0.03280141843971631 0.03789893617021277
0 0.8111702127659575 0.5731382978723404 0.026595744680851064 0.02925531914893617
0 0.811613475177305 0.6077127659574468 0.03102836879432624 0.03723404255319149
0 0.7610815602836879 0.5877659574468085 0.02925531914893617 0.0425531914893617
0 0.7579787234042553 0.6163563829787234 0.03368794326241135 0.041223404255319146
0 0.7606382978723404 0.6788563829787234 0.03723404255319149 0.05319148936170213
0 0.7575354609929078 0.7430186170212766 0.041666666666666664 0.03523936170212766
0 0.7978723404255319 0.8058510638297872 0.01950354609929078 0.03723404255319149
0 0.81427304964539 0.805186170212766 0.03102836879432624 0.04654255319148936
0 0.9020390070921985 0.8238031914893617 0.05053191489361702 0.043882978723404256
0 0.901595744680851 0.7952127659574468 0.031914893617021274 0.03723404255319149
0 0.8125 0.7134308510638298 0.03634751773049645 0.05319148936170213
