0 0.25310283687943264 0.13131648936170212 0.05585106382978723 0.09109042553191489
0 0.1804078014184397 0.4128989361702128 0.06648936170212766 0.0625
0 0.03945035460992908 0.48936170212765956 0.041666666666666664 0.0625
0 0.14716312056737588 0.6083776595744681 0.05319148936170213 0.07579787234042554
0 0.386968085106383 0.5857712765957447 0.03634751773049645 0.057180851063829786
0 0.33687943262411346 0.8454122340425532 0.06382978723404255 0.06848404255319149
0 0.2522163120567376 0.9820478723404256 0.04698581560283688 0.03324468085106383
0 0.018173758865248225 0.9138962765957447 0.03634751773049645 0.08444148936170212
0 0.40425531914893614 0.9690824468085106 0.04609929078014184 0.0538563829787234
0 0.5740248226950354 0.9285239361702128 0.07712765957446809 0.09242021276595745
0 0.7947695035460993 0.9444813829787234 0.05585106382978723 0.0764627659574468
0 0.6750886524822695 0.7918882978723404 0.054078014184397165 0.06515957446808511
0 0.6085992907801419 0.714095744680851 0.05230496453900709 0.07047872340425532
0 0.6600177304964538 0.6499335106382979 0.04343971631205674 0.06316489361702128
0 0.5234929078014184 0.40625 0.041666666666666664 0.125
0 0.5917553191489362 0.24368351063829788 0.04521276595744681 0.08577127659574468
0 0.6343085106382979 0.2878989361702128 0.07890070921985816 0.05851063829787234
0 0.6679964539007093 0.3949468085106383 0.04521276595744681 0.06914893617021277
0 0.7185283687943262 0.40691489361702127 0.05053191489361702 0.06914893617021277
0 0.75 0.4195478723404255 0.05319148936170213 0.03590425531914894
0 0.8014184397163121 0.5754654255319149 0.051418439716312055 0.06449468085106383
0 0.7300531914893617 0.6183510638297872 0.061170212765957445 0.061170212765957445
