0 0.1750886524822695 0.13597074468085107 0.06294326241134751 0.09242021276595745
0 0.04476950354609929 0.4577792553191489 0.0700354609929078 0.11236702127659574
0 0.2566489361702128 0.6678856382978723 0.05053191489361702 0.0990691489361702
0 0.4454787234042553 0.48936170212765956 0.05939716312056738 0.07579787234042554
0 0.5549645390070922 0.31881648936170215 0.044326241134751775 0.08045212765957446
0 0.6050531914893617 0.35804521276595747 0.08599290780141844 0.07380319148936171
0 0.6161347517730497 0.4810505319148936 0.06382978723404255 0.0764627659574468
0 0.6653368794326241 0.49069148936170215 0.06294326241134751 0.05186170212765957
0 0.7070035460992907 0.5236037234042553 0.06826241134751773 0.05651595744680851
0 0.7278368794326241 0.7001329787234043 0.04964539007092199 0.0797872340425532
0 0.6382978723404256 0.7450132978723404 0.07446808510638298 0.1163563829787234
0 0.5540780141843972 0.789561170212766 0.05319148936170213 0.08311170212765957
0 0.49069148936170215 0.8334441489361702 0.07180851063829788 0.08710106382978723
0 0.537677304964539 0.9404920212765957 0.08599290780141844 0.03922872340425532
0 0.149822695035461 0.9670877659574468 0.07446808510638298 0.04454787234042553
