0 0.38386524822695034 0.3640292553191489 0.06382978723404255 0.07513297872340426
0 0.40558510638297873 0.4365026595744681 0.05230496453900709 0.08311170212765957
0 0.20700354609929078 0.35871010638297873 0.06294326241134751 0.08045212765957446
0 0.2526595744680851 0.8414228723404256 0.07624113475177305 0.08710106382978723
0 0.37677304964539005 0.9684175531914894 0.05319148936170213 0.04454787234042553
0 0.6569148936170213 0.8407579787234043 0.08156028368794327 0.08311170212765957
0 0.7606382978723404 0.729720744680851 0.07801418439716312 0.11768617021276596
0 0.9720744680851063 0.7928856382978723 0.054078014184397165 0.09773936170212766
0 0.6462765957446809 0.1745345744680851 0.0549645390070922 0.09242021276595745
0 0.5350177304964538 0.5555186170212766 0.07180851063829788 0.10172872340425532
