0 0.2553191489361702 0.42486702127659576 0.0425531914893617 0.03856382978723404
0 0.1671099290780142 0.7802526595744681 0.0274822695035461 0.061835106382978726
0 0.13164893617021275 0.7742686170212766 0.03280141843971631 0.052526595744680854
0 0.09973404255319149 0.823470744680851 0.0398936170212766 0.07513297872340426
0 0.06515957446808511 0.6914893617021277 0.0398936170212766 0.07845744680851063
0 0.35638297872340424 0.5488696808510638 0.04964539007092199 0.03789893617021277
0 0.35682624113475175 0.7081117021276596 0.054078014184397165 0.05053191489361702
0 0.3625886524822695 0.8779920212765957 0.0425531914893617 0.061835106382978726
0 0.23359929078014185 0.7516622340425532 0.05230496453900709 0.07912234042553191
0 0.5088652482269503 0.776595744680851 0.03900709219858156 0.047872340425531915
0 0.5243794326241135 0.8144946808510638 0.04875886524822695 0.041223404255319146
0 0.5620567375886525 0.7732712765957447 0.044326241134751775 0.0199468085106383
0 0.5598404255319149 0.7253989361702128 0.04343971631205674 0.0398936170212766
0 0.526595744680851 0.8896276595744681 0.05673758865248227 0.057180851063829786
0 0.45611702127659576 0.8440824468085106 0.041666666666666664 0.05518617021276596
0 0.41932624113475175 0.6492686170212766 0.024822695035460994 0.04055851063829787
0 0.43395390070921985 0.5944148936170213 0.03634751773049645 0.05585106382978723
0 0.47650709219858156 0.5375664893617021 0.02925531914893617 0.06050531914893617
0 0.4348404255319149 0.47041223404255317 0.04875886524822695 0.049867021276595744
0 0.449468085106383 0.3540558510638298 0.03900709219858156 0.05784574468085106
0 0.37632978723404253 0.2992021276595745 0.03102836879432624 0.03324468085106383
0 0.19148936170212766 0.2523271276595745 0.051418439716312055 0.052526595744680854
0 0.9042553191489362 0.25166223404255317 0.031914893617021274 0.024601063829787235
0 0.8807624113475178 0.29720744680851063 0.02925531914893617 0.02925531914893617
0 0.8572695035460993 0.3158244680851064 0.040780141843971635 0.02925531914893617
0 0.8413120567375887 0.25166223404255317 0.03900709219858156 0.03789893617021277
0 0.7938829787234043 0.3341090425531915 0.038120567375886524 0.052526595744680854
0 0.9259751773049646 0.40757978723404253 0.038120567375886524 0.0598404255319149
0 0.9029255319148937 0.40691489361702127 0.04343971631205674 0.05319148936170213
0 0.8209219858156028 0.40425531914893614 0.044326241134751775 0.0398936170212766
0 0.81427304964539 0.465093085106383 0.038120567375886524 0.036569148936170214
0 0.9561170212765957 0.5232712765957447 0.03102836879432624 0.0425531914893617
0 0.8191489361702128 0.5501994680851063 0.047872340425531915 0.024601063829787235
0 0.8457446808510638 0.581781914893617 0.051418439716312055 0.030585106382978722
0 0.848404255319149 0.633311170212766 0.040780141843971635 0.045877659574468085
0 0.9432624113475178 0.6492686170212766 0.026595744680851064 0.045877659574468085
0 0.7929964539007093 0.6063829787234043 0.034574468085106384 0.04521276595744681
0 0.7828014184397163 0.6486037234042553 0.030141843971631204 0.04720744680851064
0 0.7247340425531915 0.6279920212765957 0.05053191489361702 0.059175531914893616
0 0.737145390070922 0.5831117021276596 0.0398936170212766 0.04920212765957447
0 0.7495567375886525 0.5462101063829787 0.03102836879432624 0.06449468085106383
0 0.7313829787234043 0.4251994680851064 0.030141843971631204 0.06050531914893617
0 0.711436170212766 0.29853723404255317 0.03102836879432624 0.05851063829787234
0 0.6453900709219859 0.32180851063829785 0.03900709219858156 0.05186170212765957
0 0.600177304964539 0.28257978723404253 0.03546099290780142 0.05851063829787234
0 0.5647163120567376 0.40226063829787234 0.04609929078014184 0.05186170212765957
0 0.5629432624113475 0.49069148936170215 0.03723404255319149 0.04654255319148936
0 0.5921985815602837 0.5535239361702128 0.044326241134751775 0.04720744680851064
0 0.5797872340425532 0.613031914893617 0.028368794326241134 0.0425531914893617
0 0.7823581560283688 0.7194148936170213 0.05585106382978723 0.043882978723404256
0 0.7810283687943262 0.7945478723404256 0.0549645390070922 0.03856382978723404
0 0.8213652482269503 0.8789893617021277 0.03102836879432624 0.04654255319148936
0 0.851063829787234 0.8916223404255319 0.04964539007092199 0.04521276595744681
0 0.9658687943262412 0.9115691489361702 0.05585106382978723 0.05053191489361702
