0 0.2526595744680851 0.05418882978723404 0.07801418439716312 0.06582446808510638
0 0.18661347517730498 0.5096409574468085 0.10904255319148937 0.10039893617021277
0 0.5048758865248227 0.2888962765957447 0.08067375886524823 0.09640957446808511
0 0.425531914893617 0.14860372340425532 0.0673758865248227 0.06449468085106383
0 0.6671099290780141 0.47174202127659576 0.061170212765957445 0.08178191489361702
0 0.5523049645390071 0.554188829787234 0.07092198581560284 0.11502659574468085
0 0.5070921985815603 0.8031914893617021 0.07092198581560284 0.0797872340425532
0 0.44680851063829785 0.7230718085106383 0.04964539007092199 0.0884308510638298
0 0.3674645390070922 0.7410239361702128 0.061170212765957445 0.10305851063829788
0 0.26019503546099293 0.6612367021276596 0.06648936170212766 0.0884308510638298
0 0.6081560283687943 0.8018617021276596 0.05319148936170213 0.08776595744680851
0 0.8195921985815603 0.5548537234042553 0.07358156028368794 0.06848404255319149
0 0.936613475177305 0.554188829787234 0.07535460992907801 0.07779255319148937
0 0.9490248226950354 0.7809175531914894 0.08599290780141844 0.11901595744680851
0 0.7353723404255319 0.8633643617021277 0.07180851063829788 0.08045212765957446
0 0.9064716312056738 0.24767287234042554 0.06648936170212766 0.09375
