0 0.3770833333333333 0.48671875 0.08958333333333333 0.0625
0 0.534375 0.591796875 0.09375 0.10546875
0 0.33697916666666666 0.60546875 0.06145833333333333 0.1015625
0 0.08958333333333333 0.626953125 0.07916666666666666 0.08046875
0 0.022395833333333334 0.5359375 0.040625 0.09375
0 0.025 0.365234375 0.04583333333333333 0.08359375
0 0.6697916666666667 0.26875 0.07916666666666666 0.0828125
0 0.7671875 0.244921875 0.06354166666666666 0.09140625
0 0.7619791666666667 0.43515625 0.06354166666666666 0.0828125
0 0.7442708333333333 0.490234375 0.08645833333333333 0.06328125
0 0.5817708333333333 0.918359375 0.071875 0.08984375
0 0.47552083333333334 0.9125 0.057291666666666664 0.0859375
0 0.31979166666666664 0.872265625 0.05416666666666667 0.12265625
0 0.10885416666666667 0.945703125 0.057291666666666664 0.08671875
0 0.10677083333333333 0.712109375 0.051041666666666666 0.09765625
0 0.653125 0.96875 0.03958333333333333 0.059375
0 0.7276041666666667 0.9421875 0.071875 0.06875
0 0.93125 0.911328125 0.058333333333333334 0.10546875
