0 0.387854609929078 0.5761303191489362 0.05053191489361702 0.09242021276595745
0 0.2859042553191489 0.4817154255319149 0.07535460992907801 0.12034574468085106
0 0.2047872340425532 0.31648936170212766 0.08865248226950355 0.057180851063829786
0 0.5274822695035462 0.0834441489361702 0.07092198581560284 0.07912234042553191
0 0.688386524822695 0.26628989361702127 0.05230496453900709 0.11236702127659574
0 0.8563829787234043 0.36868351063829785 0.05851063829787234 0.09242021276595745
0 0.9703014184397163 0.3740026595744681 0.05230496453900709 0.10039893617021277
0 0.785904255319149 0.6798537234042553 0.05053191489361702 0.11768617021276596
0 0.6360815602836879 0.6293218085106383 0.07358156028368794 0.10970744680851063
0 0.5288120567375887 0.6160239361702128 0.057624113475177305 0.09640957446808511
0 0.462322695035461 0.5402260638297872 0.038120567375886524 0.09507978723404255
0 0.7198581560283688 0.9690824468085106 0.0425531914893617 0.05651595744680851
0 0.9596631205673759 0.9624335106382979 0.07358156028368794 0.059175531914893616
