0 0.18129432624113476 0.41023936170212766 0.04698581560283688 0.06515957446808511
0 0.10017730496453901 0.3098404255319149 0.047872340425531915 0.04654255319148936
0 0.17553191489361702 0.14727393617021275 0.03368794326241135 0.059175531914893616
0 0.04920212765957447 0.2523271276595745 0.025709219858156027 0.03125
0 0.047872340425531915 0.22273936170212766 0.024822695035460994 0.043882978723404256
0 0.02925531914893617 0.5608377659574468 0.031914893617021274 0.04853723404255319
0 0.09530141843971632 0.586436170212766 0.041666666666666664 0.047872340425531915
0 0.15336879432624115 0.5857712765957447 0.028368794326241134 0.05186170212765957
0 0.1724290780141844 0.7642952127659575 0.025709219858156027 0.06449468085106383
0 0.13386524822695037 0.8211436170212766 0.047872340425531915 0.041223404255319146
0 0.07047872340425532 0.7669547872340425 0.041666666666666664 0.06981382978723404
0 0.29388297872340424 0.894281914893617 0.041666666666666664 0.05851063829787234
0 0.31870567375886527 0.8218085106382979 0.02925531914893617 0.047872340425531915
0 0.29476950354609927 0.7616356382978723 0.0398936170212766 0.03523936170212766
0 0.30851063829787234 0.7147606382978723 0.02304964539007092 0.03723404255319149
0 0.21631205673758866 0.6150265957446809 0.024822695035460994 0.0598404255319149
0 0.34308510638297873 0.5791223404255319 0.03723404255319149 0.043882978723404256
0 0.34131205673758863 0.4617686170212766 0.047872340425531915 0.05651595744680851
0 0.27437943262411346 0.45378989361702127 0.038120567375886524 0.045877659574468085
0 0.424645390070922 0.3976063829787234 0.030141843971631204 0.047872340425531915
0 0.45434397163120566 0.504654255319149 0.034574468085106384 0.047872340425531915
0 0.42065602836879434 0.5944148936170213 0.034574468085106384 0.04521276595744681
0 0.37854609929078015 0.7214095744680851 0.031914893617021274 0.0398936170212766
0 0.35106382978723405 0.7596409574468085 0.04609929078014184 0.04188829787234043
0 0.43351063829787234 0.7310505319148937 0.03723404255319149 0.03789893617021277
0 0.42819148936170215 0.7912234042553191 0.03546099290780142 0.0425531914893617
0 0.3803191489361702 0.8151595744680851 0.047872340425531915 0.034574468085106384
0 0.47384751773049644 0.8254654255319149 0.04521276595744681 0.05518617021276596
0 0.48226950354609927 0.9075797872340425 0.047872340425531915 0.05053191489361702
0 0.5669326241134752 0.788563829787234 0.03280141843971631 0.0425531914893617
0 0.511968085106383 0.5714760638297872 0.0274822695035461 0.0511968085106383
0 0.5381205673758865 0.4591090425531915 0.028368794326241134 0.03789893617021277
0 0.599290780141844 0.2978723404255319 0.03368794326241135 0.05186170212765957
0 0.4627659574468085 0.2629654255319149 0.06382978723404255 0.04454787234042553
0 0.7340425531914894 0.46841755319148937 0.03900709219858156 0.07247340425531915
0 0.6462765957446809 0.5648271276595744 0.03900709219858156 0.061835106382978726
0 0.6192375886524822 0.7087765957446809 0.02925531914893617 0.05186170212765957
0 0.6648936170212766 0.739029255319149 0.047872340425531915 0.06715425531914894
0 0.6555851063829787 0.7898936170212766 0.0274822695035461 0.0398936170212766
0 0.6480496453900709 0.854720744680851 0.0425531914893617 0.025930851063829786
0 0.6493794326241135 0.875 0.03634751773049645 0.030585106382978722
0 0.7761524822695035 0.6346409574468085 0.03280141843971631 0.059175531914893616
0 0.8062943262411347 0.6914893617021277 0.041666666666666664 0.04654255319148936
0 0.7539893617021277 0.7596409574468085 0.0398936170212766 0.049867021276595744
0 0.7965425531914894 0.8144946808510638 0.0274822695035461 0.057180851063829786
0 0.8843085106382979 0.8573803191489362 0.02925531914893617 0.03922872340425532
0 0.8922872340425532 0.5721409574468085 0.022163120567375887 0.04720744680851064
0 0.8470744680851063 0.5884308510638298 0.02925531914893617 0.03856382978723404
0 0.8085106382978723 0.617686170212766 0.03723404255319149 0.041223404255319146
0 0.8209219858156028 0.4577792553191489 0.030141843971631204 0.04853723404255319
0 0.8448581560283688 0.4611037234042553 0.026595744680851064 0.03922872340425532
0 0.8696808510638298 0.4787234042553192 0.03900709219858156 0.02526595744680851
0 0.81072695035461 0.39694148936170215 0.03634751773049645 0.03856382978723404
0 0.7845744680851063 0.3783244680851064 0.01950354609929078 0.05452127659574468
