0 0.2078900709219858 0.12400265957446809 0.05585106382978723 0.1110372340425532
0 0.30851063829787234 0.20678191489361702 0.051418439716312055 0.07313829787234043
0 0.38475177304964536 0.16323138297872342 0.031914893617021274 0.11236702127659574
0 0.44592198581560283 0.25033244680851063 0.051418439716312055 0.06981382978723404
0 0.5465425531914894 0.253656914893617 0.05585106382978723 0.08444148936170212
0 0.675531914893617 0.3248005319148936 0.04964539007092199 0.10837765957446809
0 0.8772163120567376 0.03956117021276596 0.0700354609929078 0.05784574468085106
0 0.9485815602836879 0.5668218085106383 0.05673758865248227 0.08444148936170212
0 0.9060283687943262 0.671875 0.0425531914893617 0.10438829787234043
0 0.8479609929078015 0.5721409574468085 0.07535460992907801 0.08178191489361702
0 0.8599290780141844 0.4790558510638298 0.028368794326241134 0.061835106382978726
0 0.6294326241134752 0.5807845744680851 0.0425531914893617 0.08311170212765957
0 0.4317375886524823 0.5927526595744681 0.06560283687943262 0.10172872340425532
0 0.5589539007092199 0.6798537234042553 0.07180851063829788 0.06981382978723404
0 0.22429078014184398 0.6559175531914894 0.07801418439716312 0.06449468085106383
0 0.20079787234042554 0.7014627659574468 0.04698581560283688 0.06914893617021277
0 0.17287234042553193 0.871343085106383 0.05851063829787234 0.0884308510638298
0 0.26640070921985815 0.8607047872340425 0.06294326241134751 0.06715425531914894
0 0.8559397163120568 0.8085106382978723 0.05585106382978723 0.0797872340425532
0 0.9782801418439716 0.4900265957446808 0.041666666666666664 0.12367021276595745
