0 0.16145833333333334 0.049609375 0.04375 0.07734375
0 0.021354166666666667 0.202734375 0.042708333333333334 0.08046875
0 0.022916666666666665 0.352734375 0.04583333333333333 0.06015625
0 0.17239583333333333 0.2625 0.06770833333333333 0.059375
0 0.2786458333333333 0.265234375 0.05520833333333333 0.05546875
0 0.409375 0.33828125 0.03958333333333333 0.06875
0 0.5140625 0.260546875 0.04479166666666667 0.08203125
0 0.46770833333333334 0.044140625 0.041666666666666664 0.06171875
0 0.5557291666666667 0.048046875 0.03854166666666667 0.06484375
0 0.6161458333333333 0.125 0.026041666666666668 0.0671875
0 0.678125 0.091015625 0.0375 0.07109375
0 0.7729166666666667 0.170703125 0.03958333333333333 0.05546875
0 0.8354166666666667 0.309375 0.06875 0.0765625
0 0.5473958333333333 0.487109375 0.051041666666666666 0.04609375
0 0.22708333333333333 0.519921875 0.022916666666666665 0.05703125
0 0.37604166666666666 0.7578125 0.05625 0.078125
0 0.6083333333333333 0.591796875 0.05 0.06640625
0 0.746875 0.6828125 0.06458333333333334 0.0765625
