0 0.14627659574468085 0.4777260638297872 0.09219858156028368 0.0990691489361702
0 0.14140070921985815 0.6625664893617021 0.06648936170212766 0.11502659574468085
0 0.1879432624113475 0.8194813829787234 0.0549645390070922 0.08045212765957446
0 0.15159574468085107 0.965093085106383 0.0549645390070922 0.059175531914893616
0 0.030141843971631204 0.9591090425531915 0.06028368794326241 0.06582446808510638
0 0.026152482269503546 0.7802526595744681 0.05230496453900709 0.08577127659574468
0 0.3151595744680851 0.7529920212765957 0.034574468085106384 0.0764627659574468
0 0.2841312056737589 0.9258643617021277 0.06648936170212766 0.05518617021276596
0 0.4924645390070922 0.90625 0.061170212765957445 0.08244680851063829
0 0.3754432624113475 0.5302526595744681 0.0700354609929078 0.09375
0 0.6081560283687943 0.7456781914893617 0.0673758865248227 0.10970744680851063
0 0.7180851063829787 0.6466090425531915 0.07092198581560284 0.11236702127659574
0 0.7495567375886525 0.7423537234042553 0.04343971631205674 0.07380319148936171
0 0.7881205673758865 0.7376994680851063 0.0673758865248227 0.06715425531914894
0 0.8187056737588653 0.7682845744680851 0.05585106382978723 0.04321808510638298
0 0.8608156028368794 0.8899601063829787 0.06028368794326241 0.08311170212765957
0 0.7943262411347518 0.941156914893617 0.05851063829787234 0.061835106382978726
0 0.7331560283687943 0.9684175531914894 0.06205673758865248 0.06050531914893617
