0 0.15780141843971632 0.31648936170212766 0.06028368794326241 0.057180851063829786
0 0.2752659574468085 0.3896276595744681 0.03634751773049645 0.061170212765957445
0 0.3333333333333333 0.48470744680851063 0.05673758865248227 0.06382978723404255
0 0.08599290780141844 0.6339760638297872 0.07624113475177305 0.05784574468085106
0 0.15203900709219859 0.7523271276595744 0.041666666666666664 0.06715425531914894
0 0.22384751773049646 0.8241356382978723 0.05053191489361702 0.0764627659574468
0 0.27925531914893614 0.8011968085106383 0.040780141843971635 0.07313829787234043
0 0.3204787234042553 0.8720079787234043 0.054078014184397165 0.07380319148936171
0 0.40115248226950356 0.8706781914893617 0.04521276595744681 0.0711436170212766
0 0.46187943262411346 0.6087101063829787 0.05319148936170213 0.09773936170212766
0 0.36480496453900707 0.6891622340425532 0.06471631205673758 0.09109042553191489
0 0.5762411347517731 0.6835106382978723 0.07092198581560284 0.04654255319148936
0 0.6781914893617021 0.694813829787234 0.06382978723404255 0.07446808510638298
0 0.839095744680851 0.7436835106382979 0.061170212765957445 0.09507978723404255
0 0.6773049645390071 0.8809840425531915 0.06205673758865248 0.05319148936170213
0 0.800531914893617 0.8922872340425532 0.03900709219858156 0.07313829787234043
0 0.9188829787234043 0.8560505319148937 0.07358156028368794 0.052526595744680854
0 0.9609929078014184 0.6861702127659575 0.05319148936170213 0.0678191489361702
0 0.8067375886524822 0.6050531914893617 0.05319148936170213 0.0851063829787234
0 0.8843085106382979 0.4165558510638298 0.07712765957446809 0.07513297872340426
0 0.48271276595744683 0.25033244680851063 0.05230496453900709 0.09109042553191489
0 0.6214539007092199 0.4478058510638298 0.01950354609929078 0.04188829787234043
0 0.20079787234042554 0.5621675531914894 0.025709219858156027 0.0511968085106383
