0 0.060403716362125326 0.29588261669944205 0.04488983603843677 0.04056817999955342
0 0.26730100150539804 0.15454462233371513 0.04307423947374511 0.05016308524383195
0 0.3213278377572435 0.2975668461849571 0.051988463910806804 0.0527308013644292
0 0.3368370484092371 0.1389881377223699 0.04430768333564039 0.039069192298409106
0 0.16185117549141687 0.16920979057973795 0.047506618695782654 0.03589023120641921
0 0.413330078125 0.37255859375 0.01904296875 0.0146484375
0 0.27061422925895084 0.23937924996311788 0.039456161319905814 0.039216034036966274
0 0.188720703125 0.364501953125 0.03173828125 0.03076171875
0 0.7610962918396988 0.23321212443008676 0.0333835619405225 0.05823512476980186
0 0.055875399063306075 0.7807635386409297 0.03879250366256004 0.04403055863467764
0 0.063720703125 0.396240234375 0.04638671875 0.03271484375
0 0.423300107961885 0.7210441756849992 0.04864544262758397 0.06124671225527489
0 0.4521484375 0.598388671875 0.015625 0.07666015625
0 0.414743942304585 0.7862928774952977 0.030879574721991654 0.05708784251408039
0 0.27569583301610234 0.7639339168759982 0.03220033254891108 0.06252722416636902
0 0.470703125 0.4140625 0.021484375 0.0517578125
0 0.5690318355770114 0.4348307619714347 0.04196014853843677 0.04036331629268766
0 0.5806574626015131 0.47339136863825027 0.027975368695782654 0.03452447316064744
0 0.6090549680001839 0.5764017541558613 0.03368410028492996 0.055339581220946066
0 0.5879337123131222 0.5798230690550659 0.02280438434962173 0.044856933246915975
0 0.5023244775632141 0.7248321068847197 0.03502378209786838 0.053488888074379015
0 0.6259267056455318 0.9427084312108849 0.047155865881090886 0.04558756830413069
0 0.6768447356035422 0.8915107614987443 0.053347069709763884 0.04359003341900625
0 0.7015454729951075 0.8246470280506841 0.05241416419227585 0.05178838281557363
0 0.631326095970606 0.7901836955211836 0.05637718615033227 0.030191310028160778
0 0.6988951544216029 0.7067117072747142 0.03032871250346081 0.05607713606293607
0 0.6787736972764389 0.6186775866853617 0.03734002641080669 0.051706482830100375
0 0.6495146702484764 0.6353063733517307 0.03404141058739396 0.03057381327552333
0 0.7530229892834064 0.5750842071171507 0.03551206334786827 0.05352303202552333
0 0.7480680444179122 0.4096729073037681 0.04452671672549846 0.04248716104840913
0 0.8557409917693333 0.43617020579630233 0.03496120112933765 0.052512325574379015
0 0.8029447842781003 0.47874953276416443 0.035637225284930185 0.055476157025523276
0 0.8377830689022695 0.5419359854226211 0.03380345321151723 0.034445919324379015
0 0.8157609466592831 0.5745858874195371 0.04060154273947969 0.04950408423811048
0 0.9508430400805182 0.42368690427430966 0.04351230625346081 0.05699902274383198
0 0.9515460426644973 0.5189120139582896 0.05749708609611481 0.06283786587587215
0 0.936643717711793 0.660435022622021 0.040683047694029195 0.043190571939254796
0 0.9133321281261524 0.6980360250212256 0.04502736447374511 0.050299661048409106
0 0.8770559781803697 0.733140945351326 0.04875242905592492 0.03257469430985205
0 0.9239564596541608 0.7522216316880411 0.047644147131090886 0.04562171225527489