0 0.35177134206180816 0.19036321187498725 0.029273655822142475 0.06506174195302765
0 0.27979670056947403 0.14700440458589803 0.04390219738583179 0.06543428972548278
0 0.322998046875 0.4654947916666667 0.03369140625 0.028645833333333332
0 0.28227372288367714 0.41938142714358256 0.03721631021854899 0.05392302596853001
0 0.16059306451899502 0.20039169022249034 0.03566110394476396 0.06680738070998042
0 0.1894290097423011 0.2511305155088512 0.036241409339322406 0.022021984301863345
0 0.10546875 0.011067708333333334 0.046875 0.022135416666666668
0 0.484130859375 0.024739583333333332 0.05419921875 0.049479166666666664
0 0.4599609375 0.181640625 0.0400390625 0.10026041666666667
0 0.462158203125 0.47265625 0.03466796875 0.014322916666666666
0 0.5681951791342241 0.3014506303692664 0.057105687072142475 0.06700656188735928
0 0.56635729745664 0.19348007264651193 0.04557511765670785 0.08828898735475758
0 0.5881649922999321 0.10989959671171512 0.05259178020427813 0.06279323505562262
0 0.7886496266868246 0.11741235536101846 0.05543110518049277 0.07598466662880954
0 0.8407854619767288 0.13339882971258246 0.04171943830787139 0.07372723315229586
0 0.845703125 0.037109375 0.0361328125 0.07421875
0 0.8925681117623898 0.42481281706734003 0.05560105144952088 0.06560211961011368
0 0.945556640625 0.4498697916666667 0.04052734375 0.059895833333333336
0 0.737060546875 0.455078125 0.06591796875 0.049479166666666664
0 0.7434176812967497 0.3273373393427878 0.05608933269952088 0.06563623925808433
0 0.19731529957132216 0.8519239041522327 0.05603876204835745 0.07992503627678034
0 0.33100488238976844 0.8580174793628794 0.03972652143525002 0.0722886712270796
0 0.4168661218860722 0.7977527659976108 0.03781318830787139 0.07345427596853
0 0.372314453125 0.5087890625 0.03466796875 0.057942708333333336
0 0.0623598323659833 0.8522383866643405 0.04199631979544849 0.11467461885635426
0 0.07338806202429893 0.527533656527082 0.06691110394476396 0.0689910381801071
0 0.12531995308877553 0.6325081213241549 0.04948302927748127 0.05672914216779823
0 0.013916015625 0.8987630208333334 0.02783203125 0.07356770833333333