0 0.024658203125 0.5361328125 0.04931640625 0.068359375
0 0.12410168505238661 0.5763509742057711 0.05682677697260452 0.06930519011038161
0 0.29255640976393704 0.43914387058275917 0.047453003243002057 0.054758418760131544
0 0.12674800233681927 0.03575271169563936 0.04473074494463236 0.07020148224236702
0 0.009033203125 0.3369140625 0.01806640625 0.048828125
0 0.24615108532922503 0.22766325359543516 0.045174165198131444 0.043948005065969964
0 0.15829132871791307 0.303296050457066 0.03545340119463236 0.06976938301267599
0 0.662841796875 0.02490234375 0.03076171875 0.0498046875
0 0.559326171875 0.0263671875 0.03076171875 0.052734375
0 0.5748803438840162 0.11379085465872377 0.029845163123538798 0.04712650899491133
0 0.4890611277272567 0.11288790348482536 0.04511531159381721 0.06243446637180816
0 0.4503310487587278 0.08676152708886886 0.032582567298946374 0.05114646931851424
0 0.46472719606059654 0.04395062525892798 0.032678420643936446 0.03314828926267599
0 0.4603602850203584 0.3484468371332805 0.03133243737178937 0.06033284480963186
0 0.5154733878525057 0.5649119327703547 0.03887136994463225 0.06992857746572012
0 0.522048597263937 0.46415475664345784 0.040372636800695916 0.03837223273348478
0 0.5931150846852691 0.4255644548706501 0.031169869166660147 0.0710295481801908
0 0.6419606621007563 0.5722508158871655 0.02653819359556664 0.0484321582918672
0 0.6640521788286092 0.5986621412336217 0.030519019711530926 0.081703509486029
0 0.6737560670512333 0.45512884951535726 0.019021691520974215 0.051974535256338106
0 0.7613815625145137 0.5186682530775792 0.029741448522723646 0.03933675105963186
0 0.7223176976165409 0.029013127586461504 0.019132690743002057 0.053439379006337995
0 0.9453125 0.01611328125 0.0283203125 0.0322265625
0 0.964557919868867 0.07016109375281825 0.04071349572260452 0.06855470197460237
0 0.99267578125 0.262939453125 0.0146484375 0.06103515625
0 0.99560546875 0.401611328125 0.0087890625 0.05419921875
0 0.97900390625 0.496826171875 0.0419921875 0.02587890625
0 0.9311907083886488 0.4122683523340085 0.04528516442015906 0.045412848815969964
0 0.8930173554340962 0.4904870131588607 0.03187228760489069 0.04819403975379366
0 0.8787954624067202 0.3480680826119048 0.028188036048946374 0.050941790736029
0 0.8684215424096425 0.2564304020649488 0.04522631081584505 0.06389931012180816
0 0.9074621885460045 0.27372223183146416 0.03142100609556664 0.048659578939073134
0 0.8180405815704777 0.3028773416842127 0.03583796784381721 0.062002367142117154
0 0.832241562374692 0.10229406780097788 0.03925593659381721 0.062161561595161174
0 0.75244140625 0.018798828125 0.0361328125 0.03759765625
0 0.795073545399126 0.549439323435462 0.020597534493002057 0.053507605200499686
0 0.8406182846386292 0.6266987786930951 0.035023973548946374 0.051260179642117265
0 0.832275390625 0.6572265625 0.04541015625 0.025390625
0 0.87548828125 0.64697265625 0.0419921875 0.0458984375
0 0.918212890625 0.65234375 0.02001953125 0.03515625
0 0.957275390625 0.6533203125 0.02880859375 0.033203125
0 0.97705078125 0.588134765625 0.0458984375 0.06494140625
0 0.9420764934032018 0.5817929143428908 0.02369707481934391 0.03662244003298509
0 0.655029296875 0.657958984375 0.05322265625 0.02392578125
0 0.029052734375 0.827392578125 0.05810546875 0.08056640625
0 0.45556640625 0.899658203125 0.0517578125 0.06494140625
0 0.6183947104632412 0.7602804700446398 0.057580764393936334 0.03430813456342552
0 0.99072265625 0.685546875 0.0185546875 0.03125
0 0.837780990675945 0.7520224079850992 0.056619347770974215 0.05372567423982266
0 0.7791283870716309 0.7733743694457307 0.052861096733678004 0.055496862722058005
0 0.60617656977849 0.967631455233713 0.036363248834493156 0.06251339045683779