0 0.023490211598923574 0.17506793769785567 0.03814877792309629 0.048457261315608235
0 0.038478864924833 0.2302100787640825 0.03268677750536908 0.04048847844909287
0 0.07298740491727654 0.28689708366309286 0.02934835208963038 0.047224963215855675
0 0.28877362741687884 0.29610650089035073 0.05196837625815309 0.061550384748556564
0 0.3124888449087258 0.35687547130633 0.03903443375536908 0.040673176382247433
0 0.407425629077845 0.3415653265203301 0.0323007662565622 0.04926333341577327
0 0.4598936499194639 0.2820361688022064 0.043406238338437264 0.038847919182123825
0 0.20743156953673508 0.02460562887606199 0.04057882083963038 0.04755173648220623
0 0.015869140625 0.023193359375 0.03173828125 0.03173828125
0 0.547607421875 0.205810546875 0.03564453125 0.05322265625
0 0.7372775136756284 0.3142336700803714 0.04628513292687453 0.07651661309872182
0 0.7812452107535264 0.355565618112454 0.03728016709102233 0.05770618999896904
0 0.841798451598327 0.27282628092744365 0.04617718125894843 0.0672392693487216
0 0.97607421875 0.269287109375 0.0478515625 0.05908203125
0 0.977783203125 0.20703125 0.04443359375 0.060546875
0 0.9541499607883259 0.10416218345767048 0.08039664042607919 0.07165176543109286
0 0.07995538910826971 0.8191403186850724 0.03820559459042583 0.053340073815608235
0 0.16842554411503086 0.7718929871825982 0.03626383292389157 0.05425980618232984
0 0.048463814151023465 0.5031759700360621 0.06015552417349401 0.05202628781498975
0 0.1359055874791203 0.5443075447835879 0.03250530625894843 0.06684145841577321
0 0.29307601748985845 0.469752392945856 0.0392957904250848 0.06313411388224746
0 0.31245885997673406 0.5670287968452787 0.04467824750855076 0.06426695924876291
0 0.2710505157940928 0.6835395603630725 0.033283352512329056 0.09175800969909287
0 0.48459282202321297 0.8436136763070108 0.05823648917389157 0.05489914518171135
0 0.41223697453355346 0.7653106713090725 0.04459870417428946 0.05743102174876291
0 0.43778805455821135 0.5843520079084128 0.04986752792309623 0.04879824211527839
0 0.6139262232952858 0.5625405086266805 0.041799695009147264 0.06857624529884543
0 0.6193704945347466 0.6403619253098352 0.04745453000676103 0.051168610698680395
0 0.7267235053558835 0.7333597477067837 0.06247193375536908 0.04135513798158774
0 0.712903564931793 0.7876636443071547 0.03743357209281206 0.07088978374896904
0 0.7030406674192651 0.8796930649574022 0.044053606256959865 0.052534001715443424
0 0.6602316882658554 0.7807581369586393 0.0288543891728974 0.046722474432536076
0 0.669921875 0.9921875 0.046875 0.015625
0 0.730224609375 0.40869140625 0.03271484375 0.017578125
0 0.835205078125 0.98193359375 0.04541015625 0.0361328125