0 0.01220703125 0.154541015625 0.0244140625 0.06298828125
0 0.23091041264750234 0.15259503707680733 0.04601090780104666 0.06469458766305225
0 0.25569648497451875 0.09851797002693968 0.050026509439254796 0.0383614890096009
0 0.205322265625 0.007568359375 0.02880859375 0.01513671875
0 0.15625 0.010986328125 0.0361328125 0.02197265625
0 0.287109375 0.015625 0.04296875 0.03125
0 0.37097169622407217 0.056690870835787166 0.035869699338459404 0.05926667916880479
0 0.4287531386677508 0.16644652962224615 0.05245764975527489 0.04520878945845053
0 0.3958269663988421 0.28104774577441477 0.056373938202888496 0.10819422997123807
0 0.2893780802632713 0.23158045490162915 0.042002225947613714 0.06320701801535333
0 0.26006447451724846 0.33643309047707204 0.035323396120150674 0.05145417916880479
0 0.099365234375 0.0146484375 0.03564453125 0.029296875
0 0.5197234115691461 0.08100331789720039 0.05989791244189213 0.06087071904221142
0 0.5476069999754118 0.18521175722649175 0.04155143479796264 0.08468003006650382
0 0.5927734375 0.17529296875 0.0263671875 0.0517578125
0 0.58642578125 0.093994140625 0.013671875 0.04541015625
0 0.8264742981528193 0.20619332173990035 0.052413239870150674 0.051553604971238176
0 0.8400408501229142 0.3684475743377318 0.05912955979796264 0.08478229660614955
0 0.6499523746479909 0.2926042482027795 0.04655721101935528 0.07250708766305225
0 0.7456796051515215 0.35568659933131763 0.03867642311706665 0.0714850733676542
0 0.8896879749776447 0.21730764581472228 0.03679158601935528 0.07245027291880479
0 0.6388285938460933 0.5494799560237529 0.056476597542687745 0.03986326234336168
0 0.009765625 0.98828125 0.01953125 0.0224609375
0 0.03794046067964019 0.8329096888996845 0.03040309351980186 0.029949919008318115
0 0.12089002372496538 0.7713553288408778 0.02764412577552333 0.03237428083504379
0 0.2167705607790959 0.72746147516123 0.023044730818657544 0.02941902670013241
0 0.2511484196875525 0.7667398711893709 0.025759288677811965 0.033339480386194276
0 0.21914390661317357 0.7983048674694158 0.03191569330413058 0.044601197245530466
0 0.28879048582267675 0.7733091049419367 0.024533452585821847 0.03674892692455711
0 0.3184491047157132 0.7124216670269805 0.020388194927811742 0.033308232276858085
0 0.06139446393929682 0.6581703383555693 0.0295392288072146 0.024575984521105654
0 0.19628305266068952 0.671167094550611 0.021579887068657544 0.029410504488495248
0 0.10176492750312605 0.7165343141918958 0.0295392288072146 0.024575984521105765
0 0.57421875 0.642333984375 0.0107421875 0.02197265625
0 0.5653107523869105 0.5980881312738345 0.02577982054577177 0.019673286860619033
0 0.38157441674302284 0.8505402493716252 0.019841891709503123 0.025495732276858085
0 0.36783045271879733 0.7327366349470681 0.02779096751408039 0.02749430907225614
0 0.40259705220029307 0.6127728472565366 0.021535477183533214 0.03575532000128284
0 0.5359422433354173 0.6198988655027289 0.0229764429163688 0.028442464200132356
0 0.3233386095141224 0.6704408424758299 0.021863304611791756 0.0264836577257076
0 0.08877281286317351 0.7975463906337101 0.02280572316064755 0.02600105795013241
0 0.18889792076590872 0.8396496924355225 0.02361156590492608 0.023565333174557113
0 0.154639451943274 0.7637359989713196 0.025711532643483137 0.018696724360619088
0 0.1979697183499443 0.6330754755761863 0.021590153002637447 0.0225774077257076
0 0.228759765625 0.58154296875 0.02001953125 0.0234375
0 0.08491051777556535 0.6641689094789759 0.019910179611791756 0.026472294776858085
0 0.108642578125 0.572998046875 0.02197265625 0.00634765625
0 0.50634765625 0.991455078125 0.0185546875 0.01708984375
0 0.523916425261485 0.6940778451817555 0.02654125340492608 0.02358237759783144
0 0.56591796875 0.722900390625 0.02734375 0.02294921875
0 0.571533203125 0.786865234375 0.01611328125 0.03173828125
0 0.5012646911105361 0.8224162732898088 0.030368949568657655 0.029461637758318115
0 0.4222622143147645 0.8414958460730404 0.019773603807214712 0.024519169776858085
0 0.29416135208631045 0.7034877269291491 0.024192013074379126 0.03186611442455711
0 0.341064453125 0.58251953125 0.02587890625 0.025390625
0 0.679422405607452 0.81563934017021 0.020944764080100597 0.034287635514070436
0 0.6158605969727744 0.8514170605186624 0.04915572494189213 0.06080822282353904
0 0.586669921875 0.814208984375 0.01416015625 0.04736328125