0 0.02294921875 0.0908203125 0.0458984375 0.03125
0 0.0087890625 0.12158203125 0.017578125 0.0546875
0 0.0244140625 0.306884765625 0.048828125 0.05029296875
0 0.08839887683268483 0.20348079533761954 0.05288295059731618 0.03652212016621981
0 0.161376953125 0.35205078125 0.05517578125 0.0751953125
0 0.8970876919143145 0.11608227331753884 0.042362761541371974 0.038951482242367
0 0.9437025404603581 0.04580052070715729 0.030674303295447514 0.07733172030074964
0 0.965087890625 0.109130859375 0.06982421875 0.04248046875
0 0.9794921875 0.19677734375 0.041015625 0.068359375
0 0.9392453307925055 0.26504014824014227 0.05340094696677933 0.04335805766621981
0 0.8466796875 0.01708984375 0.0439453125 0.0341796875
0 0.14870897251745563 0.5209826309201504 0.06435056366840963 0.05943789896063145
0 0.1282908820104577 0.5748541091561794 0.045714592065844994 0.06392205218652869
0 0.11727685698713777 0.6816980809302821 0.065245842065845 0.06483173477535198
0 0.03466796875 0.4189453125 0.064453125 0.05859375
0 0.06156353204248588 0.825904282982281 0.059697610868290396 0.08792810380454319
0 0.0751953125 0.97021484375 0.0478515625 0.0595703125
0 0.2533767791899213 0.8223604873618136 0.04964327256409562 0.07724209832485229
0 0.28759765625 0.965576171875 0.0576171875 0.06884765625
0 0.4714523459673168 0.7450728325345082 0.06853881898600411 0.10828876602535198
0 0.499755859375 0.407958984375 0.03955078125 0.03662109375
0 0.4992500490209546 0.47819567269189134 0.0519585337150299 0.05642794109261684
0 0.510986328125 0.869873046875 0.03759765625 0.04736328125
0 0.4980449917190466 0.9408160854812142 0.03998136216491055 0.08457701496572012
0 0.80810546875 0.399658203125 0.05078125 0.02001953125
0 0.7900896898426247 0.4228380272971386 0.03705838265151096 0.04600279621572012
0 0.7675116217686089 0.4934702624862116 0.05702634491840963 0.05909676798982266
0 0.7176868103088079 0.6119219665026813 0.042570190743002057 0.05453099811292583
0 0.7142190024795436 0.7213544948059751 0.048932992870039826 0.07428966876013154
0 0.537353515625 0.6572265625 0.01513671875 0.04296875
0 0.56298828125 0.4140625 0.0224609375 0.048828125
0 0.54541015625 0.848388671875 0.03125 0.05810546875
0 0.6424451185372179 0.9187392152615179 0.03984793244463236 0.06997406159516117
0 0.8566328293705773 0.6284806650661983 0.03816837487178937 0.06065123371572012
0 0.7982520632895831 0.5434889801765797 0.02748504097610338 0.041664446986029
0 0.8644397746532017 0.7315080088161983 0.04329561631409562 0.07694645148348478
0 0.7294921875 0.41455078125 0.0341796875 0.0498046875
0 0.85009765625 0.980712890625 0.0322265625 0.03857421875
0 0.740478515625 0.97314453125 0.04248046875 0.0537109375