0 0.22734601207681254 0.04004295660293111 0.03464598011326192 0.05625670246572012
0 0.290771484375 0.016357421875 0.03857421875 0.03271484375
0 0.46390809126801935 0.15538693070456733 0.05693398665737526 0.07534650162814627
0 0.0244140625 0.17529296875 0.048828125 0.041015625
0 0.4650297978439786 0.34268225212208214 0.059497185977730016 0.05448686026646965
0 0.08491772042738036 0.09400143662189947 0.050074951552056324 0.04575397978677864
0 0.33711826527440336 0.26374796177303583 0.06293220068957406 0.05562261721951378
0 0.8120020868004972 0.023124351479827998 0.018628922990850727 0.03306801889466149
0 0.7840592567985115 0.030768305418901076 0.020530910105318878 0.03022929965354379
0 0.7641931392051071 0.022911667572444866 0.024616142704680488 0.04066514242130842
0 0.6961430628557456 0.03632672081860555 0.02393183289347489 0.029411931606587866
0 0.6770574792011357 0.03965506759270819 0.02869532366056715 0.02280341475379366
0 0.673985372362909 0.07590159041631109 0.02037749644872322 0.021440237153543817
0 0.6385904788970935 0.09121089407619287 0.03291692395468049 0.04105175752155832
0 0.6483585752345407 0.1185653419670607 0.034134601257943015 0.026959827465720065
0 0.5909057957095053 0.1397808510393686 0.03860583933624086 0.031559037298205306
0 0.6928006919654626 0.11600753282748788 0.038512086546099056 0.026187943548205306
0 0.6964355689448255 0.2431760343008409 0.03871169541333247 0.09352527191876414
0 0.7128361602087259 0.19801469447978234 0.04639277039347489 0.030458066583734567
0 0.7813830407890094 0.18408861791890108 0.03822835683822656 0.03788395148348467
0 0.767031798652698 0.25159718491635674 0.03720065645269477 0.034908779854043503
0 0.8369057929193635 0.13368994417019608 0.025464860490850727 0.03338640780074964
0 0.8054803906260297 0.08929248294175438 0.014816425780992515 0.03825717612689683
0 0.8381671940958167 0.06142431917019606 0.0323348899145387 0.035657921706837736
0 0.8459857457392916 0.03276287569938735 0.03284874010730454 0.03714550752155832
0 0.8758926950596465 0.052348961436711375 0.028729415584255014 0.02475653975379366
0 0.8943646240878738 0.08417686466260874 0.027057548954680488 0.04077885274491133
0 0.9099008139726261 0.144438790712109 0.029481909242836446 0.03991600056851424
0 0.9748433291912069 0.05749794729843355 0.028343410105318823 0.030593172689073078
0 0.9781188786029802 0.09344882328066889 0.03443537692765941 0.016240382030440648
0 0.988525390625 0.196533203125 0.02294921875 0.02978515625
0 0.983642578125 0.236328125 0.03271484375 0.025390625
0 0.9485690389130534 0.3329126606461391 0.03417721616255287 0.02940123371572012
0 0.9452010990800045 0.41405831640502144 0.048524877992836446 0.04080294109261695
0 0.8730207038892244 0.4125413294836673 0.0404968321323399 0.05604132599236711
0 0.600341796875 0.552001953125 0.04345703125 0.01513671875
0 0.992431640625 0.463134765625 0.01513671875 0.04052734375
0 0.4239894594695079 0.91956451626036 0.03438176770468049 0.04111998371572012
0 0.38818359375 0.9912109375 0.033203125 0.017578125
0 0.5095019193919896 0.8560598265636995 0.03571024375992882 0.03337570990988181
0 0.33832555042730655 0.6283843840483879 0.02782103693163096 0.028617305624352496
0 0.39352442928262543 0.5965403977996828 0.027366847605318823 0.030547688559631914
0 0.2851809633744707 0.7381941758440489 0.03221556818163096 0.02882198420683768
0 0.8395030841634064 0.701841875648729 0.05723723366453859 0.03681776700758732
0 0.7444732746562428 0.6677251015839628 0.04991054357709168 0.064285925222058
0 0.6470155245548954 0.6888523349633584 0.0458679258823399 0.0562914887042934
0 0.5703125 0.9150390625 0.041015625 0.0283203125
0 0.7332114387202875 0.8936521700547715 0.053887448761914536 0.0405648225545433
0 0.8020395776709964 0.8636128122438903 0.047034465300070494 0.03926987114845515
0 0.69482421875 0.98095703125 0.0546875 0.0380859375