0 0.20863160587645646 0.05483324375667764 0.05000429636723336 0.06908792819783927
0 0.07688942116659825 0.04485833762251168 0.05342473645468049 0.04139230620366641
0 0.5400390625 0.090087890625 0.0205078125 0.06396484375
0 0.789794921875 0.33642578125 0.04443359375 0.0263671875
0 0.9462890625 0.331787109375 0.0517578125 0.03564453125
0 0.737091866377236 0.1046550445082369 0.0451836160711343 0.044520405285033704
0 0.5559969655565283 0.26298215346112364 0.0369765876112762 0.049601629366401
0 0.14296438387922172 0.5196320839845031 0.04174007837836835 0.04293620343618498
0 0.2270705519495766 0.543578027891765 0.04470385780205621 0.04499163537805534
0 0.1922005029948961 0.5819352281532775 0.04320492212836857 0.04298735690712019
0 0.027648359376029774 0.4643043773736457 0.02865876039943216 0.048335197197768354
0 0.2874496920688696 0.7792272181129127 0.04255223290340382 0.06150794209316335
0 0.4142188917946137 0.738216260363338 0.044857271458651926 0.053780697878055284
0 0.3516457652723438 0.684241797456147 0.04566337434021239 0.04404917519201201
0 0.4954314288255326 0.3961155760380105 0.028976582030992404 0.038586623354746774
0 0.4265411576709226 0.39615276915405717 0.042614365107304764 0.03711093075014177
0 0.46203747133950657 0.6578048702762853 0.043965938767871915 0.058629408064098554
0 0.9577342215422013 0.6465045997518428 0.02401706270269477 0.03402158053496285
0 0.8792864572357468 0.5782955736643648 0.01902345145070894 0.027503412715178865
0 0.9068116611725555 0.5968456146121331 0.013686449624396912 0.02926897498841652
0 0.7627917900278743 0.562501597146529 0.025833820007943098 0.026277285162876418
0 0.610969050832696 0.44336095144833537 0.030219828277021077 0.025942464325681924
0 0.6519142740481586 0.6167705555763907 0.024334884334255125 0.024273006691941212
0 0.6822388494336905 0.614898039809051 0.02197870789347489 0.029070563407049166
0 0.7144568889527685 0.616511697419625 0.019452071834255014 0.02410249512215734
0 0.7244916690362441 0.6574141666231496 0.02782955991255287 0.02878689604078999
0 0.7945630542329816 0.6456923258210596 0.02524326298687929 0.020400859005898053
0 0.9813674967031214 0.44017244718795684 0.019435025872411194 0.023125932622157286
0 0.6419149482572373 0.6857995722507796 0.0267166297178012 0.02094029372683326
0 0.6666641317509272 0.8913783831055264 0.0174392859678012 0.02061632174424366
0 0.9563864815879475 0.8076885657227779 0.023230477120425252 0.016914685627984483
0 0.7628115607274509 0.7852942564023562 0.023769896255957268 0.019861424284962848
0 0.6850447793264597 0.9579783981346621 0.02148190366255287 0.028565231000071023
0 0.6370153431956789 0.8825257625298445 0.016624660105318878 0.02985956318028693
0 0.8405849005724881 0.9761130297107693 0.02401706270269477 0.03402158053496285
0 0.9000923206677307 0.3660017391586085 0.018390279525035247 0.01918558030820053
0 0.8372258324880855 0.3848152848153743 0.0330642859678012 0.021161958767552308
0 0.7480262487321282 0.4007549429953069 0.02526883192964524 0.021865702755897998
0 0.9520769267468818 0.6067321534611236 0.02284447164148906 0.022757009471006118
0 0.8381102579670955 0.6980252311060934 0.02442011414347489 0.029155819191941212
0 0.684553773338727 0.7341921252218566 0.0242752234678012 0.020855037941941212
0 0.7087300479412069 0.4687608902509922 0.022878563565177146 0.024710134471006062
0 0.6586100101470935 0.4850880784891962 0.022518127029006796 0.03201730206402764
0 0.6924999162957461 0.5028832219776838 0.02195313895070894 0.027605719657049277
0 0.8532873736845439 0.8641834676642939 0.02000853693163096 0.028025796279135706