0 0.24908594304934428 0.06651915356219835 0.03814038583273782 0.07844127853143856
0 0.228759765625 0.008138020833333334 0.04931640625 0.016276041666666668
0 0.35251274827909596 0.04083073463454948 0.0259061304163688 0.039804728305340355
0 0.41015625 0.013671875 0.0439453125 0.02734375
0 0.2474546356382923 0.4127569016088331 0.028542134439254796 0.05299244422142261
0 0.3236401227214767 0.38745171383966825 0.0356717554163688 0.040639141219084664
0 0.492919921875 0.07779947916666667 0.01416015625 0.08268229166666667
0 0.3388671875 0.5022786458333334 0.0478515625 0.014973958333333334
0 0.8302098283970978 0.2948951239002688 0.04041107232701635 0.07539467342654109
0 0.8485496137426183 0.38082487855296954 0.04348760156557363 0.06917630127968503
0 0.7565956310700813 0.37312680123354075 0.045304150760996365 0.06673901719576729
0 0.6099164308108292 0.3059403557508909 0.046249915459056545 0.09404104655008005
0 0.509521484375 0.24934895833333334 0.01904296875 0.0703125
0 0.982666015625 0.21484375 0.03466796875 0.0703125
0 0.7984677460251608 0.14011309184662055 0.03928766808845929 0.08177992815614636
0 0.0087890625 0.9248046875 0.017578125 0.056640625
0 0.010009765625 0.7945963541666666 0.02001953125 0.068359375
0 0.1331553044296402 0.6648139484434578 0.05239270800219087 0.09067716494401405
0 0.19504071330904293 0.6711924557954941 0.03876189673811048 0.05321753611418748
0 0.3702997655942648 0.7495475375369111 0.04305734228388225 0.07950952665497739
0 0.434407649960885 0.5930569549495476 0.052727455215224595 0.04144832215147062
0 0.430030076943274 0.5467660439891686 0.03311765137895617 0.04755027567829462
0 0.7547056279322356 0.6000947704641922 0.06970794732701635 0.07789791216777431
0 0.6234950024595453 0.7940769612403091 0.04084133160870773 0.06506144805124903
0 0.51220703125 0.8802083333333334 0.0244140625 0.0703125
0 0.609619140625 0.9641927083333334 0.06689453125 0.07161458333333333
0 0.5890560029199416 0.87609072460625 0.04329634994189224 0.08406681832164405
0 0.7023575573015352 0.7918755083056467 0.06356515478388225 0.08126179377384046
0 0.72900390625 0.9645182291666666 0.0546875 0.07096354166666667
0 0.8085361830044238 0.6395677295434955 0.04217986548811048 0.05350958063399791
0 0.92431640625 0.5400390625 0.060546875 0.060546875
0 0.969388924110494 0.5940657573827961 0.042217355588459515 0.08203025203026959
0 0.550771894011485 0.827511925510643 0.049268422729304984 0.07744772838224456
0 0.6382556827742256 0.6145815758044165 0.05501175379268769 0.05719848408853223
0 0.99462890625 0.8160807291666666 0.0107421875 0.072265625