0 0.1705893897008433 0.12674359379156686 0.022019683189121952 0.020142173932742313
0 0.4749808687401651 0.05840723323338115 0.019036739950748727 0.02834350244950512
0 0.0146484375 0.095458984375 0.029296875 0.02587890625
0 0.025816101667009664 0.31231970552109267 0.023842783242814553 0.02702073403270111
0 0.09814328747105125 0.3555561091731958 0.021531401939121897 0.020127966399422714
0 0.08315247661022401 0.2043683944892164 0.021043120689121897 0.020113758866103115
0 0.13739597149395594 0.28567130299086585 0.022429118964770622 0.027954673932742313
0 0.19613287857773876 0.2347210304091133 0.020064481922704713 0.029348480016144318
0 0.23255683231711138 0.042059292359855505 0.01921794436901214 0.02249833498282472
0 0.37109375 0.007568359375 0.025390625 0.01513671875
0 0.6606674228300866 0.4056081960119586 0.026742728474002275 0.045143970415979395
0 0.950770796939518 0.3401252601700409 0.027056034104990356 0.023213936765938192
0 0.7582877017620231 0.35693928951463894 0.027437803878243794 0.03980129173261859
0 0.9642739251197573 0.38946109907049453 0.027951674864221898 0.04030378051593808
0 0.114501953125 0.437255859375 0.05712890625 0.01513671875
0 0.19477584273293236 0.5197642662977524 0.051077945499651056 0.05365263954863919
0 0.3511240491440104 0.4947384582021234 0.04061516882899241 0.06797430378228864
0 0.39539029780169377 0.6640882745702883 0.04141467944356325 0.055321613882247433
0 0.35463820068816965 0.8090973555860203 0.052798686609431655 0.05857807464859799
0 0.3799216396724505 0.9034313322702059 0.04830179641551924 0.05649708184872182
0 0.7673118989576325 0.5883016462956905 0.035815354336177885 0.041507663549051554
0 0.6740972071467544 0.571512450226371 0.033783383861826666 0.04924912588245356
0 0.6838130544022426 0.6931139141268245 0.03741022303248531 0.03472855618232984
0 0.7563166175527405 0.8353151286624121 0.036663968156287696 0.03909467236569064
0 0.8449997971795886 0.585066085997876 0.0375381717123755 0.03716996243232984
0 0.8806996604343789 0.601578645998907 0.032779155359431655 0.05799556578249487
0 0.9491406317141201 0.5050051041673606 0.04177708828009008 0.04363127894888663
0 0.8387676320109763 0.5272305603809482 0.035766251130638915 0.03126796483237115
0 0.625732421875 0.87451171875 0.03173828125 0.033203125
0 0.7842205909388675 0.9261600989299998 0.032631845742814525 0.02727646963245345
0 0.9324084223783384 0.9545132299508863 0.039388937768463306 0.035273667565608235
0 0.9486503268472015 0.8399570592511749 0.02954239102769507 0.0520509455825775