0 0.261474609375 0.150390625 0.01611328125 0.07682291666666667
0 0.2207952947958436 0.17712184761885882 0.057223913357837164 0.08869125659796569
0 0.10009354502803325 0.058924477325278134 0.05376046047839611 0.08725656962031618
0 0.01953125 0.5283203125 0.0390625 0.057942708333333336
0 0.18173938146474466 0.5134691351067214 0.05766671047839611 0.08740811664239168
0 0.24153846089493536 0.476690721442254 0.05138593413957282 0.06115807282037119
0 0.5668569800724449 0.041594573326927585 0.04083772733119018 0.08025362513190377
0 0.396723622702023 0.4311389392543778 0.06221774361547017 0.03622208888659806
0 0.6482740495789654 0.5306065526861853 0.047252263492367 0.0544961091316288
0 0.6484279312730815 0.40056870975268694 0.04766162065733748 0.06621485913162879
0 0.7834491041169478 0.27635125951315426 0.050876257107837164 0.08844499268709279
0 0.8455397469519774 0.2856452571599446 0.03788395148348478 0.05153201828753259
0 0.640380859375 0.007161458333333333 0.04833984375 0.014322916666666666
0 0.30591266180990584 0.4762722440510239 0.04339149762180816 0.0556466454428867
0 0.4300551223924367 0.5936859690336217 0.053531693548205306 0.05278924804250155
0 0.565673828125 0.6575520833333334 0.03955078125 0.024739583333333332
0 0.10299113885542982 0.8593569181625016 0.09088053336926383 0.0750433347077939
0 0.09304896246960503 0.7531164994064329 0.04844420246572001 0.046740439264907264
0 0.17058401506985488 0.7390557373871064 0.060855912298205306 0.05307339870889349
0 0.016845703125 0.6966145833333334 0.03369140625 0.053385416666666664
0 0.06601424976781028 0.7034529086942404 0.037486638492367 0.05411724157643986
0 0.7080504593174475 0.973701581937814 0.03266000801267599 0.04157695950993823
0 0.5673828125 0.990234375 0.0302734375 0.01953125
0 0.517822265625 0.9856770833333334 0.03662109375 0.028645833333333332
0 0.353759765625 0.6871744791666666 0.02880859375 0.034505208333333336
0 0.29758389810926916 0.8309871731221992 0.033011836874352496 0.03768965288769769