0 0.08823936479569572 0.13261462520545142 0.04867622033733621 0.03980363652789631
0 0.03568946172036819 0.054849459392025846 0.029633251587336207 0.03891669600379366
0 0.23681640625 0.021728515625 0.0400390625 0.04345703125
0 0.26970018512144855 0.09020245502262503 0.02690817797107692 0.04463961861547017
0 0.40104784137144855 0.09632007043246116 0.02829861479078999 0.028617305624352496
0 0.5418526253475021 0.3078007597927971 0.03921131386057386 0.034000443548205306
0 0.5525483059287986 0.33764344434609095 0.040164622901222025 0.019420232242367108
0 0.583984375 0.135009765625 0.03125 0.04833984375
0 0.49258119096425756 0.16416310935881262 0.03778677472690406 0.04904619403932298
0 0.42378466748699906 0.31355039094513715 0.04483817496524978 0.041574825010131655
0 0.388927580260095 0.35936721179413766 0.04312376616294733 0.04831979425124944
0 0.31501728613765423 0.45911969822437415 0.03147322079086079 0.04972710969795546
0 0.30218714083016246 0.26631548438555086 0.04322607310481763 0.05124948175124944
0 0.23403391476585128 0.3692705630924342 0.03311322266287642 0.02689160127155832
0 0.11686655672491958 0.4332621153830979 0.030893481453595495 0.03312554719795546
0 0.26077004611519616 0.21988058894013984 0.04476376803496285 0.025484285824852293
0 0.33572821886583404 0.03409963425102108 0.04102802960474672 0.030185161807087635
0 0.449951171875 0.0078125 0.03564453125 0.015625
0 0.584716796875 0.3974609375 0.02978515625 0.037109375
0 0.1599748067828366 0.5012950961521119 0.033993680523379366 0.038144812086278845
0 0.617431640625 0.34814453125 0.03564453125 0.0576171875
0 0.6683918967259826 0.2462572004210345 0.0418294339827312 0.053134380557087635
0 0.090576171875 0.574951171875 0.02783203125 0.05029296875
0 0.041466671737566074 0.6531143600075417 0.024302462453666407 0.05378050997714667
0 0.0107421875 0.647216796875 0.021484375 0.04345703125
0 0.009033203125 0.8740234375 0.01806640625 0.0556640625
0 0.023690093759811515 0.952089635286733 0.027697177744314627 0.03931400899491133
0 0.0586417298760708 0.9595864389466148 0.02557974347690406 0.048477642421308476
0 0.08756968172491958 0.957510252015129 0.02769717774431457 0.03931400899491133
0 0.042236328125 0.986328125 0.02880859375 0.02734375
0 0.20789148310866024 0.9572454249363918 0.039064055750141824 0.04374332648348478
0 0.20492151169052375 0.8182096769008625 0.03036024903503365 0.04577537556851419
0 0.20609804152203282 0.7845182706508624 0.03025173979078999 0.028708273883234825
0 0.17628809676073293 0.6858038414998631 0.032961318000212625 0.06442103132739652
0 0.13258305620857214 0.6348607044808491 0.03263114371524978 0.041006273392117154
0 0.12759947181864992 0.7495613141014079 0.032330425192012124 0.046354625077396516
0 0.09218745446397403 0.7552481041915261 0.025415434209493548 0.05773224410658784
0 0.06603882050440962 0.8317932038349383 0.028208712453666407 0.05396244649491133
0 0.208740234375 0.561767578125 0.03955078125 0.02392578125
0 0.24804529855166463 0.6196972771901854 0.034447859459422636 0.03719099165099948
0 0.266589116498866 0.7609256150467734 0.022571002494385484 0.060037197968264344
0 0.34329268886547964 0.6652158310048604 0.0301106839827312 0.05258857100379366
0 0.3672107120629645 0.7225735041850512 0.03323258076172508 0.03030957002155832
0 0.37019619958613137 0.7491226282028158 0.03450986178496285 0.02500670246572012
0 0.33182348321958854 0.8255874574782134 0.03165458121524978 0.04096078926267599
0 0.298266930475274 0.8621724187066551 0.024790743703666296 0.05380325204186731
0 0.3825938636667899 0.9683167716063596 0.030059530511795995 0.05112372725379366
0 0.4167394488528331 0.9708852786368003 0.030547811761795884 0.05114646931851441
0 0.43730461712614166 0.956192703290344 0.020293905511795884 0.050668885959382015
0 0.47728323305074327 0.9037673655885493 0.029673556203666518 0.054030672689073134
0 0.506103515625 0.989990234375 0.02587890625 0.02001953125
0 0.4419285921675695 0.7397476571520205 0.034419959447839155 0.050351843336278845
0 0.9648018482371409 0.6475440451800082 0.025068208767552225 0.033829204921308476
0 0.9019081158764961 0.6979239433399356 0.0298254608663302 0.016501242633234825
0 0.8344943125628228 0.611641273520172 0.04042039025589794 0.026744450992366997
0 0.8342803848764252 0.7158043742232161 0.024443518261725194 0.029900212856587838
0 0.8786225205391598 0.7344982066775094 0.025686696971006007 0.02362078280074964
0 0.98291015625 0.76953125 0.0341796875 0.029296875
0 0.976806640625 0.712890625 0.04638671875 0.03515625
0 0.9448846032308176 0.7977406894883907 0.027055436081509066 0.034896735680190805
0 0.9134361916494502 0.7879616740315529 0.015347534936114071 0.02070179319161758
0 0.9239954629749195 0.8217106085848469 0.022757009471006118 0.023484330412426146
0 0.971907472050318 0.8782295179363462 0.030411402505968965 0.04724021931851441
0 0.8911364519165773 0.8803364522574504 0.037695316639638765 0.032467373604043503
0 0.7772925137362903 0.8911735744922757 0.02546503193028693 0.01727312655074975
0 0.8039759151663647 0.9393676142460694 0.02498295298266029 0.031387798671308476
0 0.7916914068821814 0.7309384004072461 0.021428574976833203 0.027322354218264344
0 0.8970609614405947 0.6546595464985681 0.02598741549424377 0.018272431115470167
0 0.9272150408417459 0.659487523261244 0.019202631465178976 0.019418885959382015
0 0.772987884823414 0.9164050050392316 0.019861424284962848 0.024324440524102542