0 0.05520718577859268 0.055624108248522375 0.03050252055047309 0.034011141439073134
0 0.3134765625 0.099365234375 0.0322265625 0.02392578125
0 0.28662109375 0.01123046875 0.033203125 0.0224609375
0 0.10873010707069802 0.450717250824624 0.023367607387906553 0.04194804965354382
0 0.01597599419866963 0.26602649658609634 0.02234128276599645 0.023416104218264344
0 0.24039662771478443 0.4529286162344601 0.030452677842341735 0.03935949312435261
0 0.2692143196752219 0.19596827051998944 0.029157250948255387 0.03540775899491133
0 0.17593311512480803 0.3239607990822113 0.027522990342341735 0.039223040736029
0 0.5209776555704614 0.4203568115416847 0.08101466827829684 0.050956527475851665
0 0.7295524983843289 0.14089011657078465 0.06499108778568896 0.045345968904793144
0 0.9020851159040213 0.12883030797298778 0.058314582482732025 0.04698070499870499
0 0.8711143640075104 0.1960070956075176 0.03949071212433464 0.08453153083627885
0 0.8579018639017741 0.4899644522813704 0.06444289858246588 0.08034302445174912
0 0.699967196484181 0.3051786909350055 0.04991411581646954 0.057290793269013984
0 0.7547934340874927 0.07785769747432846 0.04016846013421049 0.04516268610404353
0 0.359130859375 0.45947265625 0.05908203125 0.0419921875
0 0.31787109375 0.743896484375 0.0234375 0.06884765625
0 0.2038235231898286 0.6104720766115396 0.04307817831646954 0.05697240436292583
0 0.21119782640662343 0.6882572919237158 0.03294384621425195 0.05795966475379366
0 0.16749174278840934 0.7072975681077459 0.04553955388421049 0.045412848815969964
0 0.17473656778477248 0.8046822596140839 0.03343212746425195 0.05798240681851419
0 0.2918544169313425 0.8410157842206261 0.04664559460464224 0.06492135675124944
0 0.25775428435742176 0.7904137781724209 0.03287411477460078 0.05114646931851419
0 0.39153231457767596 0.6991800696584956 0.07336151988911888 0.07638059243144013
0 0.34228515625 0.72607421875 0.025390625 0.0439453125
0 0.5410763388154347 0.8306401623221253 0.07009299867729157 0.08401115591367547
0 0.5119087808634241 0.7616426632269641 0.0756635438460378 0.03903309889336648
0 0.451904296875 0.990478515625 0.06103515625 0.01904296875
0 0.6445520251799528 0.811933011784006 0.07604215502090472 0.055589177263925316
0 0.5953349014151095 0.7003399873322569 0.044961491290597344 0.07408499017764647
0 0.60009765625 0.60205078125 0.0517578125 0.044921875
0 0.875 0.60498046875 0.041015625 0.05078125
0 0.9262203332316381 0.7598636141658546 0.050242884283205225 0.07919522332485224
0 0.974610261448433 0.8395591629145596 0.04489175985094618 0.067271794742367
0 0.8918219502711415 0.917066088318149 0.04396495947285617 0.08571277191876414