0 0.255859375 0.00439453125 0.0224609375 0.0087890625
0 0.059326171875 0.01025390625 0.02392578125 0.0205078125
0 0.1208518392248914 0.08490346121152581 0.02201023262528834 0.033283145082783516
0 0.12424124612465287 0.1424922336448866 0.0238523584032605 0.03187513146606191
0 0.15043915743292335 0.19246218642758772 0.021928948522723646 0.03864003129946392
0 0.024887044495846 0.3422784633147835 0.03131729149475154 0.040374818182536076
0 0.06844050572544841 0.35767467496358774 0.028579887319343966 0.0363975305159383
0 0.04933753010190958 0.3113215963973609 0.022713227698131278 0.042560488832783516
0 0.059546575355408554 0.28530959723035054 0.02474763680069586 0.03726043274938151
0 0.10634029125284394 0.29203040664571134 0.01986482430069586 0.03711835741618552
0 0.05731086840320168 0.20436856999690722 0.0219289485227237 0.03864003129946392
0 0.22220863992709827 0.1687286177088455 0.02309779434731607 0.034776403899422714
0 0.1877469471095038 0.11900541810971144 0.022713227698131222 0.042560488832783516
0 0.2275674709731223 0.31017389734233003 0.025827913901510957 0.04508714028270111
0 0.25140468349934497 0.32256040140835074 0.025235918050695916 0.03727464028270111
0 0.27800057743000095 0.2877683221575259 0.021063385244751487 0.04007645998282472
0 0.17333125248244635 0.30810857989385576 0.023882073522723757 0.03869686143274231
0 0.2973220916899213 0.14411793922334037 0.019975823522723646 0.03858320116618552
0 0.32127030343817176 0.15796928703936097 0.02347507637528823 0.03332576768274231
0 0.38128959090904635 0.030606433054062077 0.02613848106934391 0.036326492849340086
0 0.4102546215121876 0.09137540347004136 0.026900329746500917 0.027091771699299105
0 0.492431640625 0.015869140625 0.02099609375 0.03173828125
0 0.4861715347697426 0.3152624837517115 0.023993072744751487 0.04016170518274231
0 0.47742004864503085 0.34765055423536106 0.030503297199880652 0.029632630682536076
0 0.3128416471852691 0.04030771332268057 0.024754921421908493 0.03092698403270111
0 0.2946569570920285 0.044650639556536253 0.013517168050695916 0.036933659483030956
0 0.2534271949037979 0.06634959537441254 0.022801796421908604 0.030870153899422714
0 0.6797550031234996 0.33548467776723734 0.044278886800695805 0.03782873408216503
0 0.7842163222348117 0.2673923102641447 0.04214076309731629 0.03533049769888663
0 0.6886824734265412 0.21540488775006217 0.039995354772723646 0.039165710032288636
0 0.7261819697931017 0.10590055213210336 0.045388879020974215 0.05247717158216503
0 0.8257324911887876 0.12731095382934055 0.029253167272723868 0.03885314429925768
0 0.8727246217628034 0.05949522239453642 0.054052373056521 0.06393496086527839
0 0.9395031757080123 0.19493235875960863 0.0453300254166602 0.07098923648220623
0 0.7001763418094238 0.05203855688272191 0.05768447899475149 0.04114202498179387
0 0.6005966819288869 0.055961950052206416 0.05348223106934391 0.03712211471523713
0 0.8302202042394639 0.3729926853630725 0.047978284233678004 0.0545013342487628
0 0.9300728549125453 0.32766483867682517 0.04192662590908558 0.058222886315608235
0 0.13059597536711753 0.48568291472828873 0.03284098884906561 0.02190537588245367
0 0.14374487591489105 0.6142003362115258 0.03639967194055671 0.030291402332371153
0 0.12592405187642197 0.694070573328866 0.029267736515149134 0.02618624686589688
0 0.15934859868586526 0.665810848261196 0.02652304771852887 0.028542407915979395
0 0.16618626608970238 0.7624763282278764 0.03200514069055671 0.030163534532494873
0 0.15258283585367866 0.8658551030118145 0.028032175830417505 0.022739863049257902
0 0.18137686036125322 0.8793602449110309 0.027307326893936446 0.032462865449299105
0 0.37525690327503025 0.6282447182216909 0.022661082080417616 0.022583580182742313
0 0.2997443156205969 0.6733063790739177 0.029415735477852922 0.02813937186589688
0 0.2106326991782907 0.6546357418263918 0.04105320137528834 0.033837238882247433
0 0.34739017882280376 0.7555687069060826 0.03516411125582508 0.026845018515731955
0 0.2501840570629031 0.6879420768586806 0.027048328709204816 0.029044896699298994
0 0.7174141845221275 0.47094940753606207 0.05281681237178937 0.06048857704863919
0 0.7882239802971773 0.5631426256509281 0.04397560425407554 0.04025593279884543
0 0.9208144818531216 0.564077387213856 0.05229881600232611 0.05365263954863919
0 0.9735663092686089 0.713722527546021 0.03972964860139161 0.07423671483237115
0 0.9505599668181319 0.8280334128802478 0.06445427826922479 0.06618644406498975
0 0.979248046875 0.91845703125 0.04150390625 0.048828125
0 0.57958984375 0.671630859375 0.0400390625 0.06298828125