0 0.06306651968982879 0.28601443023719453 0.06365552894438009 0.046933909865010705
0 0.2742618756750965 0.4309700055083641 0.03991439561318488 0.087020880056917
0 0.0758637731789451 0.3733269146626667 0.07537143820716752 0.04737547463496128
0 0.07195719762841568 0.48562475820668016 0.06085083388172485 0.07530659158918951
0 0.07177734375 0.5960286458333334 0.0625 0.087890625
0 0.2673403905081957 0.5630722506615319 0.04855858051535322 0.05463720988438
0 0.2538957744851862 0.5122636248375855 0.03596553455499896 0.07689105291137792
0 0.3115044397735489 0.5088447681908835 0.027542601604866768 0.04812233168544052
0 0.38114182096859084 0.3214361220424233 0.03595133086893698 0.07363584457804444
0 0.3570487617735898 0.2501446771187094 0.049478328271105765 0.04170742708743136
0 0.3539688407518631 0.17298939566272278 0.06376915843287523 0.07297557653167737
0 0.13372875591748112 0.08744702521901619 0.04709657750256557 0.0551516757464694
0 0.227492959603543 0.07545096539274405 0.03780218932929147 0.050380445650813975
0 0.21669647254597835 0.20075595435811758 0.044257793593361905 0.07571185747064835
0 0.31005859375 0.019856770833333332 0.0439453125 0.039713541666666664
0 0.4141173614410709 0.4823573785371484 0.05935474202238855 0.06800855745127905
0 0.355712890625 0.6324869791666666 0.05419921875 0.014973958333333334
0 0.49773942428000395 0.11012580014749355 0.04522867461893698 0.07450082467369985
0 0.4688392758381489 0.3575124071011264 0.02315659256650382 0.04966572927170887
0 0.8984375 0.025065104166666668 0.0341796875 0.050130208333333336
0 0.80419921875 0.018880208333333332 0.03125 0.037760416666666664
0 0.8199049723765117 0.1655755768058241 0.035840542117654195 0.04824521957804443
0 0.7381801964449194 0.21484496326061983 0.02462427705371617 0.0504533467429528
0 0.8991422391616471 0.3508177661556055 0.034889546252565684 0.054013544041659735
0 0.97607421875 0.019205729166666668 0.0361328125 0.038411458333333336
0 0.5544621051086336 0.036741014637343104 0.03627484936061903 0.03592095317957019
0 0.7666106465951433 0.41068115550240974 0.03778514490601714 0.046474195650813975
0 0.9313230243157196 0.4701634065200488 0.03140339980946849 0.03806986716431293
0 0.424072265625 0.9739583333333334 0.07177734375 0.052083333333333336
0 0.3370708649301871 0.9480321480705 0.049512417117654195 0.049519927087431505
0 0.45491741596345936 0.7860644170376597 0.04022655115601714 0.04670182199177594
0 0.5034927153515576 0.8394545985517542 0.029217659908582938 0.09643599082335097
0 0.521240234375 0.7106119791666666 0.01708984375 0.06575520833333333
0 0.263916015625 0.6708984375 0.02685546875 0.061848958333333336
0 0.2785512996482385 0.824634455521779 0.0413650356771228 0.08390224752816078
0 0.02490234375 0.7366536458333334 0.0498046875 0.06315104166666667
0 0.9602803130523517 0.9059063738199464 0.039261351604866546 0.04921493812205776
0 0.981201171875 0.9521484375 0.03759765625 0.041015625
0 0.99365234375 0.7705078125 0.0126953125 0.039713541666666664
0 0.9794921875 0.8079427083333334 0.041015625 0.033854166666666664
0 0.8257817173503155 0.8572734311743794 0.04608308541880479 0.04659708354341804
0 0.7979919716079718 0.9620363878598198 0.03786468554796385 0.06470336231748064
0 0.696044921875 0.9895833333333334 0.04150390625 0.020833333333333332
0 0.6893239896233251 0.9220583143333894 0.045205948721238065 0.06929249134036652
0 0.6352412410990327 0.9004189107694113 0.0339669577596009 0.06629228517194156
0 0.553466796875 0.6630859375 0.04736328125 0.046223958333333336
0 0.6444737841546935 0.6861033145434741 0.0661082981432295 0.04976570287263926
0 0.756591796875 0.662109375 0.06787109375 0.044270833333333336
0 0.5904386770619526 0.8772634854431112 0.05687072471420285 0.0580153061103171
0 0.7677671521911117 0.8418576047559404 0.038824203624689524 0.06088816285386548
0 0.944091796875 0.6497395833333334 0.05419921875 0.01953125
0 0.8937980142486763 0.7058086524971628 0.03483841298274282 0.042294794041659665
0 0.8853267887659335 0.7456450820564337 0.03826206320716752 0.04391555425233973