0 0.008056640625 0.3382161458333333 0.01611328125 0.06315104166666667
0 0.2168990991490959 0.3323474087348914 0.053366823558342213 0.08246528697697493
0 0.23876953125 0.4016927083333333 0.0400390625 0.036458333333333336
0 0.3345733246489542 0.38278968233125427 0.03342634579086079 0.06593089193812733
0 0.38846253177125317 0.2989995771449749 0.04428168908733621 0.05213087741879807
0 0.8285512375280726 0.05075428366420964 0.02459697867453059 0.045362107379950466
0 0.778076171875 0.004231770833333333 0.01416015625 0.008463541666666666
0 0.5230638889002299 0.039618425898145716 0.024744236784962848 0.03236400892258828
0 0.5534396333421002 0.03430261358793193 0.02247334210474683 0.038760751209399036
0 0.5856491446851219 0.033453153440500115 0.019861424284962848 0.03213666016287645
0 0.5949760861559152 0.08698944450246726 0.028315665947768354 0.038382528054386654
0 0.6652947884582887 0.06485814890525377 0.025584390029135706 0.027201145341197403
0 0.5118535621092981 0.13247557033229387 0.02706628493611407 0.02792039163577768
0 0.5330294398353517 0.4039434058592981 0.01778894118611407 0.02748842899232488
0 0.8243891994752031 0.26552982903629613 0.02351190693028693 0.022552914170645977
0 0.6310871802485116 0.2537222414635252 0.02410249512215734 0.02648189904661713
0 0.503517102097006 0.394913566626874 0.01713635066870356 0.03981275090704924
0 0.8232421875 0.006510416666666667 0.0234375 0.013020833333333334
0 0.7079550618825359 0.13049760852520884 0.02491474835474672 0.03887442558925495
0 0.5536736822893724 0.1929521663708579 0.02462487868611407 0.027806717255921615
0 0.7202411259168608 0.3503595431142748 0.02048611479078999 0.03736772837218094
0 0.08625989553425406 0.4899697710296606 0.05442243954086079 0.06690849160488854
0 0.06372919765619878 0.5495411206964217 0.05014106408733621 0.052403695930452354
0 0.05076882469705962 0.48577004197555745 0.03361855506985478 0.03602844502340304
0 0.00732421875 0.4391276041666667 0.0146484375 0.038411458333333336
0 0.04446298741714427 0.8196407425957015 0.05591518330244427 0.0494213061087733
0 0.005126953125 0.6868489583333334 0.01025390625 0.06901041666666667
0 0.0733196438359896 0.723360975959924 0.04302145922107692 0.059875172790884466
0 0.11611943801634739 0.671949344835706 0.05288318886057386 0.04537864685294609
0 0.2764322392312428 0.7516182144706333 0.04423673791877447 0.06903522587616025
0 0.31339280037066897 0.7928136441448803 0.03346044810481752 0.06723297527146066
0 0.3561708968418167 0.7049891494392716 0.0415457666164718 0.07801339995366637
0 0.417724609375 0.5192057291666666 0.02392578125 0.055338541666666664
0 0.172832893498299 0.9085998791687558 0.05229880297107692 0.06030713543433711
0 0.11767578125 0.9905598958333334 0.0537109375 0.018880208333333332
0 0.7305803086499464 0.6884878609440069 0.04379340783733621 0.05210814254282692
0 0.9337611293713068 0.5093128914237326 0.04169302472690406 0.06501530149630426
0 0.9833984375 0.7027994791666666 0.033203125 0.068359375
0 0.990478515625 0.4912109375 0.01904296875 0.050130208333333336
0 0.8285248932666309 0.5239665147575384 0.046552583767552225 0.04573413513198732
0 0.5849004081318271 0.9625226907198249 0.04661458609309249 0.029480828341291954
0 0.6159830287605202 0.6509072765491789 0.03357360390129305 0.05293279348076515
0 0.7670479212889472 0.8974701616104847 0.04214100136057386 0.04487847958157983
0 0.9395662394000881 0.6228359553229178 0.03838821177337959 0.05055597557381031
0 0.8617202395159222 0.8020274367185962 0.030144786296688153 0.0709800811396623
0 0.8910899656960674 0.8351230827417159 0.015008067546687931 0.07027529998455535
0 0.8884811386783733 0.9347324577417159 0.0372302888489906 0.06220652094589685