0 0.11085634076428874 0.03449991337124825 0.01900410344909287 0.032436784169119215
0 0.08320900744744336 0.04052371461747002 0.020871983249175274 0.029529823336051003
0 0.06293374059769075 0.031501703781419005 0.02507659144888663 0.03982918291991461
0 0.003662109375 0.040771484375 0.00732421875 0.02880859375
0 0.00732421875 0.120361328125 0.0146484375 0.02490234375
0 0.012451171875 0.247802734375 0.02490234375 0.09228515625
0 0.021484375 0.203369140625 0.04296875 0.02880859375
0 0.08767017290979395 0.19384402711747 0.03864901371564944 0.036570300838437264
0 0.07643301122457746 0.26058515336568033 0.037587206015731955 0.0336292500049713
0 0.14096533464447436 0.14662881129156058 0.02584004094909287 0.032516327503380515
0 0.10740326401243305 0.10035538378718578 0.015254136315608235 0.03776242458525558
0 0.13886261971317532 0.07436318629156058 0.03273280858237115 0.034548995837641816
0 0.14536280153063919 0.04612809879255486 0.03326371243232984 0.0360195212543748
0 0.1762471629633815 0.06747645587999786 0.029002274099340197 0.023767036670511194
0 0.19624203644579385 0.10041288463258297 0.02751799769888663 0.03985759125357935
0 0.21461954061074234 0.16164121755150332 0.029930988882247433 0.03890943708724415
0 0.27565240737977326 0.078395459226787 0.028684483249175274 0.02962073000377824
0 0.28061001484542275 0.11457372506065061 0.03460591349958764 0.015046154171306614
0 0.29974950069249495 0.21876512631283807 0.030609193182536076 0.02866689417071
0 0.2945526546413816 0.25824204589530964 0.0363264928493402 0.023852261671505448
0 0.261962890625 0.34912109375 0.03466796875 0.021484375
0 0.384521484375 0.349365234375 0.04345703125 0.02099609375
0 0.3964120450230104 0.3199536625755647 0.043190845415979506 0.02490836750576686
0 0.38683552141041244 0.1753599142415022 0.03357627816536102 0.0467617087543748
0 0.3628065301281238 0.1379835009050535 0.03679534144888663 0.03996554292150545
0 0.3569082898272167 0.1701305200707922 0.030234572199092646 0.03256746250397713
0 0.35142124632969085 0.08220580507039449 0.0291159343658971 0.027673286670511166
0 0.35506131049567013 0.10665395757079221 0.019265064165979506 0.024629965835852197
0 0.32418364199814437 0.01843379590028102 0.026859226049051554 0.033992534586846423
0 0.47563836417903094 0.10708076675383121 0.03926516276552583 0.040970513755170246
0 0.4998482960954227 0.11712479342374585 0.02912491678208262 0.04475744875377824
0 0.5046533779936084 0.18161200842414355 0.01911776371564944 0.036343034169119215
0 0.5229030143586806 0.23844581009306387 0.02351229496564944 0.03639416916971583
0 0.4798281186902269 0.3013996592536323 0.018027540949092646 0.03242542083565336
0 0.577392578125 0.349853515625 0.03857421875 0.02001953125
0 0.5701317348735877 0.3014742050992284 0.03712733983237104 0.03460013083823843
0 0.5629084366749073 0.25453102509843295 0.020957228449092646 0.03245951083605103
0 0.613226063192495 0.22241275635539293 0.02535175969909287 0.032510645836647534
0 0.6193090014265568 0.1966133934396542 0.026594508033113584 0.008119310003579405
0 0.5715673418940619 0.16628279718329086 0.0305807781158971 0.02769033167071
0 0.7739163281863095 0.2515765583972982 0.05609927091577327 0.0323803095908235
0 0.98291015625 0.255859375 0.0341796875 0.0517578125
0 0.9336927320857322 0.2739365942522404 0.05037674613183496 0.05379082292329507
0 0.17934082343569097 0.7329456146065331 0.02225158179925779 0.026617180836249865
0 0.21284083881731986 0.7938617979441749 0.020264816615484516 0.04221377250258507
0 0.17339408926249517 0.9647314850214763 0.02740433743232995 0.03595134125357946
0 0.2751891349127426 0.9571298908686632 0.024659347865484516 0.04226490750318179
0 0.2520566860476704 0.9002392725324133 0.029698443231999994 0.047692817920511166
0 0.2494941049330106 0.8289445283656803 0.02448363234851547 0.0530014133364487
0 0.24156172237874235 0.3885716575330098 0.021127718848927834 0.03831888583605103
0 0.13525390625 0.38037109375 0.0283203125 0.041015625
0 0.1214624997111135 0.4213422916832379 0.02520968436589688 0.027627833336647534
0 0.12305896856004134 0.4594339108499708 0.026759773315814472 0.03057456583684648
0 0.09186057357618568 0.477619290012329 0.031069059365896934 0.027696013337442982
0 0.06823984346111349 0.42072299000934615 0.024545687598927862 0.03835865750318168
0 0.09727804722519601 0.5128266750129256 0.019549214832371153 0.0343955908358522
0 0.4351147777280826 0.4142534158925257 0.03326371243232984 0.0360195212543748
0 0.47823687495843314 0.5206763438146277 0.02153075489901024 0.0353948800027839
0 0.5222509356440619 0.43967313340425807 0.028460920015113356 0.05548827292031233
0 0.5620470022595465 0.4821141725761613 0.026166814215443424 0.043746796253380515
0 0.5161702868909692 0.549428462986332 0.02361174769888663 0.03981213791971572
0 0.49393520210600017 0.6072555300664174 0.026124191615484627 0.042281952503380515
0 0.5914403943566187 0.5864248888297406 0.01875735026552583 0.04073188375238623
0 0.63330078125 0.5 0.0126953125 0.0361328125
0 0.630859375 0.665283203125 0.017578125 0.04541015625
0 0.3665508014969694 0.926465444631191 0.02912491678208251 0.044757448753778295
0 0.3268594127318559 0.8708464933760207 0.02195698089859799 0.050043317502784124
0 0.38327336335393836 0.6791852525511056 0.03240979261507215 0.056998570004175964
0 0.4208605693696703 0.712814502556077 0.027370697248556786 0.05157065958684648
0 0.41257628513395905 0.7971621621379521 0.026166814215443424 0.043746796253380626
0 0.64892578125 0.6376953125 0.0185546875 0.046875
0 0.6879406090405982 0.6889699750855074 0.02986893363183496 0.053552192920511166
0 0.7763606700724744 0.7417391242639728 0.06264583263224743 0.03929010875835193
0 0.7547193660507632 0.9206258513436605 0.040412215665360796 0.0468412520886361
0 0.9595340653452166 0.528123298456358 0.04681670204863919 0.04886823875616453
0 0.7610841654702476 0.8206361467615866 0.05160904423158774 0.06259124875676103
0 0.681130972633959 0.9246507321669848 0.05121123329863919 0.04891937375676103