0 0.040771484375 0.3603515625 0.08154296875 0.059244791666666664
0 0.32373046875 0.0322265625 0.056640625 0.064453125
0 0.135009765625 0.031575520833333336 0.09326171875 0.06315104166666667
0 0.642578125 0.005859375 0.0458984375 0.01171875
0 0.6025390625 0.022135416666666668 0.0400390625 0.044270833333333336
0 0.6272237584103786 0.142578125 0.0388430792635126 0.076171875
0 0.78271484375 0.020182291666666668 0.0419921875 0.040364583333333336
0 0.5291093423094324 0.22981770833333334 0.05644117358125378 0.060546875
0 0.5966817021555295 0.314453125 0.054149214869426365 0.07096354166666667
0 0.55224609375 0.3772786458333333 0.052734375 0.025390625
0 0.893895213522472 0.197265625 0.055783475475339905 0.06575520833333333
0 0.8498802501690421 0.23828125 0.05456776467977531 0.061848958333333336
0 0.812721113047132 0.2630208333333333 0.05154837642238319 0.068359375
0 0.8544045013981374 0.3079427083333333 0.05760712225490838 0.039713541666666664
0 0.9638671875 0.35546875 0.0634765625 0.06901041666666667
0 0.4462890625 0.058268229166666664 0.033203125 0.052734375
0 0.962890625 0.007161458333333333 0.0322265625 0.014322916666666666
0 0.3568350365408339 0.462890625 0.024274438448255387 0.045572916666666664
0 0.3954093358770552 0.4947916666666667 0.02794154015269079 0.041666666666666664
0 0.24014644713947386 0.7259114583333334 0.03186767888421049 0.057942708333333336
0 0.08347797791534611 0.7486979166666666 0.027214110607125974 0.037760416666666664
0 0.29918789506422244 0.439453125 0.031090487216735685 0.029296875
0 0.41796875 0.8304036458333334 0.0234375 0.042317708333333336
0 0.01220703125 0.7542317708333334 0.0244140625 0.027994791666666668
0 0.027554958974482735 0.80078125 0.042749409849733855 0.044270833333333336
0 0.3384208595410114 0.859375 0.0359633150578651 0.037109375
0 0.20127309155446493 0.6510416666666666 0.033302649243820204 0.049479166666666664
0 0.719667057477883 0.451171875 0.05629164545685983 0.08203125
0 0.5693359375 0.970703125 0.1005859375 0.05859375
0 0.7087663242292728 0.8046875 0.07726776988911888 0.09765625