0 0.036662241178799626 0.23145594184863993 0.02688526155416915 0.032266339963039625
0 0.11326248947557668 0.1902811264102603 0.02703470909234179 0.04003898191377875
0 0.15578265510239508 0.13879249676865768 0.024164848959343566 0.028649080966735685
0 0.012895489194736931 0.11262411599763456 0.016033403979036076 0.04787145123151981
0 0.015168284451035019 0.34622192433015975 0.028071018373122425 0.05273429441377875
0 0.050463916744116044 0.3059936368289474 0.020427935229036076 0.04823017367486693
0 0.06603939638086948 0.3944523397636902 0.031459194318953276 0.022939153504908383
0 0.2532501636185099 0.30544625348793625 0.023218159849733855 0.034877163068953276
0 0.20611596541898297 0.2767969307625371 0.02200244905416915 0.031867759470431745
0 0.2189007369177115 0.20930452877362515 0.02682543418716743 0.043417092614518094
0 0.22671307574526917 0.16113410187953886 0.029157250948255498 0.0363320221600828
0 0.03262578768237734 0.03728934061833239 0.01860436903568896 0.04371606827708452
0 0.211181640625 0.015625 0.02490234375 0.03125
0 0.251708984375 0.00537109375 0.02880859375 0.0107421875
0 0.228759765625 0.011962890625 0.02783203125 0.02392578125
0 0.2795067945949439 0.02538209089311072 0.018714039110822034 0.027234079924866927
0 0.2841904780210822 0.07495761475641644 0.026656097917474808 0.02351713551230039
0 0.513671875 0.015380859375 0.025390625 0.03076171875
0 0.5448629340814312 0.06046949590189257 0.03380075398024829 0.08133361325860439
0 0.4453139505519812 0.2461157339732704 0.036341926232732025 0.04710408305047309
0 0.31256127791898297 0.26810787602368436 0.025171204263512714 0.058802944318953276
0 0.33449367318861634 0.14797079979216454 0.03187766354308108 0.03994928115638674
0 0.2529215563242166 0.37483203369606755 0.02553000729308097 0.03943112651599634
0 0.16396394279083393 0.16334610273418104 0.022809594698255387 0.03581386751969251
0 0.15548392119849214 0.2018704787760498 0.026466711743820204 0.039022561364518094
0 0.158447265625 0.01611328125 0.02197265625 0.0322265625
0 0.06343759089917217 0.11140856637451219 0.023945589395298672 0.03784670861821404
0 0.2902594502711414 0.17292282507785345 0.024055178884210493 0.045131069318953276
0 0.691626879529805 0.19042058928956246 0.05822496231156121 0.02997430066499107
0 0.6555840901320817 0.2932784355974276 0.05441831714160261 0.04275931392238319
0 0.6228591811369901 0.26636305889420464 0.057168603126818485 0.052684371119426254
0 0.5999202693907453 0.3691213003720284 0.058862691099733855 0.037786800664991294
0 0.580078125 0.295654296875 0.0205078125 0.04248046875
0 0.71142578125 0.450927734375 0.0498046875 0.01806640625
0 0.89404296875 0.445068359375 0.0576171875 0.02978515625
0 0.8631530611591072 0.16283825509754596 0.056331584092341735 0.042430464869426365
0 0.9337046288684507 0.13040265945103502 0.049415930493820204 0.04089588967977531
0 0.8191980863451214 0.25567135879210534 0.05725830388421049 0.04784141666868713
0 0.1727629899497044 0.6770486569867831 0.04071648816499107 0.05910183939529867
0 0.22963245624151396 0.5686105226099647 0.04422415767238319 0.05453789128938502
0 0.03935286096945606 0.7665133122945891 0.035106326705647506 0.03196736430047309
0 0.600830078125 0.62109375 0.06201171875 0.07421875