0 0.3224863311296868 0.5110045391318029 0.03316507766551935 0.05658578926267599
0 0.16734291857599412 0.5106312421153789 0.03653394320998038 0.04651381953044065
0 0.1821123487681617 0.24749313249482002 0.038615016889870624 0.04904619403932298
0 0.09594594287180352 0.36927445719536545 0.04845948736422184 0.04171127739845515
0 0.05397799602983583 0.5910089804326895 0.04216093431976084 0.051646794742366886
0 0.0654296875 0.673583984375 0.046875 0.01220703125
0 0.010009765625 0.401611328125 0.02001953125 0.05224609375
0 0.6084739102794869 0.5644614198169453 0.05346401974486081 0.07214390935149906
0 0.6697421249586792 0.46012042144509147 0.04997551058617811 0.04275606609261695
0 0.41370429634580586 0.33953223725486037 0.03157020896921203 0.06333075850379366
0 0.654296875 0.666259765625 0.0419921875 0.02685546875
0 0.8389813295034418 0.15248162104432028 0.03779199280573886 0.05193039740988181
0 0.74755859375 0.208984375 0.0556640625 0.0419921875
0 0.7405249469993967 0.592826999327351 0.031239618667914526 0.04772850056851441
0 0.9561917210835285 0.6058086794338475 0.05441706877529984 0.06244651054566086
0 0.977294921875 0.662841796875 0.04052734375 0.03369140625
0 0.9558216290708076 0.09918677212421555 0.04229303553248531 0.03557899762180819
0 0.8858190093574326 0.3328313334871871 0.04247008741791447 0.048251568057087635
0 0.0068359375 0.840087890625 0.013671875 0.02880859375
0 0.00439453125 0.72509765625 0.0087890625 0.0205078125
0 0.5606043885702043 0.7912593457890491 0.038695938630638915 0.03200183441876403
0 0.34323831057943605 0.7640037991089496 0.02938470007899252 0.0680998606801908
0 0.810546875 0.994873046875 0.0244140625 0.01025390625
0 0.72998046875 0.942138671875 0.0205078125 0.03564453125