0 0.268310546875 0.289306640625 0.02294921875 0.04833984375
0 0.244140625 0.373779296875 0.0400390625 0.05224609375
0 0.1642222248097598 0.3673462250712113 0.048341399500141824 0.04472234535015551
0 0.17584796097235267 0.30954877111084 0.042782743023379366 0.039038421013158464
0 0.16630709181516168 0.24564562144675317 0.046626990697839266 0.051444526273065616
0 0.11140877562904755 0.22246934518251094 0.03534536847690406 0.04932558220479921
0 0.009033203125 0.3134765625 0.01806640625 0.05859375
0 0.02294921875 0.0263671875 0.0458984375 0.048828125
0 0.11411677739013484 0.06279656063514266 0.06706039626755228 0.03655412822678117
0 0.22585877670984789 0.05322428256780681 0.06928633977920651 0.044480384803870954
0 0.162109375 0.015380859375 0.048828125 0.03076171875
0 0.06577075203595509 0.19934513140944532 0.05802176871524978 0.04284972198560455
0 0.2425223622335817 0.1955083845303457 0.040074720564098554 0.04521544239752373
0 0.755126953125 0.372802734375 0.02685546875 0.05419921875
0 0.598388671875 0.3828125 0.03271484375 0.0341796875
0 0.6991226660586967 0.18674157845743775 0.04239676871524978 0.041939669368886046
0 0.4524445508673933 0.3370776033685796 0.05156560322100612 0.025418608504335083
0 0.36376953125 0.38818359375 0.044921875 0.0234375
0 0.983642578125 0.348388671875 0.03271484375 0.03857421875
0 0.1867064157691115 0.7095871278650219 0.058181431430428754 0.06137597034133213
0 0.2527515213686691 0.9263787314277162 0.05194072867453059 0.03616079600433508
0 0.111328125 0.9541015625 0.056640625 0.091796875
0 0.2060546875 0.9873046875 0.095703125 0.025390625
0 0.4544364454317753 0.809117368149385 0.06313244855834221 0.06361348678405654
0 0.33781318936220406 0.8603121248411789 0.05243521222690406 0.05032095225433508
0 0.29443359375 0.960205078125 0.029296875 0.05712890625
0 0.6188244731645065 0.8698571344421118 0.07416294997683326 0.030633059140868113
0 0.7347455409958739 0.8683248695289554 0.06358662749438548 0.06266536342832918
0 0.8288226037805533 0.8133805059506287 0.061776114052586095 0.08058957395696675
0 0.9029033887745843 0.7718901358128589 0.036413389064169355 0.06595558384907174
0 0.4418992605950061 0.9384930918498491 0.07517981709316335 0.04579821703514053
0 0.8530165155935886 0.5433701506554279 0.052106593692083036 0.06881876146579019