0 0.31982421875 0.1826171875 0.0400390625 0.083984375
0 0.064208984375 0.0078125 0.07373046875 0.015625
0 0.5800773451620301 0.0546218757878173 0.03303505271921203 0.06409449976980186
0 0.6219159942461618 0.0546285680862264 0.04382841969116813 0.06582222919497616
0 0.560448563289925 0.1442232719806027 0.023318530924751002 0.07363138304577177
0 0.49572708333164195 0.19029265672269036 0.04508646928692661 0.07126161084726501
0 0.42981741964731035 0.14871042412278812 0.0507729449343316 0.0405237701144292
0 0.41426020925060325 0.07464878179532508 0.033932769744860786 0.07194114372094607
0 0.47119140625 0.35595703125 0.037109375 0.0478515625
0 0.5277772684851856 0.29129166778562654 0.03206056648562916 0.054783012068657655
0 0.5640636194010539 0.2967480076703042 0.033084155924751 0.07431426206865765
0 0.6001196626931198 0.2978098163049817 0.03295828351127783 0.06262965601980186
0 0.5535669479287488 0.3470956522394082 0.04000101516551935 0.057770721536966274
0 0.7376849502468124 0.31424020407652775 0.061118828796158375 0.08940991708273804
0 0.715647307848408 0.14437300489563198 0.03665981562345344 0.05899655762895595
0 0.7118793878603837 0.10032526054219904 0.039516886448353494 0.03925017798811048
0 0.9873046875 0.05078125 0.025390625 0.0537109375
0 0.9617701255782474 0.03217675908837525 0.03434843431976087 0.052024044324379126
0 0.9072126505245547 0.0215508430113589 0.05439770783857312 0.03542582797358351
0 0.909541316498557 0.0659844367613589 0.04043811694356325 0.05682830298811048
0 0.8755732502246056 0.1511776896209598 0.03450197273562905 0.054953731824379126
0 0.8348563969906737 0.19114177192026205 0.032595874674751 0.07428011811751323
0 0.98974609375 0.338623046875 0.0205078125 0.06591796875
0 0.2681140550785963 0.6327934943903151 0.04613564846202678 0.09128114209726479
0 0.025146484375 0.97412109375 0.05029296875 0.0517578125
0 0.6613132897297921 0.5040178103555817 0.04817384773562905 0.05590976245641921
0 0.7312211810259504 0.5940423185589169 0.04928043518193648 0.04917625680985205
0 0.7121187277383259 0.6287069411597123 0.036020072224002275 0.04678952637895617
0 0.6879204389972087 0.6960966734444877 0.05570278437345344 0.06032817172358351
0 0.6353914564240059 0.8077220555571726 0.04133791023562905 0.05543174714039911
0 0.6293792175471105 0.9157893194797095 0.047244312174751 0.07530443665184205
0 0.44883412412235946 0.8311635841654759 0.025638217294112087 0.04363109715492586
0 0.4857927641613796 0.5895290796821936 0.02152309687345355 0.05793809514348314
0 0.38332418942056395 0.9550165293961206 0.052003328527694986 0.05471807031557363
0 0.7738012052649741 0.8402657245787187 0.03678776430334374 0.06143796387895617
0 0.7174628300249036 0.7492441220074237 0.026538010586177885 0.0422345413072146
0 0.7792006395563421 0.9432930683287186 0.041538475590619295 0.07782439673811048
0 0.6520642865211601 0.606020835571253 0.032623540677146234 0.06552519956865743
0 0.9498743236928181 0.8117126417463854 0.045084393020509594 0.08050481064612058
0 0.99560546875 0.625 0.0087890625 0.072265625
0 0.9743125742013519 0.9345579991887241 0.04167472933617811 0.043293003792687745
0 0.957763671875 0.976806640625 0.03466796875 0.04638671875