0 0.4658203125 0.01220703125 0.0224609375 0.0244140625
0 0.409941318166742 0.03910274252174928 0.033064806965855675 0.02993397011057386
0 0.3681816763169894 0.04934115336491263 0.024806648315814472 0.031108944191941212
0 0.3183059511503915 0.05352177762670873 0.03251969558257728 0.027963793953595495
0 0.2990513372186801 0.11175280677793076 0.021990621082371153 0.03491288725007102
0 0.172607421875 0.015869140625 0.03076171875 0.03173828125
0 0.13150505591921618 0.1366272712145411 0.018757350265525774 0.041141185401222025
0 0.18416692543453578 0.0869853372318099 0.016017585815814472 0.0308020233663302
0 0.3882789381688038 0.11302697630088498 0.020525777332371153 0.034861733779135706
0 0.23816870653614403 0.14217041158627308 0.03168520841577316 0.032812504139638765
0 0.2766098323691337 0.1286333900919585 0.02046894719909287 0.032908608779135706
0 0.3432448707203296 0.1687437480219619 0.01996645841577327 0.03240327637215734
0 0.380350488421278 0.20110516402764733 0.02006591114901035 0.03582124512215734
0 0.42402585778820584 0.20884790364959205 0.021473924765731955 0.03391927359309266
0 0.4773113909515049 0.08747977938779594 0.02629990713245367 0.03213666016287631
0 0.533935546875 0.19384765625 0.03173828125 0.0419921875
0 0.4740100181042265 0.1841765180447743 0.026271492065814472 0.031160097662876307
0 0.0746446249842059 0.07910309755194811 0.031154304565814445 0.0313306092326604
0 0.23304143033354613 0.050158073847927365 0.01689469558257728 0.02741815693028693
0 0.1988281026497729 0.03574370599339316 0.022090073815608235 0.03833085600007102
0 0.12260984775076261 0.07352583416806568 0.019250856632659796 0.024573725215178976
0 0.09260488556575232 0.01506384687166118 0.015776057749381456 0.0225012421163302
0 0.18134338360298938 0.15049600204576663 0.028698690782494873 0.030757072197768354
0 0.09703746045377287 0.1812437811390717 0.022237374265938137 0.026629157157049388
0 0.2688892705042677 0.1928028477256991 0.018672105065608235 0.038211497901222025
0 0.3049562704548038 0.21056697970231975 0.019852798149216477 0.02849702637215734
0 0.7263692902981647 0.2472438734754865 0.03187888876511347 0.0562329529826604
0 0.5713852285816905 0.25948502773763704 0.03548678056540211 0.04611545598848732
0 0.579833984375 0.01025390625 0.03759765625 0.0205078125
0 0.99365234375 0.277099609375 0.0126953125 0.07177734375
0 0.8135010447598967 0.06908631035311663 0.030124669231587742 0.06300068585474672
0 0.05831758457921632 0.8059197884582887 0.04242217079863919 0.04977214093618498
0 0.14041088982962868 0.8176865804289404 0.04793533988183518 0.05484251616294733
0 0.39562945801216476 0.7804826151431978 0.06103368843191759 0.05237320990136385
0 0.40338283839791733 0.8660620408466516 0.06100527336527839 0.05139664740136385
0 0.968505859375 0.984375 0.04345703125 0.03125
0 0.8196661170500203 0.9384238118825359 0.04347875338142271 0.06932044209316324
0 0.7112377966652987 0.8929439159526741 0.029323822248556675 0.052241447197768354
0 0.6935618622578349 0.6286938573655505 0.05640661153167015 0.06099176083157998
0 0.6828399290711752 0.511024278417924 0.05494176778167015 0.06094060736064477
0 0.9833984375 0.56494140625 0.033203125 0.0419921875
0 0.987548828125 0.492431640625 0.02490234375 0.05029296875
0 0.93994140625 0.443359375 0.0517578125 0.02734375
0 0.9587368001535463 0.467244789539089 0.04976582219909287 0.03393167819783924
0 0.567626953125 0.75341796875 0.03564453125 0.0390625
0 0.992431640625 0.819091796875 0.01513671875 0.06005859375