0 0.0341796875 0.01611328125 0.044921875 0.0322265625
0 0.335846264840579 0.15280101947364055 0.031030218132844345 0.034835572245530466
0 0.37133209823735847 0.26445266296532255 0.03131764150170735 0.062170800033893414
0 0.2756711332652749 0.34951335181828536 0.05278965000346081 0.054486133208450305
0 0.2978127872427565 0.03188339518080818 0.051988463910806804 0.049600479971238065
0 0.08645315053986846 0.17134816141359177 0.04308079696151723 0.0324651844258399
0 0.19706440950304716 0.3348283102850538 0.04575360309962173 0.043707016124689524
0 0.46913824317091346 0.2814683219972711 0.03161817984611481 0.05924395327110554
0 0.40388036849967823 0.1397051630266949 0.01887265287583073 0.06600319086637141
0 0.17435763899271062 0.10245188708045183 0.03166839431639934 0.052410856508318115
0 0.20628947215877758 0.1281546676232843 0.01653167556639934 0.052322793654734356
0 0.2110769162513857 0.2028616988732843 0.03855454628668342 0.0456175300665036
0 0.603759765625 0.024658203125 0.02978515625 0.04931640625
0 0.5244140625 0.10986328125 0.009765625 0.0458984375
0 0.6630589590716134 0.031643234719873625 0.01851609105066454 0.052822437853583815
0 0.88623046875 0.021728515625 0.0283203125 0.04345703125
0 0.9046882908880126 0.08250304871023192 0.039931327594361576 0.06710190506650376
0 0.9717334655488652 0.06159753300049867 0.030723122300664762 0.0528934562838933
0 0.9530892186519477 0.15939866059833005 0.0368073397009967 0.07928621041880474
0 0.9687127216973522 0.2355080393796577 0.019229963178294618 0.04111221006522092
0 0.944973934875647 0.27667706418912624 0.04236036734611481 0.059306449489778035
0 0.99072265625 0.226806640625 0.0185546875 0.04248046875
0 0.9462890625 0.39404296875 0.037109375 0.01171875
0 0.8157343590923783 0.35607154817253084 0.027605691895072226 0.04994672436061909
0 0.8064337793004808 0.2642945583330175 0.04450123525170735 0.06224749993862755
0 0.8452517644368318 0.2831187903176643 0.030867208223745113 0.047525203271105765
0 0.7555389853843679 0.3085523519263794 0.03513002004891119 0.06072868218159233
0 0.7720693428040795 0.10916315769363658 0.03854798879891119 0.06074856734207901
0 0.693603515625 0.0205078125 0.03564453125 0.041015625
0 0.06893272478313064 0.4142124079711973 0.021333731589147364 0.0206242827257076
0 0.0346526083425622 0.42808881605048865 0.03476109172549846 0.03973826990601714
0 0.04669007219569074 0.4558611918190287 0.03531851143180148 0.02558663586765425
0 0.00537109375 0.474609375 0.0107421875 0.0302734375
0 0.09109237546142532 0.45511440348270205 0.039650461713270635 0.024635640002565684
0 0.10511856685469806 0.5825217208861535 0.04299198604189758 0.09201277102814087
0 0.11789613278654551 0.5379972235453573 0.04771328558739396 0.02858734179796385
0 0.18556711713270646 0.5268573328356241 0.03991315208564061 0.03635154926535333
0 0.17667031972706798 0.5938285639903583 0.03874884668004808 0.03341618029092852
0 0.23718814967469598 0.4786876077678374 0.02696751571151723 0.03237144009783144
0 0.2020202816537472 0.4329766589238545 0.01656952353843688 0.03768003762915906
0 0.232421875 0.41162109375 0.0341796875 0.0234375
0 0.269287109375 0.4052734375 0.02978515625 0.0107421875
0 0.29082488818521635 0.43148308225120124 0.02890171672549846 0.039704181059468546
0 0.31133776121839296 0.4924216534359803 0.031280542006967615 0.038741822245530466
0 0.369384765625 0.4111328125 0.02978515625 0.0224609375
0 0.3756541062603825 0.4441780692006718 0.03511840202796235 0.014847289104866657
0 0.3984322606589154 0.5480882311226632 0.03160000433739396 0.028493597469955168
0 0.39461913363441387 0.5876759419564241 0.037146474494739845 0.02364487381650382
0 0.3655332375819039 0.6826070375357156 0.03547496385312843 0.028028042117654195
0 0.3687743329699625 0.7636730879845651 0.050323510756967615 0.03885261099681325
0 0.29619580312730837 0.7592107045919975 0.04302402500346081 0.05442931846420285
0 0.035313093282808905 0.9033597572704439 0.04581618406815258 0.044683578624689524
0 0.05078125 0.988525390625 0.0458984375 0.02294921875
0 0.33298272188769085 0.9216549610325289 0.04867092410137519 0.0359144012851762
0 0.43364585228636165 0.8155612488458052 0.043487573256967726 0.0388128406758399
0 0.4840246380467901 0.9080761792594785 0.033614961828627 0.06755325673274282
0 0.48799795987910777 0.680429168745408 0.04465843615033238 0.026617172374689524
0 0.498046875 0.6474609375 0.04296875 0.0244140625
0 0.4839637328407629 0.5031404639372223 0.03519915850521427 0.04657420740601714
0 0.4586364372865914 0.46616460358620426 0.03817906047549835 0.039758155066503764
0 0.45386567174810866 0.4984309364071776 0.031362046961517454 0.03239700673274282
0 0.445068359375 0.411865234375 0.02978515625 0.02392578125
0 0.44979790879360504 0.43495437390717756 0.02011921171327069 0.024522010514070436
0 0.529541015625 0.93212890625 0.02001953125 0.0771484375
0 0.5724398953142321 0.9827639764500508 0.053272122242986386 0.03154827740729993
0 0.604291720480345 0.9386169716079718 0.03621356897725181 0.03193713285486677
0 0.670566251055511 0.9514199065715128 0.04870802359611481 0.05934337907353893
0 0.6719081783003429 0.83515783580169 0.07066831334786827 0.05166155298530839
0 0.7845941606220022 0.8633215822044795 0.06656851143180154 0.025768443049246637
0 0.8314058311761736 0.900172450118153 0.05680869544227596 0.04865232484336168
0 0.7988401338824307 0.9560467271718691 0.06078408389857892 0.034520575965485634
0 0.9420682318948423 0.6909548091162083 0.0573151522009967 0.07940552138172474
0 0.8900499744543657 0.5652339129653225 0.053991803381090886 0.04277874615729993
0 0.9709184160033689 0.4856323807159435 0.048582861659053345 0.05739025407353904
0 0.978515625 0.42333984375 0.04296875 0.046875
0 0.854736328125 0.415283203125 0.05029296875 0.03076171875
0 0.738525390625 0.426513671875 0.04833984375 0.05322265625
0 0.6976308109369238 0.5048070000293015 0.03741497387758397 0.058301479617654306