0 0.11572265625 0.02099609375 0.0634765625 0.0419921875
0 0.04926697950105863 0.2100854180874825 0.04626245434219811 0.050943137019014095
0 0.035890937495880904 0.25434777321058577 0.055215924817162865 0.03282054874870499
0 0.07237072087623506 0.3038595064351881 0.0516505940540421 0.052169862230940334
0 0.12086261591396441 0.42662547133364326 0.04234521002382907 0.07808220843652869
0 0.1015625 0.556884765625 0.052734375 0.08544921875
0 0.28173828125 0.02197265625 0.0546875 0.0439453125
0 0.349365234375 0.012451171875 0.04736328125 0.02490234375
0 0.401123046875 0.129150390625 0.03759765625 0.06787109375
0 0.3817925623945335 0.2538703345974773 0.07324329646858074 0.0873274585139252
0 0.3156307541035384 0.4883884460277137 0.07106005098368728 0.0740528965050431
0 0.4382681772515591 0.11683581588434722 0.035057554534964064 0.05188491328044065
0 0.4734244272515591 0.11847324454422897 0.02588495789347489 0.029502899865470167
0 0.5085405336843962 0.08985997776883137 0.0486441997257443 0.047638878592616896
0 0.6289766517845374 0.169627791560653 0.054350161069148584 0.03912272086926383
0 0.6311524832570896 0.2663302211253736 0.035682203479715735 0.059720155345161174
0 0.6020552171243231 0.3323030256126976 0.036763513088226674 0.03781572528932298
0 0.6050932320388618 0.3665964234363005 0.04756536145468049 0.041734019463175676
0 0.5320033492268766 0.2880580274223752 0.0647574809757443 0.04838936672839611
0 0.457973213775741 0.3792595698906852 0.050921198000779544 0.06628453435149928
0 0.427978515625 0.269287109375 0.01611328125 0.04248046875
0 0.43212890625 0.51416015625 0.0244140625 0.0380859375
0 0.7268616599005646 0.2990852362458868 0.04403412261524764 0.06303645794541102
0 0.768156071933543 0.34491814011769495 0.041456348670495746 0.05511024762180816
0 0.8049720852761677 0.2739381149159002 0.037479443485673114 0.07883135028932298
0 0.8473648528795008 0.2988431512318701 0.03465450309418383 0.05674498371572012
0 0.8329501161704221 0.3674513426608116 0.055341298193545496 0.06795405668398447
0 0.8856649738711311 0.39674021233591367 0.02332175857312002 0.05036254122714667
0 0.8566630762976581 0.16071708578516405 0.04236472732312002 0.051249481751249326
0 0.9112702891633324 0.10276280616331024 0.053663379920495746 0.05567879923982266
0 0.925256405488865 0.03754984141964822 0.052635679534964064 0.052703627610381526
0 0.872802734375 0.58056640625 0.04052734375 0.0380859375
0 0.6399294424701398 0.7032027225480684 0.059028422027020966 0.02763139151646965
0 0.5157234420647504 0.6310654722384821 0.05916478972177275 0.03544389151646965
0 0.5952547339168773 0.7152706088437749 0.03126210328694978 0.05805063301267599
0 0.538330078125 0.97509765625 0.04443359375 0.0498046875
0 0.71875 0.978271484375 0.0615234375 0.04345703125
0 0.4631287616652444 0.8881702756661741 0.04614313260929037 0.044107199519013984