0 0.15401046014907516 0.274492715707911 0.04678269998828122 0.0661565906758399
0 0.19971278805324177 0.20441031542211385 0.031047914202459337 0.05923259032225614
0 0.23395533738744345 0.36582436090613946 0.044036284018663 0.05149963096420285
0 0.2760752392783866 0.3255214353959175 0.03168272411056128 0.05533202179668084
0 0.29771300480023277 0.39648413866702326 0.05114690739872696 0.04910083577238855
0 0.296221156426274 0.1678435212296785 0.05231869383252308 0.0569161765096009
0 0.15646846651114088 0.12355131323923862 0.04218099240107054 0.035871790226990496
0 0.12275182696125647 0.05105274778782343 0.03658390804670131 0.04999217615601714
0 0.48095703125 0.013671875 0.029296875 0.02734375
0 0.612548828125 0.010009765625 0.02978515625 0.02001953125
0 0.7427413000703132 0.211811885177907 0.0409053963831596 0.032448140002565684
0 0.7518969056310771 0.24117693787100414 0.0410886679135416 0.017808224714202847
0 0.8865454401504925 0.14278875432179827 0.04511067990107054 0.03588883465026482
0 0.7999841969837678 0.03773978232817171 0.04556221827879048 0.04662818141305236
0 0.7008878937026336 0.07038328209733274 0.04027656267676494 0.04757349580371617
0 0.6240829801186061 0.22235773625972327 0.0469172762429686 0.039803606861901875
0 0.5867361049418411 0.2695278473792814 0.04556221827879048 0.04662818141305236
0 0.5074098803305277 0.37214612497069854 0.03401434457473951 0.04851312871995539
0 0.5046672264075238 0.1801379642322034 0.04581853272271408 0.04955786891305236
0 0.438720703125 0.285400390625 0.01806640625 0.02587890625
0 0.46558591214036515 0.13545438560751388 0.0459958280513888 0.023693166349114225
0 0.7829034292526051 0.2999809024247203 0.03534505490107054 0.03583201990601714
0 0.2380895687143525 0.644919218013531 0.03913510008252308 0.05683947660486666
0 0.21907648097288823 0.5886276781401244 0.05009730198518514 0.0315255515096009
0 0.3405119835647863 0.5854259309687948 0.0312922762429686 0.039712703271105654
0 0.34173932713802146 0.6328204603281309 0.02640348754126154 0.028459508623406626
0 0.4001130627353593 0.6077565201075548 0.04462239865107054 0.03588599391305236
0 0.2434529149385709 0.4998570757053453 0.04139965383486688 0.04367576801535333
0 0.23187914570515156 0.905757990578752 0.029210994021006798 0.03823649657225614
0 0.3083133113507823 0.8920353078594585 0.03616911254126154 0.028516323367654195
0 0.32177734375 0.98779296875 0.048828125 0.0244140625
0 0.5362543312907706 0.9195943027865405 0.03694403207473951 0.048530173143229494
0 0.4679372325337393 0.8796259331663207 0.056914868049045 0.036933574843361905
0 0.5219587131240458 0.8149657599003464 0.03805472799840848 0.061225485643229494
0 0.5786761430842017 0.5910605621784872 0.0395930574929686 0.03976099580371617
0 0.7473762078816553 0.49433607398414803 0.027233521383159598 0.03236859936061903
0 0.8329732837828128 0.615989449214987 0.04075886772505788 0.03635154926535333
0 0.7794460606442135 0.6694163129937489 0.03950164314328708 0.027559646028140927
0 0.7236629169410889 0.9328978586005194 0.034270659018663 0.05144281621995517
0 0.619873046875 0.996337890625 0.03369140625 0.00732421875
0 0.6352293392136874 0.955344266863928 0.0381282137429686 0.039752473592078896
0 0.876714962593751 0.9591918380340565 0.03857975212068854 0.05049182035486677
0 0.817534655130325 0.9041322014592346 0.05101277397505788 0.03641120474681325
0 0.441162109375 0.686767578125 0.02294921875 0.04052734375
0 0.5129345840008394 0.5384054022699044 0.03605932675543988 0.021683226604866657
0 0.8713976546591153 0.8580352379048974 0.0345026258247394 0.04851596945716763
0 0.8409190315444446 0.525169136714987 0.047014666794357396 0.06322974391305233
0 0.6822285109564818 0.6024106674419367 0.036895336799045 0.03681710461765425
0 0.6160832231090567 0.47061133397516813 0.04598940901866311 0.05151099391305235