0 0.07506922327773258 0.2254574189120293 0.04563425017303446 0.06735536084726479
0 0.09259207327427177 0.1697900102628247 0.04980393902270219 0.041397900760996365
0 0.027195921690430558 0.06008360919899547 0.02887623525170746 0.06375306025835892
0 0.11117373920265838 0.06941585625446578 0.042610691220238195 0.06568565339039911
0 0.20217448864318088 0.11945643274963746 0.03552442984611481 0.061301388074379015
0 0.27461324461863335 0.22425614329630233 0.052195130802418 0.04837041406557352
0 0.143798828125 0.283203125 0.04150390625 0.033203125
0 0.336181640625 0.0263671875 0.05615234375 0.052734375
0 0.35406705688792073 0.1323775957971955 0.05954408254891108 0.0644392854304493
0 0.39588818003645354 0.23392313756480648 0.04105778502791635 0.08696516468353332
0 0.628662109375 0.00439453125 0.03955078125 0.0087890625
0 0.8375803564507212 0.06078055527779824 0.03244484741256004 0.04358668726980186
0 0.6410023736272624 0.12357355629581379 0.04597919397725181 0.03481123685298648
0 0.6027352507094421 0.10810209033277995 0.035318511431801425 0.02774655762895617
0 0.6360125746989218 0.15286016536183378 0.03856110377445554 0.03283423383582207
0 0.33299883077242654 0.6801534956373991 0.0402442324370158 0.07426985218353332
0 0.37471596140180985 0.6576175779367014 0.04755608468876904 0.06700365540184205
0 0.1329447890942237 0.512668998279096 0.0636067849702382 0.06715384328960372
0 0.13468187461355696 0.3560878247016329 0.07665285028492996 0.05834424892164383
0 0.10888710961148185 0.8566988421866594 0.04949028570275027 0.0744303060052749
0 0.396371221945369 0.8807382311695371 0.04302402500346081 0.056964878792687745
0 0.8327957274593961 0.8091385269600339 0.04009433750346081 0.05676001508582185
0 0.859969161585227 0.8734517300062521 0.043199401410806804 0.05211621024383195
0 0.766444752462857 0.8682203307236676 0.04502736447374511 0.05029966104840922
0 0.6117171166482112 0.8187122178772539 0.04585328356289242 0.07077332959726479
0 0.49869349648740446 0.7770782006347197 0.031117532097868272 0.053215736465224595
0 0.4563121385312853 0.5137169673442228 0.058473648596114924 0.06290615377816078
0 0.44140625 0.396240234375 0.04296875 0.06298828125
0 0.7581085474806207 0.4396426228790402 0.06796421672549835 0.044126070703335185
0 0.7500282965750742 0.36712772428705026 0.04850791419227596 0.05151523120641918
0 0.685546875 0.317138671875 0.0537109375 0.03466796875
0 0.7072916949404765 0.3431403474331708 0.05089329696151723 0.0356409576144292
0 0.980712890625 0.748291015625 0.03857421875 0.05322265625
0 0.7851530772829008 0.6932859872038658 0.038942398596115035 0.06154039573238901
0 0.8511519813180606 0.39144650220475896 0.029277202536683422 0.047253929611791756
0 0.98876953125 0.349853515625 0.0224609375 0.06201171875