0 0.06294469354022592 0.10533057650023664 0.026537631732742817 0.0314492096600828
0 0.08543403841234976 0.09861429373424022 0.012349068110619088 0.025410513731519813
0 0.12277067238934014 0.056522581990419984 0.01913103160358376 0.016691182671170868
0 0.1583754333183669 0.06044888189438216 0.025558228495530466 0.030881212311561212
0 0.169189453125 0.003173828125 0.01611328125 0.00634765625
0 0.259033203125 0.006103515625 0.02001953125 0.01220703125
0 0.23138216518026877 0.011053001304524107 0.026935009391946707 0.015864067709343566
0 0.40234375 0.019287109375 0.0146484375 0.02587890625
0 0.368408203125 0.0078125 0.01318359375 0.015625
0 0.297607421875 0.011962890625 0.02783203125 0.02392578125
0 0.2869041908196497 0.030923246188793774 0.03726277480946849 0.029396399243820204
0 0.23841946947181825 0.0597715368156122 0.052867889648982036 0.0272538880701656
0 0.2857600248241192 0.05981155603731536 0.022103330161769463 0.024254549716735685
0 0.2288324853656688 0.11375149600156728 0.022602974360619088 0.02624753276599645
0 0.21020109796093456 0.1284496956234774 0.027948501475707488 0.022291440057865097
0 0.15056828924226218 0.14405456513329407 0.03772264868734476 0.02455344479308108
0 0.030357031863724182 0.25391744345218814 0.02797690884783144 0.027174252557865097
0 0.06942805407536129 0.24926395576132476 0.024096225482742817 0.03124991941377875
0 0.10596392570898988 0.2609230395667653 0.015233303815220922 0.01783716202708452
0 0.1454550514775299 0.2679484438266412 0.01918784634783144 0.026456807671170868
0 0.14276081961562803 0.3116047653229451 0.03582633843159233 0.034159637596037795
0 0.2071429261853185 0.3185505340705206 0.044598356508318115 0.031947394982732025
0 0.21424021150885753 0.2730706463808695 0.02508131019438009 0.03279447926230039
0 0.2194610717371308 0.21456659713826154 0.03685119346420285 0.04254013494455944
0 0.25029380891744024 0.19984850878483162 0.027051479617654195 0.035883598959343566
0 0.25690565372819174 0.15392019789444134 0.04270204625256557 0.04155358778568896
0 0.3059013822237222 0.12112579921836211 0.03582917916880479 0.03464791884603785
0 0.35742909500951936 0.15645162724671813 0.03187747737340674 0.026516554451951446
0 0.3411965027965993 0.1782747553723243 0.03625780493734476 0.024433870645298672
0 0.305665275484565 0.24559765991910132 0.022194233752565573 0.039879549716735685
0 0.2557497992332822 0.2687061496937021 0.03733947471420285 0.042579992993820204
0 0.2604564860261147 0.2985810067010942 0.03777946343159222 0.03431906979308108
0 0.33181088548199944 0.2815312627590185 0.033824920898981814 0.02569942414899462
0 0.39794921875 0.336181640625 0.0234375 0.04345703125
0 0.3935546875 0.36083984375 0.0322265625 0.0302734375
0 0.3505366683158012 0.08283074798563 0.03432740583504379 0.028180688448255498
0 0.3255124984161982 0.021915085297191217 0.018194239424557113 0.023447404072649336
0 0.035191877381643144 0.17787512725884103 0.03938918477942377 0.05934098769086338
0 0.03807108271287918 0.01853600756179785 0.024084862533893303 0.02929679441377886
0 0.01146713737266325 0.31304923682409824 0.021617889648981925 0.024702972917474808
0 0.030918846730716598 0.3251267898536666 0.027505672021105654 0.030064082008604442
0 0.11776538263867836 0.16186177318376715 0.026469454039645735 0.01973045966008269
0 0.11354697709584594 0.13194705812711427 0.024064977373406737 0.02587882566377875
0 0.15373943940531454 0.1023115105877293 0.02652058730946849 0.0285195221600828
0 0.6560914805996129 0.027434740136930924 0.025041539873406737 0.025958541762300502
0 0.699951171875 0.007568359375 0.02001953125 0.01513671875
0 0.8546571865912949 0.03953282658778845 0.028116104971238176 0.0511000338078651
0 0.7094274407875787 0.08750347971824379 0.028519164104866546 0.036491454357125974
0 0.7141117272332415 0.03734006977489668 0.020195656957167518 0.03190761751969262
0 0.686719684700631 0.04787290178350101 0.02663989827238855 0.04902733466008269
0 0.5821706824563834 0.06616814932531057 0.015298640771105765 0.02906763077708452
0 0.4573155600542148 0.0514694661860734 0.028121786445662822 0.0520765963078651
0 0.5396532841226225 0.07598345586099953 0.02266547057929147 0.03698972026599634
0 0.6769480526756768 0.133591142219456 0.028084856861901875 0.04572894005786532
0 0.007080078125 0.567626953125 0.01416015625 0.04248046875
0 0.15319620749669094 0.8352124074548494 0.049080950611901875 0.04744283617607925
0 0.400634765625 0.630859375 0.01806640625 0.0390625
0 0.3683019564212888 0.6048639568786224 0.03245666221420285 0.04218141250121232
0 0.3052644059870899 0.8701399773354822 0.03344458766305225 0.044214253599733855
0 0.267333984375 0.972900390625 0.02001953125 0.05419921875
0 0.8384334421405415 0.759548138332821 0.04139912452367134 0.06926604488790655
0 0.8783932895491242 0.6860071363426968 0.026222635452698206 0.061194507860822034
0 0.9257956900190387 0.8431940019658783 0.03984905865730015 0.054498033240124144
0 0.9646056899576663 0.7995178723242757 0.027176472054998957 0.057367973959343566
0 0.984130859375 0.86767578125 0.03173828125 0.052734375
0 0.989501953125 0.989501953125 0.02099609375 0.02099609375
0 0.9358191710043064 0.9658522811321409 0.028672563914335036 0.06285864185712597
0 0.9718709043272651 0.6412848739338854 0.04769280676663623 0.06050685577829684
0 0.9287109375 0.4033203125 0.0419921875 0.02734375
0 0.6064453125 0.9775390625 0.0390625 0.044921875
0 0.5263589016213397 0.8797041362612064 0.03050921868862755 0.04299854280416904
0 0.828569042439167 0.6095461091665584 0.0392698738165036 0.03883317519086338
0 0.7889504090465993 0.5405488442059434 0.03251631769566288 0.05243531875121232