0 0.27719143082664377 0.3348986594370219 0.031261618020948845 0.04787878666636902
0 0.3234602936046521 0.28320556120373974 0.023937399270948845 0.04736662739920461
0 0.3447430622462174 0.34983028699378993 0.02840106897725181 0.033582054611791756
0 0.32797118387204816 0.4142800658445853 0.018604153492986386 0.03241089433890609
0 0.3227863360730451 0.49266460537055523 0.014497794089147309 0.021429699180895767
0 0.32283580206603146 0.523778029565978 0.023136213178294618 0.04244967094806018
0 0.2648234562915299 0.5590949608740858 0.03255764285137508 0.037761456220946066
0 0.2496307140607713 0.5419915050409014 0.023136213178294618 0.04244967094806018
0 0.24122369485972844 0.5321678580725927 0.021771798368863116 0.028743651996915975
0 0.21602737025309315 0.5182536292653781 0.024162990148578922 0.03571616530149324
0 0.21516135776001477 0.6261057635470695 0.022409974552418 0.04628763304577177
0 0.17171669300826137 0.6308453079440831 0.03328388147725181 0.0339234941232347
0 0.12964300055371175 0.6342224404445296 0.023130404167820307 0.01960288405149324
0 0.12744140625 0.649169921875 0.0224609375 0.02099609375
0 0.10056102569559881 0.21074602088995253 0.025721705351375135 0.03728344090492608
0 0.13830426482327485 0.13220771984065022 0.02426922809962173 0.044959365100348814
0 0.36799150119393736 0.09820141578647759 0.023925032772702193 0.03958827135034887
0 0.35356790609426964 0.12344185289871595 0.021458893526209 0.023860839496915975
0 0.3729608791816636 0.15299134763991046 0.02254169397725181 0.03317232719806029
0 0.42391825406630723 0.1137784322657826 0.024569766444029195 0.04206382155149313
0 0.4212315844753606 0.17046346715090682 0.03179355625346081 0.05617956791636891
0 0.465772913130999 0.10698333101533603 0.031287099494739845 0.02552028101980186
0 0.4926341908914734 0.13170803522483923 0.015755970947536113 0.025892518333184456
0 0.523940214372232 0.14993824144578538 0.021627712445782654 0.03408060179577177
0 0.545654296875 0.148193359375 0.02783203125 0.04931640625
0 0.55419921875 0.544189453125 0.0107421875 0.03466796875
0 0.5338045925502969 0.5390164977103122 0.028858059742986386 0.033127917312936184
0 0.5151815150712917 0.5138956781702622 0.014685536994739845 0.024359386680895767
0 0.5063043901289699 0.534663030196232 0.02136502207341273 0.022395995746915975
0 0.4961771427706271 0.4600686967336447 0.015373927648578922 0.03510157418089577
0 0.4784804133213376 0.44181795864473883 0.021865669821659384 0.030208495746915975
0 0.41096231781792275 0.3136289591051351 0.015373927648578922 0.03510157418089588
0 0.41040846169020073 0.464279123631105 0.019054586770948845 0.047025187887761666
0 0.39805153550664585 0.4459156877547863 0.01937404910137519 0.0368395695400503
0 0.390588291366742 0.5115024829273233 0.031393337445782654 0.03476348081865743
0 0.4322420925502969 0.5319145558722995 0.021733950396825463 0.04332380159462734
0 0.4597160650205352 0.5965417467772255 0.02195954127445554 0.031673339496915975
0 0.449951171875 0.64453125 0.02294921875 0.0302734375
0 0.4230076573055111 0.5774476758436922 0.02548374797549846 0.04115554695378165
0 0.517578125 0.65087890625 0.0234375 0.017578125
0 0.5016951375449907 0.6296149882710576 0.02279201785137519 0.03707857719806018
0 0.5183156240310096 0.6234858078111077 0.021865669821659495 0.030208495746915975
0 0.3961135921061757 0.6280651258727461 0.023186427648578922 0.03564787739920461
0 0.3902302325869803 0.5741834686170246 0.02266029842654138 0.05019388304577177
0 0.33216767234219446 0.6163021934739881 0.024545033447536113 0.026507109453781652
0 0.296875 0.6513671875 0.0166015625 0.0166015625
0 0.891991481433417 0.23790452910558169 0.04878952855066454 0.05590976245641921
0 0.9628970036798642 0.32792903730891687 0.049816305520948845 0.04917625680985205
0 0.9442164057655048 0.36259365990971226 0.03653884031815258 0.04678952637895617
0 0.9208276232811934 0.42998339219448767 0.05636407117478792 0.06032817172358351
0 0.8696497180520962 0.5416087743071726 0.04195359105066454 0.05543174714039911
0 0.86474609375 0.6357421875 0.0478515625 0.0478515625
0 0.6835199418720022 0.5650503029154759 0.02612848164682552 0.04363109715492586
0 0.717616806270765 0.3234157984321936 0.022184383674787922 0.05793809514348314
0 0.99462890625 0.57373046875 0.0107421875 0.0615234375
0 0.9509685928790618 0.4831308407574237 0.027011172694029195 0.0422345413072146
0 0.8839453361134191 0.33990755432125297 0.03336463795450362 0.06552519956865743
0 0.494140625 0.9873046875 0.03125 0.025390625
0 0.4440337233930889 0.9798592587732484 0.03719013147725181 0.03419664573238901
0 0.2536274507428945 0.7317617365624475 0.029096017118863116 0.02925581126408039
0 0.3064375216869697 0.7062889840906081 0.028732897805924695 0.031174792312936073
0 0.555908203125 0.736572265625 0.00732421875 0.02880859375
0 0.556396484375 0.707275390625 0.00634765625 0.03076171875
0 0.20924182603128533 0.8355984966922968 0.033490548368863116 0.029563106824378904
0 0.579345703125 0.7783203125 0.03955078125 0.0380859375