0 0.017578125 0.53662109375 0.03515625 0.0263671875
0 0.12578498488230505 0.51318359375 0.061527476348954835 0.06298828125
0 0.3828125 0.0703125 0.0341796875 0.0419921875
0 0.0679177794164024 0.162109375 0.0570767630786459 0.072265625
0 0.8231296787133584 0.2490234375 0.04951173322460223 0.03564453125
0 0.7412228369278291 0.2568359375 0.05023947929566086 0.05126953125
0 0.6337688682552256 0.22607421875 0.050852168760131655 0.04345703125
0 0.5219885945267839 0.19384765625 0.043539994183984465 0.05419921875
0 0.459158161446843 0.21142578125 0.02755112114845515 0.04638671875
0 0.490966796875 0.544921875 0.04736328125 0.009765625
0 0.624748273886053 0.47216796875 0.030662745166219807 0.05029296875
0 0.820230666229965 0.47900390625 0.04201762213069049 0.04248046875
0 0.862035749199296 0.0322265625 0.03243393364845515 0.04638671875
0 0.992919921875 0.100830078125 0.01416015625 0.05322265625
0 0.925956382729828 0.1904296875 0.06016295246572012 0.03369140625
0 0.6249557897805319 0.0693359375 0.03469205709770562 0.021484375
0 0.389404296875 0.634765625 0.02099609375 0.0673828125
0 0.36792976569184566 0.91552734375 0.055339014551998966 0.06640625
0 0.5690789710001369 0.77294921875 0.05378320254311664 0.064453125
0 0.6555328794467974 0.6884765625 0.055416592354043503 0.03662109375
0 0.8380363566231945 0.69091796875 0.04306241082485229 0.0439453125
0 0.9000949057856206 0.6689453125 0.029164461460631452 0.06005859375
0 0.8669412313910048 0.783203125 0.052805293760131544 0.04345703125
0 0.8971035787603598 0.921875 0.029185857242366886 0.03955078125
0 0.9429538395649488 0.96484375 0.03183194207485229 0.0439453125
0 0.4982514088364615 0.83642578125 0.04309585078044065 0.0341796875
0 0.5348953170241939 0.65771484375 0.06377490190733748 0.04833984375
0 0.416748046875 0.765625 0.03369140625 0.025390625
0 0.4435452779937077 0.595703125 0.05200932149491133 0.0263671875
0 0.4260206424480467 0.64697265625 0.03962035372714667 0.0224609375
0 0.46168656947978237 0.66748046875 0.02631235176267599 0.0302734375
0 0.5765529602222863 0.91650390625 0.041495900925102136 0.05224609375
0 0.5859294223020902 0.6103515625 0.0393153552778962 0.04736328125
0 0.6017671062094734 0.658203125 0.025664876059631858 0.02685546875
0 0.8241035486473884 0.8642578125 0.04737667170683779 0.03173828125
0 0.41845703125 0.8115234375 0.037109375 0.029296875
0 0.6628356300420499 0.84619140625 0.04976189593652869 0.041015625