0 0.4003461498561902 0.29847320535336713 0.047099418239778146 0.053978971514442385
0 0.34930890795654657 0.12516791343335784 0.028090538336326576 0.06075688282628344
0 0.2807194332423437 0.06871963032201833 0.03821661141176946 0.0320170940429844
0 0.1416015625 0.0185546875 0.0322265625 0.037109375
0 0.010009765625 0.18294270833333334 0.02001953125 0.036458333333333336
0 0.7327211290588883 0.40080172065781583 0.03392718743862755 0.055866884473922074
0 0.8103521663344635 0.40371757582236095 0.03585474580371617 0.05011362113424619
0 0.8470755266241092 0.4291446694534356 0.03011752250384858 0.07779007781994067
0 0.9100009861049074 0.30629121508063184 0.03979792538747717 0.05878938612156078
0 0.8007367748561902 0.3257395871024886 0.03435581320716752 0.04222153738900314
0 0.7564360446541133 0.13001922766027998 0.02945027480946849 0.036747924904859786
0 0.311279296875 0.9680989583333334 0.03076171875 0.06380208333333333
0 0.2533858332066281 0.9641826515827535 0.028516323367654195 0.04646049407469791
0 0.4857452119879557 0.9624870224946411 0.0456743448107515 0.06301397110253266
0 0.5499284669527796 0.9041397489519992 0.03677449355946849 0.03714584363107468
0 0.4248046875 0.5654296875 0.03515625 0.011067708333333334
0 0.42113771052689886 0.5879711714491925 0.01876206131650382 0.04853410243974454
0 0.462158203125 0.5647786458333334 0.03955078125 0.009765625
0 0.06103515625 0.580078125 0.0390625 0.040364583333333336
0 0.7365286043575139 0.8703453426158813 0.0598401825351762 0.06508536397321496
0 0.8233173488696397 0.7344688394153795 0.025211984106149554 0.07231646533579757
0 0.7991674749303912 0.7936893186613297 0.0412798135607515 0.06277521986680383