0 0.061218511423761446 0.11849767228120273 0.04230257108119018 0.061847691292687634
0 0.03269890547321608 0.19583401525567945 0.0470730195405723 0.08067553040184205
0 0.405517578125 0.00634765625 0.02978515625 0.0126953125
0 0.445556640625 0.005859375 0.03466796875 0.01171875
0 0.5985620384858921 0.032498576677323254 0.03046876447460234 0.03765902436751323
0 0.6511372190328479 0.03276815465090682 0.01499091475379366 0.029276343132040195
0 0.6365904476825981 0.023477198817722367 0.026834072968264344 0.02231744191064755
0 0.621337890625 0.0068359375 0.02392578125 0.013671875
0 0.775634765625 0.00634765625 0.02587890625 0.0126953125
0 0.8199340349706717 0.030944230697976194 0.025687618124352607 0.0290509475572146
0 0.8402251247143337 0.017275701847180747 0.024472937086278845 0.03431960945378165
0 0.7001004501381864 0.018184431417624602 0.01929447774491133 0.02763051369233882
0 0.7136158232511124 0.05757810499508764 0.016660437086278845 0.03377330623547303
0 0.8902933653830978 0.05776532801046569 0.03712276545683757 0.034230789683533325
0 0.99267578125 0.0205078125 0.0146484375 0.041015625
0 0.991943359375 0.076904296875 0.01611328125 0.02197265625
0 0.986328125 0.093017578125 0.02734375 0.02392578125
0 0.983979178037891 0.12563954042330405 0.025857510468264344 0.022249154008358918
0 0.9792582525569049 0.17057168135728396 0.021293086874352607 0.028743651996915975
0 0.9694230550797582 0.1474961527366867 0.03193226194161758 0.0168336503732347
0 0.8937515055036112 0.1529118838581771 0.032614523883234714 0.0314820878732347
0 0.9226765021431839 0.19922339492111318 0.02818655267764636 0.040906273361791756
0 0.8429461671559055 0.12794482584145928 0.025143154854043503 0.03826000340492608
0 0.7490369727028614 0.11797121847175518 0.013389618615470056 0.026244223778607356
0 0.717971601786596 0.16154786729394333 0.03131957247714667 0.024577862470946066
0 0.6618112527116982 0.20969668690662824 0.025404015456837792 0.033411334856070285
0 0.5701080385365503 0.24708636078692425 0.029446717845161174 0.036614173965224595
0 0.568339470247273 0.11506943759722277 0.03713346334770551 0.02401102738467764
0 0.5901395415873912 0.08155209725214885 0.027890905836278845 0.034558617111791756
0 0.36445732306958095 0.15775545251318723 0.04013137704186731 0.025680734841543318
0 0.3334293585848469 0.07674182874910684 0.02657455864845515 0.0480939163072146
0 0.3892406437370501 0.2509863734612474 0.045798117633234825 0.03240397455413069
0 0.42093613342357883 0.2940847794810493 0.027561819039322977 0.03794244191064733
0 0.40032800105681365 0.32184517667955614 0.026993267421308476 0.02573541066064755
0 0.386257466782711 0.30188032124866027 0.034021839329940906 0.019899913677811965
0 0.4754416969058142 0.29400265200921005 0.03940497725379366 0.030983540689254685
0 0.4652988084134472 0.253871423589757 0.031842639965720065 0.035808331220946066
0 0.435797254830962 0.24742825527109957 0.03091156159516123 0.036716605818657655
0 0.409106293292934 0.15503732101846207 0.021644915736029002 0.025848108448060292
0 0.4739461057661957 0.34548731290005574 0.030071451483484668 0.0395780054163688
0 0.5045606742370045 0.3549284566210018 0.03967788203044065 0.036842915689254685
0 0.5153001691710345 0.31382401185075337 0.04853517072460245 0.03892235055985216
0 0.4560201907534741 0.40993709175085113 0.040188905345161174 0.03736534089039911
0 0.6441074455872543 0.372960263947125 0.042459072968264344 0.02341004834726501
0 0.6387791434007255 0.3317056312891151 0.023064275356587838 0.02497397780149324
0 0.682699021270035 0.2924346939466784 0.03296635274491133 0.028586544324379126
0 0.7244878764705348 0.311904348342799 0.018454367633234714 0.0304919132900503
0 0.728648328031416 0.38033201124508764 0.022349919742366997 0.04098482719806018
0 0.8212772354451828 0.2583228393762347 0.023450890456837792 0.03327475905149324
0 0.8025219082116524 0.31541425552588576 0.025290305133234714 0.030969928606070285
0 0.9554810402420931 0.3601785678806164 0.02884472627155832 0.03413862376408039
0 0.941811857808063 0.40107814894399907 0.03948390133882329 0.022228622140399112
0 0.2813625087866416 0.7832765127961342 0.04951173322460223 0.03899063846214057
0 0.2001834130721709 0.7853869729550373 0.05023947929566086 0.05461563846214068
0 0.0898639442447744 0.7470111530998602 0.050852168760131655 0.0468714263644292
0 0.103515625 0.9833984375 0.0302734375 0.033203125
0 0.29931640625 0.995361328125 0.041015625 0.00927734375
0 0.30007362580070396 0.5684941309136474 0.03243393364845515 0.04850364372094612
0 0.24564429383752828 0.5179657281412082 0.0427333240278962 0.05019722919497627
0 0.3095703125 0.52294921875 0.0205078125 0.0517578125
0 0.0664504602194681 0.5891461214620985 0.03469205709770562 0.02384030762895617
0 0.04147450514336648 0.502228712812894 0.05391830864845515 0.05000597757129496
0 0.7434786296761688 0.9072419283278255 0.02071518364845515 0.04768418889348314
0 0.6602781827675364 0.9077509689321516 0.03381850703044065 0.03643318827552333
0 0.5208612047636971 0.9656520289480182 0.021157980769013984 0.046741770344627565
0 0.3619944486648335 0.7000036059035863 0.03717894747714667 0.02498758988467764
0 0.44952120062930423 0.6983370171095589 0.023018791227146673 0.02399741530149313
0 0.5969620886305536 0.750015820800558 0.030922259486029002 0.02649684351980186
0 0.6105723964783047 0.6765038278406081 0.023814763492366997 0.04108725905149313
0 0.7293077031622892 0.7388293069629497 0.023860247621808384 0.04206382155149313
0 0.6205079861952285 0.8480271223951854 0.019703834909881812 0.03641957619233882
0 0.4929983537510667 0.8376507073965251 0.028969134486029002 0.026360267715224595
0 0.6393916881191726 0.6682985586592658 0.026028749095161174 0.0363751663072146