0 0.0284011553440644 0.05394498701928352 0.023644873816503598 0.037420518802445346
0 0.03579387733769113 0.14913011564982032 0.022231163336326798 0.046098582080417505
0 0.017284967183618605 0.24236998053618214 0.024050773687344762 0.023297362293121293
0 0.025668455363307086 0.33992251593536704 0.023568173911769463 0.024236925052445457
0 0.1802768348050805 0.1298774111597406 0.03197974391305225 0.043908889393936334
0 0.23212555089587683 0.14158043864809045 0.028082016124689524 0.04507773521852876
0 0.0078125 0.017333984375 0.015625 0.03466796875
0 0.0458984375 0.00830078125 0.0400390625 0.0166015625
0 0.3393549068664938 0.22659106185023847 0.05192541599553044 0.03273056626165016
0 0.3087636323492366 0.258218920512823 0.05108804961893709 0.05658234803029827
0 0.4005721958486156 0.33723746900642126 0.05049182035486666 0.03799066078962232
0 0.041970112703359874 0.4317335951719282 0.03137215170013241 0.0233640771532605
0 0.04613519534021593 0.5598925657371966 0.03435013173274282 0.03188685684731607
0 0.02267813573025873 0.6422719592803179 0.02749146833504379 0.027462610477852922
0 0.058152222747515914 0.610274103210974 0.024575984521105654 0.02968201828379724
0 0.05822640746556723 0.7069907904516498 0.029955600482742817 0.031553859181232546
0 0.03734710949180431 0.8126226852913914 0.026495020674557113 0.02397064224650114
0 0.0652529999093262 0.8232090125728626 0.025086991668804737 0.033625268024473076
0 0.27294921875 0.54931640625 0.013671875 0.0234375
0 0.19830882665800253 0.6030731463869776 0.027502831283893414 0.029415735477852922
0 0.11032445732999402 0.5936198184586478 0.038764548143229494 0.03563782326339959
0 0.24028429528525774 0.6809828559295223 0.03335368407225614 0.028394888615964287
0 0.1476213209860111 0.6230344006672759 0.025067106508318115 0.030207299274473187
0 0.362431307689992 0.6791783065268385 0.059516664043494205 0.07918399987178937
0 0.6722891857495014 0.8730796266696412 0.03547725330499896 0.057839762578668186
0 0.6438173375256568 0.5972825811568183 0.018753539104866768 0.035585677645685876
0 0.582992395829373 0.6380403612413114 0.045274126414335036 0.0639508511421869
0 0.5310215280384444 0.6053412400029615 0.05154224202238855 0.050759972770974215