0 0.12449969907137903 0.08896452625995888 0.0440647025858219 0.03782873408216503
0 0.10520076443097998 0.12705568887709284 0.034503941292687634 0.04047427091577305
0 0.0977060534116247 0.19925027621049496 0.043033464266717836 0.05095549769888663
0 0.05168845331216901 0.3045731935782475 0.03489313683845935 0.05997710584913407
0 0.04345703125 0.02294921875 0.046875 0.0458984375
0 0.534423828125 0.00830078125 0.03173828125 0.0166015625
0 0.49560546875 0.007568359375 0.0302734375 0.01513671875
0 0.45749032585262384 0.06391505756731986 0.024092927370150674 0.051866247649422714
0 0.3958816422179462 0.09832875853564971 0.03289225580413069 0.04530025328249487
0 0.3587584276483955 0.041471263236804334 0.043409047729304984 0.05632659144888663
0 0.363037109375 0.006103515625 0.02783203125 0.01220703125
0 0.3322484270181416 0.22466720230385584 0.0402539646544795 0.06695511868232984
0 0.4236866767879435 0.19748202465134046 0.028316738864429203 0.04955270919929888
0 0.45518595037993337 0.20182348306711373 0.028818632197613603 0.0636986579159795
0 0.4018677820612758 0.22962856706855694 0.027237744510996365 0.04805945038265991
0 0.39657166851197356 0.18641828900212398 0.021388635444976267 0.04106723001614432
0 0.3662098662144576 0.31274628253606207 0.034517553375872145 0.05460601209913407
0 0.35302734375 0.35546875 0.01953125 0.0283203125
0 0.1879428000793334 0.30119866909109294 0.035596547729304984 0.05609927091577327
0 0.490479231157243 0.3408258886325157 0.032666860229304984 0.056014025715855675
0 0.57373046875 0.221923828125 0.0322265625 0.05224609375
0 0.58203125 0.337158203125 0.015625 0.05517578125
0 0.9271751421576055 0.13872594500480434 0.04221735558845929 0.060190218848927834
0 0.8092942697143736 0.06826532289158777 0.054851299970946066 0.03180785109851547
0 0.7328287112372593 0.0562549076270929 0.04488415741328494 0.049547484082164917
0 0.6189877734221324 0.14492612529678356 0.03217857897930501 0.055999818182536076
0 0.601806640625 0.06982421875 0.02392578125 0.041015625
0 0.988525390625 0.09814453125 0.02294921875 0.048828125
0 0.03834752440326583 0.9049656262365982 0.042056901766717836 0.050927082632247433
0 0.03576794994412513 0.41708365498762906 0.039888647125872145 0.054762294965649494
0 0.10565376429800455 0.46021620245224765 0.0707766757464694 0.06443222453146391
0 0.1663682403908877 0.5505415407670312 0.06267049226935528 0.07394211393171135
0 0.18712509899651142 0.4846041393665776 0.07207414588995253 0.08298691203146391
0 0.34076609165362837 0.4005159081790931 0.0720571876575633 0.047901699698061906
0 0.39501953125 0.38671875 0.0576171875 0.0341796875
0 0.4848673098583032 0.4668467170582478 0.02730268626408039 0.028082541732618593
0 0.40155912158277995 0.49671482902719627 0.04086186347666754 0.033837238882247433
0 0.3186878848873571 0.4923464233628663 0.05747703805985216 0.04845203619847427
0 0.2974496648165087 0.5861584786132787 0.059764682786519696 0.08116687994847427
0 0.3997769438248676 0.5641828867271138 0.07861997354840922 0.04419435516453607
0 0.5304484133503908 0.5356929054901653 0.046407023131593395 0.057388399148804226
0 0.7868710498010887 0.5480261612142683 0.041657440286966274 0.03824597766556703
0 0.6252365714542704 0.6274783330853199 0.03943116367781174 0.034282897532288636
0 0.6631758947020795 0.693655794734124 0.034992222542687745 0.04048847844909287
0 0.9300374517007818 0.8516280174096499 0.039772603189254685 0.039165710032288636
0 0.827440367232473 0.856471142945856 0.03033480561751345 0.029632630682536076
0 0.6520280083966512 0.888062769900722 0.035593201580100375 0.035145799765731844
0 0.6752296194014795 0.8011576898169075 0.025984684252637447 0.023171314165979395