0 0.15835394087364926 0.11533510549353498 0.01271354681553738 0.024823290267481424
0 0.24968741542228012 0.04075516969670523 0.0210831330322383 0.038767983779135706
0 0.44057304783665396 0.06929557078908899 0.02960276958165653 0.044428947197768354
0 0.49145373400523784 0.3579705407308176 0.03490505836495572 0.030961686081509177
0 0.31304123554989904 0.37153548293490923 0.02929521337922658 0.02491474835474672
0 0.18715256489900897 0.2580883886155505 0.02546854712446961 0.026731464098919577
0 0.09149753987549736 0.14260756006353154 0.019469900570294407 0.023108881465178865
0 0.13281986851105568 0.31670694782504416 0.018822451829808406 0.01918558030820039
0 0.08059120002269127 0.21095608620892659 0.02134344182505138 0.021223961093092658
0 0.574951171875 0.412109375 0.02978515625 0.046875
0 0.7045856679415816 0.1136842547669144 0.032125421197672865 0.02257564904661713
0 0.7527157735499321 0.11884917888303195 0.027032870556023325 0.029224023819854783
0 0.7591595862399391 0.16898868722022642 0.030450839306023325 0.02934338191870356
0 0.7061831367626634 0.2128906043018064 0.0332702683459275 0.038705981453595495
0 0.6452184471001376 0.20475104151712703 0.03297182930126635 0.031381762703595495
0 0.6119572959119788 0.18048579287770095 0.030819744938158866 0.026430745575681924
0 0.6316029366675231 0.2546130847904356 0.021951098692915866 0.024170699750070912
0 0.7313515832216984 0.25455261751684355 0.02980339056553738 0.025420080761725194
0 0.7263170587682077 0.2870008450575626 0.025727194296509326 0.03307912034891958
0 0.7454868586730674 0.3254495034063405 0.047222348075051435 0.02212767241294733
0 0.7982734659450044 0.288888856231739 0.05113937685359349 0.010562382825752836
0 0.7845634606931563 0.26442984256317714 0.03655974432029441 0.023705671959422636
0 0.890603398929946 0.2147630993709524 0.031078392110198583 0.032778401825682035
0 0.9525065208406236 0.1979321137777182 0.03680761271379196 0.04175502705244427
0 0.99267578125 0.1708984375 0.0146484375 0.041015625
0 0.9725509328892545 0.12584164689973376 0.03134781806078035 0.02742435923266029
0 0.9421324299188574 0.06333700034750211 0.0373663605512663 0.03153522311640106
0 0.898193359375 0.012451171875 0.02783203125 0.02490234375
0 0.14208984375 0.45166015625 0.06640625 0.0234375
0 0.8288552687013361 0.5469477890855643 0.040773550522724245 0.04335628005827141
0 0.9731386503078384 0.5238171892129818 0.036060684291752354 0.035390319645465906
0 0.7721814547988384 0.7401165105567121 0.04586443954360042 0.06059958422107692
0 0.7180692753310767 0.7801462799522489 0.047777772670978935 0.0596912263489906
0 0.7143503968617402 0.6648778026382921 0.04348105948175929 0.08587085112222814