0 0.07552496741516862 0.3088546561793741 0.05832456714160261 0.0544299460708193
0 0.13132817044958606 0.16047464299826505 0.053262433713039625 0.03533751441683797
0 0.09354104743971026 0.10996861286506876 0.04934619905416915 0.04291126318110897
0 0.29678602451859853 0.25595452522308765 0.03505648399751626 0.0479748007286791
0 0.34288383285112367 0.2820006228784833 0.04367612964160261 0.05363410861838935
0 0.2937171158979599 0.3696745935691063 0.04358642888421049 0.06011799736997503
0 0.47607421875 0.55078125 0.0419921875 0.018229166666666668
0 0.45571649847794204 0.21163177281542112 0.03600309252090472 0.0713857728135981
0 0.24267578125 0.5237630208333334 0.033203125 0.072265625
0 0.290836304071437 0.007678796190382579 0.040885985607125974 0.015357592380765159
0 0.5551967176023951 0.17981468786543334 0.07513524337433464 0.1143909914446728
0 0.521240234375 0.4000651041666667 0.02294921875 0.06315104166666667
0 0.528076171875 0.53515625 0.03662109375 0.049479166666666664
0 0.6996290074621231 0.44384693422203786 0.062330341385422816 0.10396216856764795
0 0.6427391689214668 0.41124952028017175 0.06307782083494973 0.060528072306548296
0 0.7535790932576879 0.43702261356312827 0.03528564763421049 0.05966702281359811
0 0.6755132759349203 0.20182854242851755 0.05484677102460078 0.06916515316842364
0 0.700315611923773 0.059026037897511374 0.046306841479035965 0.06480792861204672
0 0.7578132252759906 0.05784886891795379 0.05496634517238319 0.07111827816842364
0 0.9421148384349203 0.1873443007942935 0.03707934043716721 0.05716896780725541
0 0.7917937837021289 0.12283698320830272 0.08882716827829684 0.06776689889075997
0 0.7893334557552634 0.5207317686963245 0.022520603694559327 0.04988924160323963
0 0.865234375 0.5517578125 0.0634765625 0.016276041666666668
0 0.8791371865335602 0.4529118139754025 0.03105054858125378 0.06203243824453578
0 0.8408715251738913 0.3148334938231782 0.05841418731277348 0.0797409873255764
0 0.9020960675975459 0.33227125402614394 0.06114458456646954 0.07664494648272886
0 0.976806640625 0.5423177083333334 0.04638671875 0.03515625
0 0.14794921875 0.564453125 0.02734375 0.009114583333333334
0 0.2344453761294205 0.7032179927460162 0.04054715189529867 0.05021973279457
0 0.18123286571073338 0.7774853675874492 0.03934142575860422 0.038474454879489084
0 0.24169921875 0.5924479166666666 0.046875 0.06510416666666667
0 0.08362621666020109 0.6945410910028729 0.03668075994455933 0.05065855114058874
0 0.8370147955371379 0.8630149501279475 0.03430908513421049 0.05961396698343613
0 0.7973144055765229 0.8119639899884085 0.04799094479308108 0.05257077652078509
0 0.7038335884349203 0.8683039459450596 0.034907036459343566 0.037584661977093425
0 0.7131209974300119 0.9073808176497821 0.02963562812560605 0.023022994074697767
0 0.6328125 0.5751953125 0.0546875 0.030598958333333332
0 0.833740234375 0.5771484375 0.03173828125 0.034505208333333336
0 0.7849574432710231 0.632247746578963 0.04254013494455933 0.050976886121560705
0 0.87359554772055 0.6709068181254834 0.03870361638421049 0.05985271821916512
0 0.98095703125 0.7565104166666666 0.0380859375 0.052083333333333336
0 0.98291015625 0.5872395833333334 0.0341796875 0.0546875
0 0.908203125 0.98828125 0.046875 0.0234375
0 0.5455006628696039 0.7756813533273553 0.0445829607019515 0.04459910903029907
0 0.5462083648560911 0.8515614212614643 0.026476696402690708 0.042966534505635444
0 0.6452593242353342 0.696289659886561 0.031548814490124144 0.05427299407469777
0 0.8662421002699292 0.9341011906540254 0.03127979280416915 0.04192973032311217
0 0.7202161331295388 0.950470051014829 0.031429240342341735 0.05231986907469777
0 0.99609375 0.8238932291666666 0.0078125 0.037109375
0 0.6436650828511237 0.7541262565595703 0.03122004602338857 0.025055702819940812
0 0.6181449796306919 0.7814677910652058 0.038325005209343566 0.037770357382660436