0 0.270751953125 0.10107421875 0.061767578125 0.039306640625
0 0.365966796875 0.14404296875 0.06640625 0.02880859375
0 0.353271484375 0.166259765625 0.044677734375 0.02978515625
0 0.33251953125 0.2080078125 0.05517578125 0.03076171875
0 0.057861328125 0.3251953125 0.048828125 0.03369140625
0 0.01220703125 0.40869140625 0.0244140625 0.0302734375
0 0.45556640625 0.261962890625 0.04296875 0.0390625
0 0.373291015625 0.227294921875 0.03466796875 0.020751953125
0 0.27978515625 0.277099609375 0.067626953125 0.0390625
0 0.280517578125 0.337646484375 0.043212890625 0.036376953125
0 0.47314453125 0.32275390625 0.051025390625 0.03955078125
0 0.654541015625 0.214599609375 0.044921875 0.033935546875
0 0.698974609375 0.104736328125 0.050537109375 0.035888671875
0 0.698486328125 0.068115234375 0.036376953125 0.033203125
0 0.277587890625 0.06787109375 0.035400390625 0.03662109375
0 0.17724609375 0.651123046875 0.026611328125 0.017822265625
0 0.254150390625 0.628662109375 0.0263671875 0.02197265625
0 0.2958984375 0.600341796875 0.02392578125 0.015869140625
0 0.121826171875 0.64111328125 0.02685546875 0.02099609375
0 0.08544921875 0.61181640625 0.029541015625 0.02294921875
0 0.0673828125 0.583740234375 0.02685546875 0.03515625
0 0.150390625 0.5859375 0.01513671875 0.0263671875
0 0.158203125 0.71435546875 0.02734375 0.029052734375
0 0.193115234375 0.692138671875 0.01953125 0.026611328125
0 0.2109375 0.740966796875 0.031494140625 0.0126953125
0 0.0400390625 0.66845703125 0.025634765625 0.02392578125
0 0.142333984375 0.83056640625 0.030029296875 0.024169921875
0 0.258544921875 0.82470703125 0.03076171875 0.02001953125
0 0.387451171875 0.79833984375 0.028076171875 0.032470703125
0 0.447998046875 0.811767578125 0.03955078125 0.02490234375
0 0.440185546875 0.792236328125 0.02978515625 0.021728515625
0 0.39892578125 0.69189453125 0.022705078125 0.019287109375
0 0.350341796875 0.67626953125 0.021484375 0.017578125
0 0.36181640625 0.63916015625 0.026123046875 0.02392578125
0 0.368408203125 0.612548828125 0.02880859375 0.02001953125
0 0.180908203125 0.497802734375 0.037841796875 0.030517578125
0 0.16845703125 0.54443359375 0.017822265625 0.024169921875
0 0.125244140625 0.567138671875 0.025390625 0.016845703125
0 0.571533203125 0.821044921875 0.041015625 0.02392578125
0 0.533447265625 0.804443359375 0.019287109375 0.02294921875
0 0.499267578125 0.802734375 0.023193359375 0.023681640625
0 0.493896484375 0.853515625 0.034912109375 0.0283203125
0 0.348876953125 0.85546875 0.042724609375 0.0185546875
0 0.309326171875 0.85595703125 0.03515625 0.020751953125
0 0.20458984375 0.78271484375 0.03369140625 0.016845703125
0 0.097412109375 0.7255859375 0.0244140625 0.02197265625
0 0.115478515625 0.781494140625 0.027099609375 0.02392578125
0 0.102783203125 0.661376953125 0.03076171875 0.029052734375
0 0.034423828125 0.564697265625 0.045166015625 0.021728515625
0 0.349365234375 0.528564453125 0.0244140625 0.025390625
0 0.39013671875 0.516357421875 0.028076171875 0.02685546875
0 0.3671875 0.529052734375 0.02734375 0.015869140625
0 0.4189453125 0.537841796875 0.018310546875 0.014892578125
0 0.4248046875 0.565185546875 0.026611328125 0.012939453125
0 0.71240234375 0.49462890625 0.030517578125 0.03271484375
0 0.681640625 0.519287109375 0.023681640625 0.00537109375
0 0.65625 0.523193359375 0.0244140625 0.035400390625
0 0.68896484375 0.55712890625 0.032470703125 0.044677734375
0 0.59228515625 0.659423828125 0.03564453125 0.02587890625
0 0.458251953125 0.67138671875 0.024169921875 0.032470703125
0 0.4775390625 0.605224609375 0.031494140625 0.02197265625
0 0.400146484375 0.730224609375 0.02490234375 0.021728515625
0 0.304931640625 0.61376953125 0.022216796875 0.019775390625
0 0.297119140625 0.635009765625 0.02587890625 0.021484375
0 0.296142578125 0.53076171875 0.021484375 0.021728515625
0 0.20166015625 0.585205078125 0.0234375 0.020751953125
0 0.433349609375 0.619140625 0.0234375 0.02490234375
0 0.22265625 0.830322265625 0.024658203125 0.015380859375
0 0.95849609375 0.935302734375 0.0830078125 0.06298828125
0 0.791748046875 0.9521484375 0.06396484375 0.08984375