0 0.184719817928663 0.15031949556129282 0.06819534754268775 0.04336162658250864
0 0.1762144004581634 0.0777646633212 0.048790407413284775 0.05098468416733809
0 0.111083984375 0.022216796875 0.05419921875 0.04443359375
0 0.13332085814522737 0.05329808269008604 0.05108162577552322 0.0350704769272453
0 0.4133778010861844 0.4615603641783177 0.04648557696786204 0.05279561344597594
0 0.2132510039748392 0.4040883656372989 0.03928766808845929 0.06112964963761658
0 0.2775207070813981 0.10324151703389206 0.0295425749564191 0.04694587004071249
0 0.4262485444093078 0.06369210270370415 0.045147043088459515 0.061470919368886046
0 0.6828887467045908 0.09020128968312374 0.047315297729304984 0.05770686509024825
0 0.8633820894488693 0.07723740005231622 0.06430270962587215 0.05723739138978412
0 0.6359552697635498 0.22530772877445582 0.056046338260996365 0.05043470883142476
0 0.5805607852371333 0.2814832402314227 0.046827016479304984 0.05767842594597594
0 0.6651046205658939 0.4388384623405548 0.05012559514348314 0.02139860192724541
0 0.7345773613568374 0.36664461866114184 0.04156527436751323 0.031112164436068568
0 0.795654296875 0.47900390625 0.04443359375 0.021484375
0 0.602783203125 0.0146484375 0.04833984375 0.029296875
0 0.12328809137538352 0.5252550676357555 0.03668580801671778 0.051738549310526794
0 0.18108603707871868 0.5875848884100581 0.039000904396120584 0.04312012167616153
0 0.077133233012252 0.6294291531114529 0.042159333620150674 0.05351622364752373
0 0.15513838795369767 0.7283328209419471 0.03412143804532508 0.06374650655061975
0 0.19692571174683193 0.7229573670345162 0.0449319134476136 0.0653487302246134
0 0.1371092443176803 0.8210633719055698 0.024584554769355282 0.07340319077089807
0 0.0732774027366867 0.8757692238151683 0.04628405941020092 0.07077670226315846
0 0.01611328125 0.84228515625 0.0322265625 0.0400390625
0 0.003662109375 0.76953125 0.00732421875 0.0712890625
0 0.10693359375 0.972900390625 0.033203125 0.05419921875
0 0.14306640625 0.968505859375 0.0341796875 0.06298828125
0 0.17919921875 0.969482421875 0.0341796875 0.06103515625
0 0.31689453125 0.96240234375 0.0625 0.0751953125
0 0.2921197961425059 0.8012490973826574 0.03765210458273793 0.0586029259547991
0 0.28758199678951957 0.7573891023154747 0.04015845258582185 0.038810907858978894
0 0.2407790858137452 0.6419600134629985 0.036685808016717836 0.051738549310526905
0 0.31273429659060814 0.5421664674851336 0.040592058016717836 0.051966062464706364
0 0.4383317019924502 0.5784852735227479 0.0424905071976136 0.06520653450325131
0 0.526611328125 0.578857421875 0.02587890625 0.03662109375
0 0.52880859375 0.65625 0.021484375 0.0517578125
0 0.481289958572104 0.652955615663769 0.054953731824379126 0.03480970883142498
0 0.4843970581262347 0.697389209413769 0.04138763482701657 0.056389032858978894
0 0.4519687505822072 0.7875265268112929 0.03542582797358351 0.05458291937770943
0 0.41200466828290494 0.8329979215072687 0.03386189851935528 0.0739435345120747
0 0.548095703125 0.822265625 0.01708984375 0.05078125
0 0.5792731260548977 0.859721541168575 0.03560346751408039 0.0293060509547991
0 0.563925078785989 0.745402034582662 0.028709508045771687 0.021123842079257216
0 0.9151050755386264 0.7475005447835856 0.030556627556768023 0.06840180589643996