0 0.36572265625 0.158203125 0.0478515625 0.08723958333333333
0 0.376220703125 0.20377604166666666 0.02685546875 0.07161458333333333
0 0.381103515625 0.21028645833333334 0.01708984375 0.05859375
0 0.234130859375 0.2255859375 0.06591796875 0.027994791666666668
0 0.1535449835094283 0.1330475328297327 0.03953484425673681 0.11422805425233958
0 0.080322265625 0.21419270833333334 0.06201171875 0.05078125
0 0.041004123881059895 0.0672837047470088 0.051778438767871804 0.08090650289200847
0 0.05706873858297512 0.027815938865550043 0.036789082030992626 0.05349907817957019
0 0.09887094916524442 0.0544720449952365 0.041910537996808106 0.07218349752816078
0 0.7065366637062396 0.14293543909202674 0.044720903763900255 0.06334206580398176
0 0.01708984375 0.966796875 0.0341796875 0.049479166666666664
0 0.12450626927453479 0.8272168329623403 0.04060157924085073 0.04670182199177594
0 0.1740929395765911 0.8897120681149125 0.030035903002765263 0.09643599082335097
0 0.1978301062777268 0.7657772987275835 0.03353304991851025 0.06555019296889004
0 0.02521386033779993 0.43236274786787576 0.040326372513900255 0.06293233839025018
0 0.08305400771063776 0.30575537225401395 0.0306289313612762 0.06723016635973574
0 0.1724738266017003 0.5052651199922593 0.05036720424085095 0.04761232735562378
0 0.2590444985273739 0.5243908007956456 0.04834589539347478 0.04222189294952076
0 0.33852576146254965 0.7470330595685174 0.030714161170495746 0.07374058302640248
0 0.3175904375475844 0.8614753555650009 0.034313583857304764 0.05066728517194156
0 0.269775390625 0.9720052083333334 0.05419921875 0.055989583333333336
0 0.7391599726032594 0.5821335619271184 0.03711295530602765 0.07823866151290353
0 0.7856758984359553 0.44731764681149827 0.040933975496808106 0.07209244699177593
0 0.5483989978158827 0.6508306731941759 0.03328588347177275 0.046669984635556716
0 0.6135875705126203 0.6757657421970972 0.03322622260531882 0.04211269296889005