0 0.3578297281740177 0.4163372192273836 0.0329960767340256 0.04872051542110778
0 0.28582228470981486 0.3759512329676397 0.05392399279092852 0.03724607709062466
0 0.3337843104105682 0.3115723117242019 0.03306993590154761 0.06141582792110778
0 0.3695897870300856 0.0878830246459062 0.03636291221420285 0.03997122458823843
0 0.52880859375 0.004150390625 0.0244140625 0.00830078125
0 0.623291015625 0.114013671875 0.03271484375 0.03662109375
0 0.5775581547596418 0.16744617050741062 0.037268456283893414 0.027775556671704282
0 0.5463773091043271 0.43073737383630284 0.03008343365730015 0.05161611292071
0 0.46008504250330906 0.4526809375745704 0.03489806846420285 0.039954179588039374
0 0.62646484375 0.402099609375 0.0263671875 0.03662109375
0 0.23685147174813692 0.18301161712781044 0.02904437493862755 0.04086256208724415
0 0.29897332814836086 0.034818770886361206 0.03430467993734476 0.021882091671306614
0 0.05969311530119126 0.11210719752048201 0.03395559481075139 0.04580219125457363
0 0.18345301534149883 0.23609757128718578 0.03138067391176946 0.022824564170908834
0 0.6220703125 0.027587890625 0.03515625 0.05517578125
0 0.474144470748758 0.09984108882675785 0.03390446154092852 0.03701312875457363
0 0.8727903212168501 0.022674580059457494 0.023133866668804792 0.0320053195864487
0 0.9363808387558747 0.1269231400680082 0.038827044361901875 0.04390588292190323
0 0.24972388660689288 0.886937047959089 0.04475459705499896 0.055692812922698565
0 0.3501709535340157 0.9481603833893439 0.049140606093361905 0.05427910417329507
0 0.0467970871107006 0.750795775431647 0.025123921252565684 0.038375702503380515
0 0.2899863906950826 0.6740410833813898 0.036873919361901875 0.0438831562549713
0 0.2685546875 0.5087890625 0.037109375 0.0380859375
0 0.9693709084649462 0.8579176822087442 0.04525992272827328 0.05862818208943166
0 0.9921875 0.738525390625 0.015625 0.07373046875
0 0.9653541952641929 0.9228079534581477 0.027664753304998957 0.0554939545870452
0 0.8240534253581757 0.8889393892723247 0.02867256391433526 0.06087641167051139