0 0.033447265625 0.065673828125 0.06689453125 0.06494140625
0 0.20411261085155896 0.04268183920513419 0.04147186728843688 0.03873425891556703
0 0.25075621096345446 0.055290438687134236 0.04485198806639912 0.053453734082164917
0 0.21740393950719744 0.11008784165463936 0.07255885737933754 0.052310438481381505
0 0.11061667711217127 0.22683261864076304 0.039061003045404386 0.07716640233237115
0 0.2095762579076676 0.29330697067119604 0.07218337156815258 0.046451063481381505
0 0.2722130378656781 0.2471887272361858 0.07066831334786838 0.05323017084810311
0 0.17180472220491733 0.3636299209054641 0.07890651362933754 0.05249513641453607
0 0.324951171875 0.452392578125 0.07177734375 0.01513671875
0 0.47221629540420684 0.3552492950803714 0.05022889082687376 0.07651661309872182
0 0.51171875 0.396484375 0.0361328125 0.0576171875
0 0.011474609375 0.432861328125 0.02294921875 0.05419921875
0 0.759521484375 0.017578125 0.04150390625 0.03515625
0 0.7450913151647272 0.09209540870740218 0.04674253209786838 0.052534001715443424
0 0.70703125 0.008056640625 0.03125 0.01611328125
0 0.7049861081176153 0.2293697203249485 0.050423191220238306 0.06433799691536102
0 0.7190299053502193 0.3613709231076496 0.043217576919527656 0.08118631259892783
0 0.871214209019701 0.2156171790869692 0.04934619977966981 0.07795304178208262
0 0.8989233237645328 0.33285105898597966 0.04265434820275038 0.07239725009892783
0 0.01904296875 0.7470703125 0.0380859375 0.072265625
0 0.13627654997231337 0.7679798687396909 0.05451718412583073 0.06738134468191759
0 0.12670016483250146 0.841079980906495 0.062061184742986386 0.032997526598309346
0 0.051517967308045864 0.8692222884085568 0.07495660664682546 0.04409490243129888
0 0.3390596000772872 0.8937322218504333 0.054805355971991654 0.056667572248556564
0 0.36376953125 0.987060546875 0.0625 0.02587890625
0 0.42688614715416084 0.8209521900147632 0.04215950946497804 0.08749134624896904
0 0.48928721516818796 0.8853844145462271 0.03534249595099692 0.07998242956581425
0 0.47469105876245754 0.6780316163970106 0.08169136672895938 0.09595216766453607
0 0.4856871337151619 0.536975165280289 0.054329441220238195 0.06445165718191759
0 0.41630098174487773 0.5281075505155879 0.0848029881240775 0.0760605042144124
0 0.6886455602274817 0.7330680824422888 0.03441689639857892 0.03511738469909287
0 0.6779520902431703 0.6632917114093816 0.04771328558739396 0.029655820632041197
0 0.7198110613637408 0.574987600125031 0.04008197100521427 0.04746649128228869
0 0.8434211650805182 0.5697788360215672 0.038241641444029195 0.041564493682329895
0 0.753337960750046 0.48693024202424756 0.04723081334786827 0.05254820924876291
0 0.8486395487956802 0.7631614009710723 0.04002594752445554 0.031381625098927834
0 0.7229395401208922 0.8162501426411755 0.03666400225521427 0.047367038549051554
0 0.535888671875 0.954345703125 0.01220703125 0.04541015625
0 0.7873373901174314 0.8724242085225982 0.03367173378668342 0.04630523084913407
0 0.8488171706349195 0.8825293465041858 0.04362510169227596 0.04951906901552583
0 0.9002838173795673 0.7206368418030311 0.03209409459786827 0.052107775715855675
0 0.8908573271733102 0.7761304139031961 0.03220689003668342 0.046262608249175274
0 0.990234375 0.671142578125 0.01953125 0.03271484375
0 0.991455078125 0.59619140625 0.01708984375 0.056640625
0 0.9111918298899498 0.5580533930863507 0.04025734741256004 0.042597886315608235
0 0.69580078125 0.993408203125 0.052734375 0.01318359375