0 0.2932484444489311 0.19288244837463053 0.06684656426791902 0.08110428844946771
0 0.15349806595981486 0.2707279585124779 0.06636964596676853 0.08301755540020694
0 0.03879709845468349 0.2038828670395033 0.0457595669271228 0.06376539233125367
0 0.11701519168163316 0.04557039430925497 0.038892381317786606 0.05783628589160261
0 0.28307342773981886 0.039342876310585556 0.03846659628645899 0.06853861534234179
0 0.27566244833835285 0.36090096049654063 0.055031229202697984 0.06354613276720866
0 0.15614465639016517 0.4737333843646955 0.07203585083632658 0.05029272699133647
0 0.053758668149104266 0.4244465291602011 0.04583342609464469 0.07646070483125378
0 0.52587890625 0.236328125 0.0673828125 0.1083984375
0 0.9717147529981369 0.15137942857306347 0.05220948971676842 0.08186167197164396
0 0.973876953125 0.0546875 0.05224609375 0.0712890625
0 0.85205078125 0.02001953125 0.0361328125 0.0400390625
0 0.8525258354655265 0.15280401134269678 0.03796411135039701 0.06605735104308097
0 0.7826018653625637 0.05738963558772929 0.039863262343361905 0.05693943949012417
0 0.812255859375 0.012939453125 0.03466796875 0.02587890625
0 0.8437904214220322 0.07877456693013024 0.04427483801663623 0.060227849433471314
0 0.98779296875 0.307861328125 0.0244140625 0.08837890625
0 0.9544870153268481 0.4649456112442344 0.02657456131650382 0.03779686591008269
0 0.5908203125 0.51953125 0.0419921875 0.0205078125
0 0.5927734375 0.011474609375 0.04296875 0.02294921875
0 0.5886008093030951 0.04684609364426383 0.030983296252565573 0.040596994603429915
0 0.581298828125 0.10693359375 0.04345703125 0.046875
0 0.653219999263531 0.4060020758388824 0.049171854202697984 0.06306783617607925
0 0.6144330507731319 0.45655400102974575 0.0486153952596009 0.051309228126818596
0 0.7763262041944615 0.32218752062590195 0.026651261221237954 0.05098045966008269
0 0.8007544703805235 0.3226360244128623 0.024666888111901875 0.045449933713039625
0 0.7176068106560579 0.13743764543867545 0.026154457759600902 0.04947575786082198
0 0.29658468292083096 0.9262010891898877 0.031477258976990496 0.04161341515269079
0 0.3312125557993282 0.8325109971431107 0.024672569586326576 0.046426496213039625
0 0.42616037025136444 0.7788402400372562 0.025617883976990496 0.04113511856156116
0 0.8960577025346368 0.9628033418292432 0.06964557785614955 0.05888249924503253