0 0.07511156211355698 0.10125390721322469 0.0578165484265413 0.05233265923772623
0 0.2159919465208569 0.17495664905754027 0.045001882999954 0.0724213289440293
0 0.3248721077830847 0.19700856483019652 0.04093337156815258 0.04687425152270219
0 0.3319066577323282 0.28401649878299273 0.033809262221991654 0.05711579127445554
0 0.3678509788494379 0.32133179219730623 0.06012623525170746 0.0656101244405225
0 0.2531871385312853 0.2697326775505267 0.05757859105066454 0.05620761875346081
0 0.2650550349875424 0.32592867828303873 0.058711605971991654 0.058711605971991654
0 0.20523215318152568 0.43199344443867715 0.043036391501707405 0.06451495749123304
0 0.16099792035806698 0.47778639246493215 0.048720390094361576 0.06974196531815258
0 0.10675803853474614 0.31432571763104494 0.03730798744924346 0.08894794397725181
0 0.020751953125 0.350830078125 0.04150390625 0.05224609375
0 0.026611328125 0.4111328125 0.05322265625 0.0673828125
0 0.036376953125 0.58740234375 0.05029296875 0.0244140625
0 0.425048828125 0.572998046875 0.05517578125 0.05322265625
0 0.5808943138842759 0.527063274980391 0.033583671344361576 0.06877196030592492
0 0.518587296130953 0.26048138494370754 0.02829408254891108 0.06211139921327069
0 0.4637244197236071 0.2618283727217159 0.03292657117478792 0.058518054055924806
0 0.69580078125 0.068359375 0.01171875 0.041015625
0 0.994873046875 0.279296875 0.01025390625 0.0478515625
0 0.20101599224806274 0.7995877207341275 0.06368828992478787 0.06048935456464577
0 0.17998130204872737 0.8507575715208568 0.04498951650170746 0.06464011942829462
0 0.16772836838432192 0.9554942738845058 0.06452076650170746 0.06589173879891119
0 0.08874484066422156 0.6790907353670638 0.06355657049995406 0.07361036734611492
0 0.5535573001799561 0.7083909951377367 0.03874809820275038 0.07347939639857892
0 0.5518653685977305 0.7958122628737556 0.05132480625346081 0.057265686208010536
0 0.5954395073424243 0.8914833489121924 0.035974863124077494 0.07573305974298639
0 0.65087890625 0.615478515625 0.0439453125 0.03173828125
0 0.682373046875 0.619873046875 0.01513671875 0.04052734375
0 0.680419921875 0.86474609375 0.01904296875 0.0771484375
0 0.698974609375 0.96875 0.01806640625 0.0625
0 0.836739255762044 0.8234966446220942 0.04574048812407727 0.07635886942829462