0 0.08418103696871315 0.034588779557136795 0.048598350836326576 0.04809656807691853
0 0.03512630409278161 0.16726900310608317 0.06214555894951135 0.1115955610751691
0 0.006591796875 0.48974609375 0.01318359375 0.0537109375
0 0.03475328008392409 0.6069441265501389 0.04145878000513137 0.07927985321677933
0 0.20105386623919785 0.1395523725262619 0.053470125938006596 0.13046081574300206
0 0.181884765625 0.01904296875 0.04736328125 0.0380859375
0 0.2689221192519854 0.13392112732230554 0.04638136282610472 0.0864857881235388
0 0.3205442274668501 0.2746044042920073 0.04042256202367134 0.06895194748542743
0 0.29783679693043186 0.4018686730944525 0.07226595055052942 0.08942333687936399
0 0.3574983385717575 0.49700107947266325 0.047340880902830396 0.08363010010489069
0 0.47729135647901666 0.3482137060257048 0.05932097872636932 0.12943996888111342
0 0.228515625 0.643310546875 0.0703125 0.07275390625
0 0.9511144983722462 0.5107245234557647 0.09260615955499896 0.062168732237753765
0 0.7645995830838833 0.5263232681439756 0.08739698782610472 0.08959376634031813
0 0.557373046875 0.425048828125 0.05517578125 0.05126953125
0 0.06253068622582997 0.8475517471358245 0.048073140002565684 0.04171191208624281
0 0.011474609375 0.9873046875 0.02294921875 0.025390625
0 0.33571885245219946 0.9519058918386472 0.04758485875256557 0.04167491234556664
0 0.514892578125 0.943359375 0.02978515625 0.037109375
0 0.5500666864245979 0.8430441217540952 0.035332375707167574 0.032937418828668075
0 0.54638671875 0.884033203125 0.033203125 0.04345703125
0 0.64306640625 0.696533203125 0.05078125 0.03369140625
0 0.7459949752986256 0.7661585072523653 0.05110225330499896 0.05902375428029827
0 0.8187545630230504 0.7616221083916495 0.036445293593361905 0.05644891831001991
0 0.8917470911988903 0.7971247720309337 0.06676986436318466 0.06753196473192852
0 0.9591557958843312 0.8804347138083293 0.05803761660743234 0.07663159439976153
0 0.970703125 0.8125 0.05859375 0.0859375
0 0.7546625371995521 0.9125391676515502 0.029004604617654195 0.03587439094988076
0 0.6894626238632255 0.8730265394114509 0.03493499804796385 0.04852541908799213
0 0.7223024600505703 0.8920319317861626 0.03682846756650382 0.03841951180069586