0 0.32916444439910997 0.2852000452782272 0.05420044351946629 0.06452269484851558
0 0.4335576141008246 0.12455257839206227 0.047023559852148455 0.04967535188204125
0 0.12380015631056818 0.39649141895059825 0.06702036135766054 0.04928129824814431
0 0.09567182186924872 0.45039750461802086 0.048692563046050186 0.03752515076531959
0 0.5065318774353946 0.47407899767311384 0.04517353521532108 0.09597682543212371
0 0.09080404854989133 0.2606744364849487 0.03173950601946629 0.06386914831581447
0 0.2012591196695528 0.19645990391521678 0.060366261813563415 0.05689489278167015
0 0.6900683948176862 0.3523837768040621 0.04932899589171014 0.06486890076531959
0 0.7803480925278428 0.12634026260167036 0.058685893747417506 0.06855681264839175
0 0.6691466141484808 0.03368864612152597 0.044979924130685855 0.06669415796544331
0 0.150634765625 0.990966796875 0.04736328125 0.01806640625
0 0.30150206971979143 0.7829251966213198 0.09503423056356342 0.05790362764736079
0 0.24116302847209192 0.6042919897231342 0.06750864260766065 0.04929550578146391
0 0.35546875 0.582763671875 0.0712890625 0.02587890625
0 0.126953125 0.5810546875 0.04296875 0.0224609375
0 0.05570258162866723 0.8261001911782062 0.05028242039073355 0.04293886711527839
0 0.023681640625 0.98974609375 0.04736328125 0.0205078125
0 0.20654576023598054 0.9159963678572373 0.04436662928600266 0.061308856682123714
0 0.40507329431154493 0.8465266912850311 0.04504770510766054 0.04864195924876291
0 0.7080078125 0.574462890625 0.0419921875 0.00927734375
0 0.7391384481867185 0.6502010529650931 0.051792723629709325 0.04493461471523719
0 0.7725319182194441 0.7899384929640622 0.028264304651757666 0.04034640311589688
0 0.8193833719619787 0.8342995812293817 0.03080799475195306 0.04481197203249487
0 0.6981893793942271 0.7301191377995261 0.04663715419585501 0.0330737893820412
0 0.635498046875 0.9892578125 0.03857421875 0.021484375
0 0.7831921020748043 0.9197308351470106 0.05602855492478298 0.05920843123179376