0 0.24424884452315188 0.3181649622079462 0.030751653504908383 0.030279489143475002
0 0.2412101316377882 0.14316424614674067 0.029824933713039625 0.024899872412552926
0 0.26561420947891773 0.14860599508156358 0.0202187409100828 0.026682537794113337
0 0.271484375 0.048095703125 0.0166015625 0.02490234375
0 0.4312308510552039 0.21408409572936293 0.0422211093780307 0.08118858385730454
0 0.732760064022058 0.03230019582284105 0.023736233903903003 0.06380043577503525
0 0.769540589969101 0.033614097253692465 0.02762259517238319 0.051678634334255125
0 0.822265625 0.019775390625 0.0322265625 0.03955078125
0 0.8805099119395328 0.051236199527168624 0.034219303790597344 0.07275995789347489
0 0.89233792908356 0.15420388241071475 0.040068774717947786 0.05482139635730465
0 0.9441059680010939 0.07555292893099899 0.03186759829798946 0.06784305346978697
0 0.98681640625 0.055908203125 0.0263671875 0.04931640625
0 0.8635389976475457 0.24467833299894137 0.028449710134210493 0.043891703277020966
0 0.6401054753938497 0.2510232645112088 0.041972137596037795 0.03632636972375858
0 0.6432542612854523 0.2895974832612088 0.04046743579677703 0.035812519530992626
0 0.6251279470822293 0.32512022144085395 0.029595689490124144 0.04001102221978692
0 0.5582632086363984 0.3566039222317754 0.04796099081646954 0.05593432655205621
0 0.5265848353396214 0.3219505281061722 0.04720368788051443 0.046656982802056324
0 0.5927734375 0.4208984375 0.04296875 0.0380859375
0 0.028348332407303167 0.7213417464011389 0.03851423021055589 0.05967011693361668
0 0.036758380801330426 0.8243690901511389 0.04373579583616194 0.0758515820309924
0 0.20322291251939673 0.6772152333646158 0.04735305483246588 0.07835264914744644
0 0.2579110572091661 0.4845816741118504 0.03987938854429318 0.07042082741453859
0 0.2734375 0.699951171875 0.0126953125 0.04833984375
0 0.23121397303533398 0.7984819143205024 0.0428589993386459 0.04121770520468049
0 0.216196667260674 0.8481307168264597 0.03624224081646954 0.05572977500992882
0 0.24703794093675313 0.8964900778757507 0.04078621960464224 0.06361045885730476
0 0.6595277805947073 0.6183608512620622 0.04440355918716721 0.04221983664744644
0 0.7457143329629212 0.6378824693125593 0.047492678884210715 0.044224099532978345
0 0.7147631474530454 0.6780298592270981 0.04586840293716721 0.04224540559021239
0 0.5391317479223241 0.5691197894714937 0.03169826202829684 0.047849091162552926
0 0.286376953125 0.66162109375 0.01318359375 0.05859375
0 0.29150390625 0.949462890625 0.0234375 0.03271484375
0 0.39689108666839135 0.971096797891563 0.04364625625121232 0.03294249289744622
0 0.82921960550958 0.8701558733308579 0.04640644630907742 0.06078304712836835
0 0.9514893694283263 0.8225467880029866 0.04821012377090472 0.053013162032978345
0 0.8837878537066823 0.7718969630228443 0.04838952528568896 0.043264582994822276
0 0.9912109375 0.47607421875 0.017578125 0.0380859375
0 0.929896533146511 0.4801508330010009 0.04490182509603802 0.0363775076092904
0 0.983642578125 0.739501953125 0.03271484375 0.05810546875