0 0.34134643714373136 0.31370951302516936 0.05146866032386166 0.0524989490278962
0 0.354248046875 0.404296875 0.04931640625 0.05078125
0 0.5078900402705497 0.36962246432712265 0.036630836650207055 0.06737346089211727
0 0.499267578125 0.419189453125 0.05126953125 0.02099609375
0 0.4897147698076285 0.14696621432712265 0.04724354592977531 0.048410762510131655
0 0.39304482520783546 0.20813109155052134 0.06099513702829684 0.05002410282230785
0 0.8250546408273801 0.2061900107243741 0.04227103267238319 0.053043412298205306
0 0.8497879706525724 0.09205929900481474 0.040736376896510995 0.06999680365988181
0 0.8487410320231519 0.2758791233690356 0.02635704166868713 0.054734330412426146
0 0.9730036178187166 0.284585295308063 0.04537013702829684 0.04929635675124944
0 0.926513671875 0.0244140625 0.03466796875 0.048828125
0 0.984130859375 0.006591796875 0.03173828125 0.01318359375
0 0.737548828125 0.028564453125 0.04248046875 0.05712890625
0 0.08729130370910693 0.6953755581812575 0.03380091515269068 0.03270549214211704
0 0.05984762653418085 0.7763031449008169 0.03087122765269079 0.03256903975379366
0 0.22477750247637474 0.6575144211355053 0.02630727954677692 0.03624786910658784
0 0.17380694688894138 0.6468712072192855 0.02978507566377875 0.025222078939073134
0 0.775146484375 0.44189453125 0.02685546875 0.0244140625
0 0.772429371798965 0.5520762737791 0.028071018373122425 0.051895611171308476
0 0.8015868645058839 0.5159795938006583 0.020427935229036076 0.047648230200499686
0 0.8319098223691306 0.6073805020925256 0.031459194318953276 0.021895078447955463
0 0.6427461718901536 0.45312903884895483 0.026337152937167346 0.0425727832918672
0 0.7862300803296273 0.7628545793260559 0.03073168418716732 0.04277746187435261
0 0.9008565999318449 0.7667341207853924 0.031110375948255498 0.03549872725379366
0 0.99755859375 0.54150390625 0.0048828125 0.0341796875
0 0.954528565831017 0.5065645237523617 0.02200244905416915 0.03118312008882318
0 0.956298828125 0.4453125 0.02685546875 0.03125
0 0.988525390625 0.83447265625 0.02294921875 0.0322265625
0 0.9595497935894439 0.8302709041546561 0.03558462329677714 0.03667996833627907
0 0.8361346950045534 0.6829731275836433 0.03401019005786521 0.029310265456837792
0 0.7146227981253104 0.5649494839479098 0.02508158409234179 0.039109330412426146
0 0.7469984858185983 0.6695794701192181 0.02780199668716732 0.042641009486029
0 0.703369140625 0.451904296875 0.03173828125 0.04443359375
0 0.890625 0.4365234375 0.0263671875 0.013671875
0 0.8662982206707568 0.7724209108755105 0.025061695360822034 0.0269477832918672