0 0.33998975813993826 0.32565106584978254 0.05878220523220623 0.04138011742478298
0 0.324699046004392 0.4046734825005638 0.04115623251511347 0.05609633590175789
0 0.2122642012235465 0.3188516725054467 0.0403980081320412 0.04680762727951393
0 0.13579543584191767 0.2600436229587671 0.03803286466577327 0.03260201154053821
0 0.1644985300786599 0.13819979139066813 0.05266709463245367 0.032454676457855935
0 0.13621332558051547 0.07289552574184002 0.0418628518820412 0.04684172189624569
0 0.09040242276140215 0.1609347105939885 0.05767254981519587 0.05355305405805122
0 0.47509765625 0.294189453125 0.009765625 0.04833984375
0 0.3675457994768454 0.19797058902617143 0.052709717232412245 0.033919520207855935
0 0.31671294446070114 0.1805864833672956 0.05233509624896915 0.037814405335612034
0 0.2705700432581032 0.27400812684168796 0.03441076533216503 0.042276717562586885
0 0.21717836442635063 0.21906045954954395 0.04167815394888663 0.04049406564624569
0 0.462158203125 0.083984375 0.03564453125 0.02734375
0 0.40202302351367014 0.07306069149114536 0.03857797604905144 0.03456650141278217
0 0.3225946877473196 0.06367133204466105 0.040635778899422714 0.02143973202400179
0 0.28759765625 0.004150390625 0.0322265625 0.00830078125
0 0.34452096409830935 0.02798093304919661 0.037833959199299105 0.025766074040538225
0 0.3018931948979794 0.04069979180666193 0.040133290116103115 0.020940085901757832
0 0.121337890625 0.015625 0.04931640625 0.03125
0 0.443330313778165 0.14929993921163143 0.04277360183257728 0.027832847762977453
0 0.4052734375 0.002685546875 0.0283203125 0.00537109375
0 0.8371461375027425 0.22545235051905343 0.05784304021503095 0.05941242905805133
0 0.977783203125 0.00927734375 0.03369140625 0.0185546875
0 0.987060546875 0.277099609375 0.02587890625 0.06689453125
0 0.97412109375 0.353759765625 0.0517578125 0.03955078125
0 0.9019485795634024 0.43746747209978265 0.051747362265732066 0.03438507171336802
0 0.7605638873622478 0.48180163979500845 0.05609257798055678 0.09987158357458759
0 0.8549001535274023 0.5333532515686628 0.09513188803105155 0.0832140132263457
0 0.499755859375 0.126220703125 0.03955078125 0.07470703125
0 0.127197265625 0.59619140625 0.02197265625 0.0126953125
0 0.08764322566123717 0.6274084700932938 0.017454014499175274 0.029683280656293443
0 0.2549674115447218 0.618139225163628 0.026157831799257902 0.02695816085668401
0 0.29657077052795877 0.6205911797728944 0.022223166732618704 0.025890679378732684
0 0.28727710527136097 0.8553412205569438 0.02351229496564944 0.03665559662322049
0 0.10893180633861876 0.8384819403037322 0.018118011266144318 0.018963822900781246
0 0.1390347534387837 0.8319179432246089 0.021218189165979284 0.02489138713424488
0 0.3324681017415465 0.7292047333325514 0.022194751665979506 0.024914116878732573
0 0.34872199050665986 0.7840395684152337 0.02021321159934031 0.023892094889756965
0 0.3073789460851136 0.9584590750284065 0.026992318966061912 0.022098078101171925
0 0.16789266272395897 0.7657722687732417 0.025873681132865922 0.01719253585668401
0 0.6862223191718146 0.7389586515132593 0.05706015806437115 0.08281583444131946
0 0.841518300466124 0.9376294381066186 0.061506294330515576 0.1014614409192709
0 0.978271484375 0.837890625 0.04345703125 0.04296875
0 0.97119140625 0.939208984375 0.0576171875 0.06787109375