0 0.03851057788154355 0.3415529298057409 0.052737486500283426 0.08717600439507223
0 0.14394678131772853 0.30720217795427385 0.06819197493049955 0.08329448739156531
0 0.19598674683023332 0.050190115569630156 0.06214503720373732 0.07754790783038046
0 0.16754705553319094 0.20594602530915584 0.04616816520956446 0.08042157184962173
0 0.23796030672491958 0.24960822649617143 0.08033700385495945 0.09625249026393523
0 0.25751478948607776 0.3903329069594421 0.05466115573855834 0.05855515355066454
0 0.3366798893635661 0.5197070172688276 0.04972098746524978 0.04264853919227596
0 0.2162263252762298 0.5496697953580669 0.06803231221532069 0.06477109037583073
0 0.019775390625 0.168701171875 0.03955078125 0.06396484375
0 0.18863303092212091 0.38689751117801885 0.04742839507582364 0.074656068302418
0 0.727458432569146 0.19868064514119763 0.0449234307501416 0.04477704059962173
0 0.6727104445973604 0.4491573083702488 0.035219808075682035 0.03197549014857892
0 0.484619140625 0.548828125 0.00927734375 0.0400390625
0 0.522677873195713 0.5834187220434213 0.025761103901293048 0.04013874296327069
0 0.7340013475038427 0.599897189230345 0.03705357497683304 0.028682683335640613
0 0.7995736672602367 0.4318396283107253 0.04074436223848732 0.03671421672549835
0 0.8781900393123266 0.5068580674487839 0.037275240017552225 0.03503033958564039
0 0.8685515511618842 0.2923839942494944 0.01584201848848732 0.03511840202796235
0 0.8357700585341123 0.25015459785091554 0.018272575883882425 0.04891543896502404
0 0.9457309794755575 0.3805234461690221 0.03280165528503387 0.046436184742986386
0 0.8307523718302333 0.3658146731323847 0.02941158654661713 0.03306484808739396
0 0.5993861128127519 0.3627330240748444 0.035912703209422636 0.037866155632844345
0 0.5084945255809421 0.13473265875323104 0.043725203209422636 0.038366803381090886
0 0.8186367779693051 0.5025523471184035 0.03741164927337959 0.03893658958564039
0 0.7809600475385929 0.6425457284226208 0.022859316412876307 0.026798696791943577
0 0.9301183633821106 0.5052920462809176 0.03537947079086079 0.0504988871643135
0 0.5431144523602904 0.05424700898048285 0.038814490697839155 0.051206201804171375
0 0.06643257356324805 0.8111192974979249 0.06365483212229894 0.06497775726744204
0 0.01416015625 0.926513671875 0.0283203125 0.06103515625
0 0.13350070718512186 0.8805039525136135 0.03788908166877447 0.05260846458564061
0 0.3376053604872117 0.9635640461078832 0.05460379996524978 0.04296144403492996
0 0.33392853358044594 0.9006885602966982 0.051590412430499555 0.08223061092654127
0 0.22086276701698537 0.7471201693544682 0.057517992058413014 0.08455922173772623
0 0.6303586477488661 0.962216667468393 0.05498512772114783 0.06783249730066454
0 0.5776800934702264 0.8311142745593396 0.047718264744456396 0.082956849552418
0 0.505859375 0.84033203125 0.0517578125 0.078125
0 0.7697839058543924 0.7112938830172582 0.042556431430428754 0.06070257894402928
0 0.8261625611973431 0.7364392446763115 0.043765507825752836 0.05347223164682552
0 0.8360630190048348 0.9293976523913355 0.03797433745366641 0.05504987083564061
0 0.795166015625 0.9892578125 0.03271484375 0.021484375
0 0.926025390625 0.988037109375 0.02880859375 0.02392578125
0 0.588623046875 0.696533203125 0.05029296875 0.05322265625
0 0.6696645311969888 0.8316257918512373 0.04574188628510456 0.06821454059962173
0 0.6936042521036836 0.916842862235835 0.04432199370366641 0.055456647131090886
0 0.657192418789656 0.9365313131344598 0.029918474703737263 0.07548273586886312
0 0.8409272452959083 0.8181321083598663 0.04974424092460161 0.057265686208010425