0 0.528076171875 0.188720703125 0.05810546875 0.04248046875
0 0.2445519237183416 0.8861989816150307 0.054175999572142475 0.04797121959042583
0 0.11002500644110078 0.5944464503849162 0.050416476663313003 0.08745950250636336
0 0.10793009569928058 0.4182848708028423 0.05242928947224523 0.08894707292329518
0 0.2854621880946263 0.37327072077897977 0.04331277483350471 0.06883095333883493
0 0.43600452504811704 0.4037302849250319 0.073524862903799 0.09163279084281206
0 0.5543061974815189 0.37502293490912353 0.054064079491273453 0.08115729959022694
0 0.828125 0.460693359375 0.017578125 0.041259765625
0 0.811767578125 0.326416015625 0.0107421875 0.047119140625
0 0.746337890625 0.738525390625 0.01416015625 0.0283203125
0 0.723388671875 0.77734375 0.010986328125 0.025146484375
0 0.683349609375 0.89111328125 0.008544921875 0.041015625
0 0.737548828125 0.829833984375 0.01123046875 0.0302734375
0 0.787841796875 0.28564453125 0.01416015625 0.024169921875
0 0.73828125 0.249755859375 0.01220703125 0.036376953125
0 0.686767578125 0.391357421875 0.011474609375 0.028076171875
0 0.883056640625 0.75439453125 0.018310546875 0.04638671875
0 0.979248046875 0.558349609375 0.01611328125 0.0380859375
0 0.963134765625 0.527587890625 0.01220703125 0.0419921875
0 0.937255859375 0.802490234375 0.0126953125 0.044189453125
0 0.92236328125 0.9091796875 0.008056640625 0.058349609375