0 0.30147717208037833 0.3330910777723438 0.04552901672785292 0.028102295302056435
0 0.07002897640731648 0.1757850837063134 0.05473236099650103 0.027287669439574058
0 0.3844619774475154 0.2861723538991531 0.03105100868880717 0.04296627866255287
0 0.01806640625 0.296630859375 0.0361328125 0.04541015625
0 0.035172760775010636 0.40618923016496533 0.056249350364214745 0.04730720068957406
0 0.5159346255273564 0.2403629799146863 0.0338921274650299 0.054719120586240844
0 0.22923167104017939 0.21847640904220134 0.04682400765151096 0.045192139052056324
0 0.29494336385777387 0.26622211546510977 0.04852541908799213 0.03546912895666621
0 0.3831142642715313 0.21676823255177724 0.03813865975232611 0.0528427024145387
0 0.9823985028612728 0.29699150162773646 0.030629442298946374 0.05027345145070894
0 0.857222518682943 0.3871833314766714 0.03704381340908558 0.05769994597177275
0 0.8407885024708354 0.24128099051681318 0.04242219178029827 0.051454565492836446
0 0.8046875 0.307861328125 0.0302734375 0.04931640625
0 0.811767578125 0.447509765625 0.04443359375 0.07275390625
0 0.3762817865792054 0.903901744372132 0.034513261800695805 0.03717508750992882
0 0.41049999209497046 0.5747454636805723 0.04081663368880717 0.04313673828099257
0 0.59912109375 0.986328125 0.025390625 0.02734375
0 0.179931640625 0.991943359375 0.02783203125 0.01611328125