0 0.3268229166666667 0.304443359375 0.12109375 0.03076171875
0 0.2747395833333333 0.049560546875 0.11067708333333333 0.09912109375
0 0.46532593725674665 0.27384203981886257 0.057695324469764074 0.07362971755827141
0 0.5305438605005032 0.2706720803710233 0.049882824469764074 0.07342510367453059
0 0.6684182244210414 0.1769127665683664 0.0730169735975245 0.07013269532575284
0 0.9043111938220719 0.25162442367240445 0.058156771841280985 0.07120536246524978
0 0.8863899765310531 0.1059073507364321 0.04425738368710134 0.06791760066870345
0 0.3981119791666667 0.804931640625 0.043619791666666664 0.06689453125
0 0.3977864583333333 0.654296875 0.044270833333333336 0.037109375
0 0.35589653115190245 0.5838138013356352 0.04683647362105366 0.05093006386057386
0 0.6868134695539693 0.4361265729408781 0.06790374117172426 0.0461216582908609
0 0.5009765625 0.331787109375 0.061848958333333336 0.02392578125
0 0.4726580725597494 0.39105746052863954 0.08558920168565635 0.056330613372299054
0 0.610396640770066 0.5667720409526742 0.09033548012755628 0.10908203952927742
0 0.49843916737253835 0.7953186774645411 0.06433876090299373 0.0504138825989906
0 0.47607042400845084 0.8407350360169143 0.07526763592652275 0.03218316708157998
0 0.5198804174901837 0.8873418640574917 0.07157605695438692 0.051578007825752614
0 0.5719401041666666 0.983642578125 0.060546875 0.03271484375
0 0.8329262920666606 0.5458379288300207 0.08013348448875372 0.1283063687036664
0 0.8194550309283763 0.4097500716382212 0.06750528939195173 0.0660900360699257
0 0.841796875 0.350830078125 0.08984375 0.06201171875
0 0.9879557291666666 0.36572265625 0.024088541666666668 0.078125
0 0.9234590025923572 0.5429795367600241 0.0676441227017559 0.08461062125596885
0 0.9752604166666666 0.685546875 0.049479166666666664 0.0673828125
0 0.9389482068821353 0.8120442032192341 0.10222516875314931 0.08649089507582364
0 0.9876302083333334 0.909423828125 0.024739583333333332 0.08154296875