0 0.36643927892479167 0.20325279823043685 0.060651166235427656 0.04373133964331877
0 0.3548181121736189 0.280739622046882 0.04373175194638179 0.05771031047549846
0 0.23825787786127284 0.18532035683716414 0.0425404756235388 0.04840167624123304
0 0.15896287876745563 0.11998603774455596 0.039514358143936334 0.03411635805417135
0 0.181884765625 0.009033203125 0.05419921875 0.01806640625
0 0.108642578125 0.0224609375 0.06005859375 0.044921875
0 0.35174446215320165 0.5030895246920002 0.06393628189976153 0.061434626580380236
0 0.572509765625 0.19091796875 0.03466796875 0.048828125
0 0.5186271687062629 0.18530856000830737 0.04802256859556664 0.05021071531815258
0 0.3880693463490461 0.07830226422342335 0.05423679512528823 0.036031635082133695
0 0.3363703874533601 0.05652465684408578 0.054044511800695805 0.03990659459786833
0 0.2945352134411138 0.14568076466754448 0.036348102957455275 0.04363165918004808
0 0.2385224307633801 0.08621162958541073 0.04352432274475149 0.042147891444029195
0 0.3003566470599611 0.5046555458598663 0.06904109284381721 0.06467721892303446
0 0.5597077786625649 0.09901955871631779 0.04187448029137175 0.03961261374123304
0 0.4616658087441554 0.03637116073735855 0.044027173237176864 0.02954645039682552
0 0.9716394395803979 0.1896013441710513 0.04256290612178937 0.06152268902270219
0 0.8440118813577935 0.11485290137043266 0.055028358921908604 0.033652809800664596
0 0.7661234490442745 0.10014337985649743 0.04516688057691859 0.050999534912560096
0 0.6656575252913522 0.18505634831810658 0.03250128319638179 0.05699062933739396
0 0.6200315019492846 0.10876005985834275 0.05963760399475154 0.04318047742478792
0 0.61865234375 0.009033203125 0.041015625 0.01806640625
0 0.8366940055885295 0.46715475497185377 0.06295914276514913 0.029301935533176504
0 0.98388671875 0.02392578125 0.0322265625 0.0439453125
0 0.74970652024179 0.4926785963512832 0.044574884726103436 0.04318703491256004
0 0.6270520731468 0.5027972195978684 0.03810894463286291 0.047631780632844345
0 0.12255859375 0.5615234375 0.033203125 0.0439453125
0 0.15694649871499067 0.5974138017603365 0.03932207481934391 0.037991317569905925
0 0.30845440055648177 0.615383342648349 0.027403756873538798 0.04743167122900527
0 0.3457269203962233 0.6391519229997242 0.03728038109556664 0.0495223246643135
0 0.335776873327456 0.6681548171430889 0.03734651932109345 0.02474514285137519
0 0.359651662228967 0.7139026112322362 0.051625536048946374 0.052871154958010536
0 0.3856281517277941 0.7937988023371182 0.02862474831584505 0.06354495247900527
0 0.36700905590610444 0.9135972759839897 0.035600823522723646 0.040182399945782654
0 0.2793162689480725 0.8015633332987273 0.05507321991840963 0.05989483536360307
0 0.21880639368874844 0.7981715944998162 0.04182348794288282 0.08382717410137497
0 0.17104512981636288 0.8796592882463553 0.0399589316666602 0.07204584313284434
0 0.07108090328664118 0.8878305955034149 0.05889818581584505 0.06548496250346103
0 0.1826171875 0.98046875 0.052734375 0.0390625
0 0.2890625 0.986572265625 0.0390625 0.02685546875
0 0.5287708639975954 0.9322239170415758 0.04487145928612346 0.07916339499123293
0 0.5369079237732415 0.8792952416482112 0.05097468659381699 0.06351947100521427
0 0.5830078125 0.71240234375 0.013671875 0.05859375
0 0.7033146117802787 0.6316305887550764 0.07549246369463236 0.07286520473421942
0 0.603271484375 0.746826171875 0.02685546875 0.07568359375
0 0.606689453125 0.967529296875 0.03369140625 0.06298828125