0 0.21336572146302601 0.2430827501068249 0.05415909514910222 0.06593070846523719
0 0.29145822838882385 0.16101116698783524 0.055630167698353494 0.03818392241515467
0 0.47420336456871404 0.1687661906993611 0.04331870123802428 0.04513874529884537
0 0.5340869826997019 0.1485694761143096 0.029514725025299837 0.06082580054925779
0 0.512242949668565 0.2620174592150931 0.05305873650204607 0.04493461471523719
0 0.5561315284363305 0.40175489921406216 0.029416518614221898 0.04034640311589688
0 0.6062349877023987 0.44611598747938175 0.03208823248802428 0.04481197203249487
0 0.18414073594965463 0.49477638220802067 0.035199124406287696 0.039052049765731844
0 0.14882129339017225 0.3045844654754022 0.043295187768463306 0.03538732783216503
0 0.16777576252220683 0.12669756490793826 0.06405682136182667 0.05012999294826803
0 0.05184906292335534 0.2310700453613609 0.05162363502085848 0.026854000931917588
0 0.0146484375 0.02294921875 0.029296875 0.0458984375
0 0.07028758480299482 0.06194379222725782 0.05216309574281458 0.02784477096523713
0 0.05783778833068981 0.11277288994435061 0.03975134660499019 0.023583332632247433
0 0.0955336509917678 0.13434626744331968 0.026488907380638915 0.030998021699298994
0 0.01318359375 0.3857421875 0.0263671875 0.037109375
0 0.23504926009057203 0.38704945607309293 0.041800601749651056 0.05338269641556703
0 0.24471527695204975 0.4877632613729692 0.044476468156287696 0.039321992898804226
0 0.21412168313233626 0.08075503698989706 0.03959157938987068 0.048443053782288636
0 0.23469588350818493 0.12913227822272183 0.025821497978792518 0.027565845415979395
0 0.477428345840921 0.3419355440495261 0.047561770338572895 0.0330737893820412
0 0.062066998105291815 0.2771958033944743 0.04645725915868282 0.03060396806540211
0 0.31437215060973317 0.3191522367374229 0.05000110032215599 0.04240796326531959
0 0.576171875 0.515625 0.0576171875 0.0283203125
0 0.01611328125 0.517822265625 0.0322265625 0.02392578125
0 0.7405469534425165 0.19796343745843314 0.042983958403892464 0.04805422526552583
0 0.7466822612779966 0.34294034610847435 0.04802446185259501 0.032599715665360796
0 0.7530388971326378 0.4177184150250723 0.036557456679541245 0.055667819799051554
0 0.8139288200324379 0.37951212432329917 0.04076870724486081 0.07090399128228864
0 0.8676584439301919 0.2977067270383301 0.04850859056976087 0.0511401956320412
0 0.8776253614736534 0.08786843222107237 0.05909101085464119 0.07631248251511344
0 0.7124389893570364 0.05234718980901043 0.041186448086177885 0.04166394641556703
0 0.8532949715198117 0.1724794065052167 0.0543188623642219 0.04107098731519587
0 0.8925241420731554 0.2326127952208662 0.03568532938987057 0.048329393515731955
0 0.009521484375 0.964111328125 0.01904296875 0.07177734375
0 0.08407142024102265 0.9768401332388661 0.03584302033857312 0.03273280858237104
0 0.14990234375 0.980712890625 0.0478515625 0.03857421875
0 0.15289073594965463 0.8759723345534435 0.07006973477769507 0.05323017084810311
0 0.26524037412235946 0.9080060383669899 0.06627207252085832 0.027280226931505336
0 0.31161878780669106 0.9464082988990725 0.056244321361826666 0.04990267241515456
0 0.2783203125 0.991455078125 0.060546875 0.01708984375
0 0.4247154080440647 0.7415209186122478 0.056391630978443796 0.08062176856519598
0 0.37416794366172845 0.6142656781134849 0.05349583828009008 0.043972259748556786
0 0.45556640625 0.548095703125 0.0478515625 0.03662109375
0 0.182373046875 0.55322265625 0.03662109375 0.046875
0 0.669921875 0.874267578125 0.0400390625 0.04931640625
0 0.660400390625 0.963623046875 0.02099609375 0.06884765625
0 0.8115234375 0.987548828125 0.0380859375 0.02490234375
0 0.8888682351726575 0.8995886612142684 0.04367488127529984 0.06123781901552583
0 0.9565152500981065 0.8693795684456498 0.0627925429668168 0.07251989278167015
0 0.9775390625 0.8017578125 0.044921875 0.0673828125
0 0.9072790910499018 0.7392372630468457 0.06685648391551924 0.05703696811486603
0 0.7714636123358289 0.6036505367504745 0.042261216997256046 0.06217175891556703
0 0.98681640625 0.665771484375 0.0263671875 0.06494140625