0 0.021632339181130472 0.05646086419874852 0.0403324241573752 0.0732084395886361
0 0.060777344252617715 0.285385569203521 0.05255650136921919 0.07432704375696009
0 0.8935492380245348 0.41939224548454235 0.04060157924085073 0.03269245917210206
0 0.9668730750277268 0.36898632757795097 0.03353304991851025 0.04725567167110778
0 0.7100154022912742 0.22491289796008324 0.038091989143475 0.028757800838437264
0 0.7942568290877999 0.1287449025550827 0.040326372513900255 0.04489380875536908
0 0.8520969764606378 0.03031697214650278 0.0306289313612762 0.048686425420710056
0 0.9415167953517003 0.17488299632496812 0.05036720424085095 0.03280609250676103
0 0.700250886259855 0.3087665946252254 0.02744960607709168 0.06231852875357946
0 0.71728515625 0.421630859375 0.0419921875 0.03662109375
0 0.5472194995429072 0.043855774188408095 0.04259731914546072 0.03515659208903382
0 0.0087890625 0.7021484375 0.017578125 0.0419921875
0 0.059294852372763995 0.6164188983927246 0.045550104250779544 0.06448187542269856
0 0.16866874340418314 0.5337242617411045 0.05051209491652431 0.04110687375676103
0 0.24447660156198503 0.4857881584181779 0.048996113280992404 0.0381601412565622
0 0.31161224761524764 0.4724120721773252 0.030577793475744297 0.045756737920710056
0 0.369889284952268 0.5668211455183476 0.054725172229715735 0.05873045209062466
0 0.2972703840281534 0.685580756758206 0.045799742034964064 0.050815682089431546
0 0.23692337129567242 0.5564866696669848 0.08343149020865193 0.05320629542786881
0 0.25553388595581294 0.6997405709191722 0.044386036170495746 0.05372832458923271
0 0.21715569576701843 0.710522187997269 0.04206642299085073 0.032709504172300896
0 0.24665465097169892 0.7504081875845132 0.06110939174085073 0.032931089174885964
0 0.34995225877375535 0.795058368848433 0.057748612519857634 0.06413563584102233
0 0.985595703125 0.53662109375 0.02880859375 0.06640625
0 0.9439114995904915 0.5616181071470994 0.04058206194155978 0.05954224625536897
0 0.8257279197912004 0.5870929308809921 0.051934323761914536 0.038682512506959865
0 0.9308931693837514 0.8226440358947131 0.05356110414943216 0.04797690125715892
0 0.8445075317009143 0.8519061367162477 0.057049728084255125 0.02409657334102233
0 0.8580125273885024 0.8984405788013045 0.04831180346978692 0.026923990839829326
0 0.737033156446516 0.9595201621180666 0.055718780691559666 0.059718377924090627
0 0.6167908489704189 0.7272108941856241 0.053995776176453236 0.0728792450071587