0 0.23583452977777686 0.27395986467177136 0.03435609716663768 0.07220641772025364
0 0.347785955113483 0.17666560572781873 0.0428034070747394 0.06774905600929015
0 0.27033848409557215 0.17870017607973235 0.0357111551308158 0.06325871696966907
0 0.8934891686796868 0.18305385436661492 0.0409053963831596 0.046222960363602926
0 0.9077710631189229 0.2211150588701217 0.0410886679135416 0.026816872300664613
0 0.82666015625 0.016276041666666668 0.0400390625 0.032552083333333336
0 0.7767959261313939 0.20808248831056755 0.0469172762429686 0.05644751246616231
0 0.7477365513081589 0.2740705338839651 0.04556221827879048 0.06539521321674673
0 0.68603515625 0.4016927083333333 0.0341796875 0.036458333333333336
0 0.6501179298424762 0.1632575493570796 0.04581853272271408 0.06930146321674673
0 0.5949348438977132 0.31004071625445895 0.03444795434733794 0.03660772928202297
0 0.6032617441096348 0.10768417451088808 0.0459958280513888 0.035004858111849536
0 0.9490301644973949 0.2961527310892676 0.03534505490107054 0.05027960428202297
0 0.12699606347245274 0.6564376015365432 0.034942211799045 0.05153996696966908
0 0.35099409054016095 0.7551428554971059 0.02559780133721068 0.04232545368063256
0 0.5733471021446173 0.8086959143057081 0.03148750017676494 0.06548739782515083
0 0.511474609375 0.7760416666666666 0.02294921875 0.06640625
0 0.7135581923012146 0.6631586173711068 0.0325495008247394 0.06687292244985847
0 0.9028152077053813 0.7412633752384004 0.0413385633247394 0.06762389407222846
0 0.8701171875 0.9703776041666666 0.0439453125 0.059244791666666664
0 0.722412109375 0.9749348958333334 0.04052734375 0.050130208333333336
0 0.8859201450581589 0.8055573630029507 0.03806712323284134 0.0621652368647719
0 0.9043911657342587 0.5931683837209277 0.04430499369701968 0.05363474257105949