0 0.042346095032205266 0.2900390625 0.06366141984301865 0.064453125
0 0.8467501105745044 0.23876953125 0.017994278041752354 0.0341796875
0 0.9033235922285769 0.201171875 0.0176651642822383 0.0380859375
0 0.9372429709357639 0.21875 0.014965110860198583 0.03173828125
0 0.7991613710549625 0.04150390625 0.017675943060780352 0.0263671875
0 0.8199219932978106 0.275390625 0.016091723692915894 0.0234375
0 0.014892578125 0.713623046875 0.02978515625 0.06396484375
0 0.06744658909141096 0.685546875 0.04050246295136911 0.0712890625
0 0.2668667691291936 0.79833984375 0.05746381392573596 0.05615234375
0 0.3815821881643408 0.8095703125 0.04603438581262853 0.05126953125
0 0.4332645492145464 0.8916015625 0.05245084702932923 0.06494140625
0 0.38359253029859786 0.703125 0.0546244889495211 0.04638671875
0 0.4853481957454835 0.64794921875 0.04765839705311459 0.05517578125
0 0.45633817195770077 0.53515625 0.05921797956262842 0.05126953125
0 0.40771484375 0.364013671875 0.0537109375 0.02880859375
0 0.1197282989056141 0.89013671875 0.040992405822142475 0.04736328125
0 0.08904369322618194 0.7841796875 0.035572403041752354 0.0341796875
0 0.989501953125 0.37353515625 0.02099609375 0.0478515625
0 0.88671875 0.36572265625 0.0400390625 0.0322265625
0 0.9931640625 0.670654296875 0.013671875 0.03564453125
0 0.9435317049177636 0.7763671875 0.04234699111204687 0.056640625
0 0.8850266558207752 0.79052734375 0.030519644272724245 0.0419921875
0 0.8692482822465112 0.8466796875 0.04359297956262842 0.05126953125
0 0.9755859375 0.984375 0.0361328125 0.03125
0 0.6387281525414459 0.7255859375 0.0446076723144766 0.076171875
0 0.5751953125 0.729248046875 0.03125 0.07080078125
0 0.571044921875 0.423095703125 0.02294921875 0.07080078125
0 0.6960858838155044 0.58740234375 0.05123553329360042 0.05908203125
0 0.6589532896376469 0.634765625 0.050269749572142475 0.04736328125
0 0.8166167536825815 0.513671875 0.02835678113107476 0.048828125
0 0.5907339952457238 0.77001953125 0.04024547740010276 0.041015625
0 0.6474417635916514 0.8076171875 0.026931729253696246 0.0498046875
0 0.8411302958641352 0.51611328125 0.02618480083165653 0.04345703125