0 0.320556640625 0.78076171875 0.05810546875 0.0546875
0 0.3066462552025664 0.8454051178156704 0.0480574809143135 0.0350269143820412
0 0.2598767446763115 0.8913192306670724 0.03680808817829462 0.04201015233237115
0 0.15087890625 0.991455078125 0.041015625 0.01708984375
0 0.07106029890527077 0.9794004248725569 0.032714095272702304 0.03896680456581447
0 0.11096201177787046 0.6437882303208249 0.028807845272702193 0.038853144299257736
0 0.011474609375 0.9892578125 0.02294921875 0.021484375
0 0.23842665406976804 0.7391227811174024 0.06609259668004808 0.03506431186486603
0 0.318359375 0.666748046875 0.0625 0.05810546875
0 0.2109375 0.984130859375 0.0390625 0.03173828125
0 0.5329220803110011 0.7988291221705776 0.07002357967654138 0.05077455706478351
0 0.46758120373062073 0.7374686604723095 0.04264853919227585 0.04949065394888663
0 0.6032840463039875 0.8320681768353199 0.04419488789682546 0.04319982783216503
0 0.5962712354420461 0.9127676760023301 0.07018003209786827 0.05321596331478351
0 0.5406311574612415 0.96475950197066 0.05766009600521427 0.04797796248179376
0 0.45424397266057687 0.90960984630633 0.09208354989156531 0.06798704349752582
0 0.372802734375 0.793212890625 0.04638671875 0.04833984375
0 0.9619140625 0.96337890625 0.076171875 0.041015625
0 0.8330078125 0.9814453125 0.068359375 0.037109375
0 0.7713502313353648 0.9753717076975055 0.06156634600521427 0.04809162274835055
0 0.5163911532218998 0.7081845251875466 0.05832956267303446 0.06603016119847427
0 0.6115557825016156 0.7177767241515467 0.05722202922549835 0.04114202498179387
0 0.7211606854351245 0.8082052724986188 0.07574467776393523 0.0792085298313403
0 0.8476300200489112 0.5837956246279797 0.085685679171281 0.07462407553105158