0 0.01513671875 0.27587890625 0.0302734375 0.05078125
0 0.09249700625774726 0.21320640228035714 0.05786803120234385 0.05504230361204665
0 0.08853311538355013 0.2575206204124927 0.04190249329151485 0.06073339396379196
0 0.14363138381028628 0.1581068815340534 0.04944264461414938 0.07030917675845327
0 0.20025941916857626 0.22395106045503232 0.03625864260766054 0.04879578866437384
0 0.158203125 0.36572265625 0.04296875 0.068359375
0 0.1044921875 0.363037109375 0.056640625 0.07373046875
0 0.7019137914383243 0.09116429382053481 0.02121243457912325 0.031109066825051435
0 0.6532102717765187 0.10481959612577085 0.023029181112196206 0.025329275570294296
0 0.5791376320897348 0.1795117163017802 0.026367595756488726 0.022050578374469554
0 0.5420522116036889 0.11397509358323116 0.020519585628732684 0.022300108388740636
0 0.562379819173741 0.038559264163039564 0.024425835628732684 0.02245927587922658
0 0.6207458634723738 0.07172839120663999 0.016023178785026015 0.03870271152563309
0 0.947847616713932 0.15005976259377296 0.01479658909565984 0.027920732153011718
0 0.9577277069493486 0.10354288944736645 0.03075076213424488 0.02174136055126641
0 0.7423262616964189 0.16074643809325906 0.021280623812586885 0.034038754325051324
0 0.5745633041662757 0.08206520444342974 0.02067869384014759 0.029136045888740636
0 0.5551079339635846 0.2669953054177966 0.021541607617708347 0.024293025261362233
0 0.15344975060661864 0.6351809254748807 0.03390774707912325 0.03162636116913076
0 0.14906740074184002 0.5924816014254625 0.027071809579123307 0.031347818060780464
0 0.2078308073125214 0.6295768744053737 0.020144953101171925 0.02716302495242995
0 0.15779678108519926 0.7423930623332312 0.03692835355707469 0.03565198678699533
0 0.1498422533368705 0.45419852799390875 0.03219328439624569 0.04180068367388784
0 0.17599310000774723 0.48556624199099985 0.03061479192380645 0.03685818336495561
0 0.4314551127356986 0.4740248937970232 0.039937595162782114 0.039189331154859786
0 0.4889931543864799 0.4587745933453806 0.04038041692380645 0.03725610209117053
0 0.6445616703083332 0.4734221782785091 0.041697925591124174 0.051944331463792015
0 0.892578125 0.414306640625 0.0283203125 0.02880859375
0 0.9594121575803818 0.4901613071989411 0.03419186888522141 0.04383339241913081
0 0.8551131729085285 0.47760279557844115 0.04085733330156249 0.03678771677748127
0 0.8832739689406248 0.5066086870707752 0.02842300460668401 0.026524693369712582
0 0.8204667091335501 0.5382615906593103 0.034577866285026015 0.039458757105441555
0 0.8350684623751083 0.603859562807565 0.027866942379709325 0.04455130774709115
0 0.8892108567638887 0.6085094179880579 0.04226535269034293 0.03440599833641356
0 0.9395155986426214 0.5890544284917542 0.032476997945855235 0.03303151711019858
0 0.9317140552583765 0.609263801947093 0.024823606157269973 0.03954911962922658
0 0.7116023118715492 0.5538642240483245 0.04192481477951393 0.04073375865010276
0 0.7425215058070093 0.6323456892811445 0.03455513654053832 0.038482194605441555
0 0.7530924037103729 0.6821395980026024 0.03689425894034293 0.03418714303699533
0 0.7961853507920786 0.7205513260205697 0.016601970756488615 0.02165265964825469
0 0.8568673794895396 0.7802070161820346 0.02732183676848976 0.042090005560780464
0 0.9026408033948563 0.7874483279452449 0.030398859351171925 0.02758083961495572
0 0.9124060201383677 0.8088622363577705 0.02500503585668401 0.02638542181553727
0 0.8875828222375863 0.8254455645422332 0.03654235615726997 0.04002662210068442
0 0.9806282001584631 0.8595390218138967 0.03508887727951393 0.04045521554175213
0 0.9741547138008024 0.9066834477644785 0.017056157389756965 0.0202077118345656
0 0.8525495445498259 0.9237219118094131 0.02333603266278228 0.038512869320294296
0 0.8314057074606549 0.929214042798051 0.02828703439624558 0.04164151618340184
0 0.8138170341013884 0.8869540909682425 0.04123196582912336 0.03192480021379218
0 0.7641820031720699 0.9196324660871679 0.035259350363172626 0.047779434291752354
0 0.7625365462356333 0.8643373092193034 0.028264304651757666 0.04066495368340206
0 0.7640813523478294 0.8399630385919248 0.03105761368483062 0.03492495430126619
0 0.7736655476484153 0.8271574676318291 0.030115145801562493 0.03635000617864481
0 0.8265590308598303 0.8224702912533898 0.02360878959663637 0.050231619320294296
0 0.6339042779389535 0.7843180629743338 0.017124346623220488 0.02313739933456538
0 0.5741432121497393 0.6640956018765581 0.027401390874197018 0.04550797431078035
0 0.5318336247398868 0.6340244469812124 0.02507363334663637 0.05029130712922658
0 0.5667329734996527 0.41551153659616796 0.021087420984440053 0.025737973075051435
0 0.4544372013329642 0.5365431281125606 0.02212080784565973 0.02821917119767292
0 0.44849786397076796 0.5607383353131423 0.03205690592931859 0.035941308673887784
0 0.41494242793120634 0.5745221303940116 0.030796629879709214 0.0446706833649555
0 0.38593981484008216 0.6236810307742989 0.022847343156293443 0.017516775570294407
0 0.45847819677393636 0.6149068793482896 0.04462720483463545 0.031087509267967217
0 0.3820648016613928 0.7691689473379882 0.029774199634244825 0.02170156867864481
0 0.373291015625 0.79736328125 0.02685546875 0.0458984375
0 0.40940773514841533 0.8123150991440116 0.026697177051562493 0.036210734624469776
0 0.41857061366299864 0.8596079138065372 0.03456650141278217 0.038970475855441666
0 0.5364830159476773 0.9592288766389812 0.03394184169585501 0.03309120491913076
0 0.6352526151710932 0.9363724910874412 0.03891557317380645 0.0371964142822383