0 0.9549580673348905 0.06920283761910026 0.02331784526599634 0.022585929937344762
0 0.9466274932807215 0.03889531127255169 0.02664611325860422 0.027485786860619033
0 0.6091554180910703 0.030099265096009117 0.027951524811561157 0.025541184072256168
0 0.4776779612757539 0.1054700522021178 0.042918826705647506 0.02953265618862755
0 0.7936956154420165 0.09657150315295276 0.0305025205504732 0.032876765771105654
0 0.7923604110848905 0.06825687212737752 0.025599819318953276 0.020647008623406626
0 0.2294921875 0.280517578125 0.046875 0.02197265625
0 0.17000070465008865 0.369817046007076 0.027503021024600782 0.049941042886194276
0 0.18847559546534587 0.39286284982229697 0.02122509621425195 0.05673721006522092
0 0.1980317038015079 0.4680780474827836 0.01873384725612065 0.06209125939194671
0 0.17252134348128317 0.5142943220000408 0.028359928790597233 0.07239629891176946
0 0.07143746241729737 0.4239051504552638 0.05077102358246599 0.07789522583632658
0 0.07252385616487278 0.35948895503902467 0.04302841619455944 0.0368540342014152
0 0.04670493845431692 0.3002847720888923 0.04405474081646954 0.05540588096420285
0 0.019775390625 0.32470703125 0.03955078125 0.0419921875
0 0.01318359375 0.279296875 0.0263671875 0.01953125
0 0.053589993386457604 0.5101860541074323 0.03932137585464221 0.06318713285486655
0 0.11785332928169706 0.6457496007135818 0.04324759517238319 0.051496790226990496
0 0.09338934348734462 0.6748902351669008 0.03548493788051443 0.04608308541880479
0 0.12402101991336467 0.8229474019309713 0.03226617879059723 0.07241902480946871
0 0.1638110300451506 0.8021927708440237 0.04222127055047309 0.03294494346420285
0 0.07849088658447642 0.9407904611259723 0.05167785464281488 0.07106781054796363
0 0.22265625 0.968505859375 0.0634765625 0.06298828125
0 0.27197265625 0.9736328125 0.025390625 0.052734375
0 0.24931991498971007 0.8392939491829159 0.04080610833616194 0.0753970048420789
0 0.3299558109206976 0.9183390224891979 0.05152840710464224 0.0632581512851762
0 0.36109654377667044 0.8155417784534007 0.0251513155319929 0.04504686743734476
0 0.3952963617668538 0.7561987249303911 0.04341693144207559 0.07150779926535322
0 0.2881244255835008 0.513502732969375 0.048030802842341735 0.03834728532353904
0 0.2201333547546125 0.6312151182526065 0.03482723977460078 0.04998365394438009
0 0.33363483135331157 0.3356294873964978 0.03402001354429329 0.06998898150831812
0 0.32333084063651674 0.41268133983127686 0.0467851380701656 0.05298151913747717
0 0.423828125 0.657470703125 0.01171875 0.04736328125
0 0.3909813048567118 0.8288929756989312 0.0393114717819929 0.0451292488165036
0 0.7044195404456534 0.41535284579547965 0.05330221117607925 0.049115039458450416
0 0.7844480644961856 0.3494437248076463 0.0609452943201656 0.05306390051663612
0 0.7851454594789177 0.39386027413437197 0.04535016771055589 0.059317812438627604
0 0.829345703125 0.298095703125 0.05322265625 0.05712890625
0 0.8928763753865759 0.35641918398158234 0.03902248077829684 0.04756781432929136
0 0.8661399972670312 0.5012142969918043 0.04720360729429318 0.07006568141305236
0 0.8126283500133352 0.5033432221484424 0.06122422007876982 0.0803962875677866
0 0.5369392328680958 0.3665496363293322 0.0653895876920757 0.07163563243991045
0 0.5477713628841514 0.2899889058817655 0.04351669744455944 0.03685687493862755
0 0.435546875 0.557373046875 0.01171875 0.06494140625
0 0.5765686020095209 0.7025581547596418 0.03915195899872859 0.0670905421176542
0 0.6269412062718213 0.7277417314936674 0.04798096013421049 0.043715538336326576
0 0.6204439413112062 0.7677239792494197 0.05715869905416915 0.03059160006778683
0 0.6591675270131577 0.7996724750531359 0.05237549138421049 0.043741104971238176
0 0.7066400754071849 0.9029270777801264 0.03597313854429329 0.07000034445716752
0 0.5917543576054404 0.9364221476119426 0.0681000156280307 0.08092433913875996
0 0.884025551450266 0.9415388772149462 0.059241302274601004 0.05012569080499896
0 0.881591796875 0.985107421875 0.03369140625 0.02978515625
0 0.98388671875 0.81982421875 0.0322265625 0.0703125
0 0.9238659683937314 0.7480150650071576 0.06038720104429318 0.0701423813177866
0 0.9317486027644883 0.6353215220595909 0.04127450085464224 0.06319849580371617