0 0.2794132173106554 0.22824203582988156 0.03445440819638179 0.05693900819489217
0 0.12411006469119212 0.226062764595514 0.03758366364218696 0.04691261509907152
0 0.0559307103118086 0.08378874986764906 0.04938369774475154 0.04225249995588298
0 0.01513671875 0.304931640625 0.0302734375 0.05224609375
0 0.020751953125 0.393310546875 0.04150390625 0.02392578125
0 0.564465176075228 0.2850601934506287 0.0550956504166602 0.07272501146579025
0 0.626220703125 0.18115234375 0.04736328125 0.04296875
0 0.3747273742133196 0.0577268433176536 0.03301927956584505 0.06366118911780227
0 0.6078240474417884 0.39891458649350864 0.04313975609556664 0.04966685193606857
0 0.7968249492919877 0.24515206875944756 0.043805751427733686 0.05845591443606868
0 0.840681116433598 0.26830472167678565 0.03181343400057668 0.06699384043498491
0 0.8238558255857051 0.36737375293560903 0.06995822510489069 0.05074272362105359
0 0.67724609375 0.44189453125 0.0546875 0.05078125
0 0.9508908113228821 0.34779870511935695 0.04407931885489069 0.04923544897461363
0 0.6992584212849897 0.18650235175077734 0.03173885788461239 0.03393291115634711
0 0.75561819423662 0.17409097505356452 0.05218781678029827 0.05359672528297288
0 0.9236985200932601 0.15004043871192604 0.051980387578668075 0.03802860357151777
0 0.09910018152683853 0.9561359041733811 0.03921107559731607 0.036312623320433945
0 0.2091379286800794 0.7207598070466023 0.045255449300695805 0.03909529930170341
0 0.2609091571532801 0.8012640635707518 0.04313975609556664 0.04966685193606868
0 0.27833697665212687 0.9337160306500091 0.03654767090326061 0.03324074009907174
0 0.59228515625 0.984130859375 0.0458984375 0.03173828125
0 0.46826171875 0.988525390625 0.0390625 0.02294921875
0 0.09301555990385668 0.7257669189983034 0.03417297951339959 0.04039432398343701
0 0.4286856238286876 0.8071124400562031 0.036103674015149245 0.027381365099071686
0 0.9115369264743736 0.7368508318695102 0.016956990664334093 0.018488177616718504
0 0.8905116942395227 0.7101235670887049 0.031316714860139205 0.009115884839164534
0 0.8296385295600395 0.7497364980645554 0.035127111515149134 0.027324486810526794
0 0.7905098913345128 0.7224452661956695 0.025738768543121293 0.025319299319350175
0 0.8468090807779918 0.788500159229726 0.037538802645685876 0.020659184176161527
0 0.8311835041433794 0.8199588648343699 0.020256675571093452 0.023541624982353238
0 0.8155063585256657 0.8391536609004686 0.024850774766898676 0.013600549319350175
0 0.8466229288053873 0.8556790819224506 0.029023307572842993 0.010926814117802275
0 0.8077672813724052 0.8700908303134717 0.025553769839741558 0.022877893069350286
0 0.8372194399563216 0.8762201493640913 0.03442411644230625 0.018047143060526794
0 0.893327499344433 0.8736028368111509 0.02247608337703777 0.020754133203715552
0 0.9196425412267193 0.8952433992846808 0.019095114367713828 0.02104334044380829
0 0.9561229206352282 0.9057055554993871 0.033292270358389664 0.022356356877709427
0 0.9706906506672759 0.8687904387119261 0.028550172199880763 0.03034430754071238
0 0.7349938277972166 0.7172500787486098 0.03227142349650103 0.02813041444489206
0 0.986083984375 0.9951171875 0.02685546875 0.009765625
0 0.8061191688228626 0.7753406444665676 0.019879393543121293 0.024978029588080763
0 0.9658203125 0.677734375 0.0224609375 0.015625
0 0.7185519503292839 0.8889260047387026 0.0359186753117694 0.02493995884907174
0 0.832813222636958 0.701368215170283 0.023785643543121293 0.02520554274226039
0 0.99169921875 0.979248046875 0.0166015625 0.03564453125