0 0.5472005208333334 0.313232421875 0.034505208333333336 0.03173828125
0 0.6519573001374129 0.2206085140160639 0.05232741696715859 0.0721137203373362
0 0.6980492347396989 0.055960072376425196 0.05465937104195614 0.08437190505827141
0 0.579044443864641 0.0756649454464926 0.025315947869010518 0.0401816740582005
0 0.9553567812831014 0.25413247880017625 0.03735291429184014 0.050742501133811624
0 0.7768479619445596 0.3466269161843422 0.04539271173671885 0.058271333767552336
0 0.774217299345804 0.2008183851611045 0.053008220617824175 0.05212829140129305
0 0.5711469242359369 0.43495468966160067 0.04301584251493059 0.06552734788963877
0 0.7129268306752311 0.26828800919613827 0.04708823296585655 0.05002170598848754
0 0.7033846927262147 0.4080728559519654 0.06472751495980915 0.0734142548199257
0 0.6036259634642356 0.33164832509757297 0.06003384482621529 0.06890036547107692
0 0.4326171875 0.636474609375 0.068359375 0.05322265625
0 0.3255208333333333 0.618896484375 0.09375 0.01806640625
0 0.5537109375 0.93798828125 0.047526041666666664 0.037109375
0 0.6094274475221929 0.7238947200624684 0.05001061605535314 0.060343816866401
0 0.6598307291666666 0.989501953125 0.111328125 0.02099609375
0 0.8473307291666666 0.972412109375 0.095703125 0.05517578125
0 0.8326703161429972 0.8668525963700311 0.0979766437907698 0.09672775016884527
0 0.9664713541666666 0.97705078125 0.06705729166666667 0.0458984375
0 0.9768880208333334 0.877685546875 0.046223958333333336 0.05224609375
0 0.5419921875 0.762451171875 0.024088541666666668 0.08447265625