0 0.5245875913032929 0.15726834151456004 0.02525460708744287 0.03172383385789512
0 0.6243904850612472 0.2216352378018679 0.028769164171903228 0.040223689117802275
0 0.6871742263088609 0.20772576241301433 0.03357243333764193 0.033672143060526794
0 0.7158203125 0.0439453125 0.0078125 0.0322265625
0 0.19445969965883175 0.3015039421592921 0.02825247458823843 0.037753843723529856
0 0.239233851323775 0.29142503093235783 0.017481878754573632 0.03468677629953598
0 0.033468244649087875 0.22039855908792755 0.030688199171505448 0.03740775819489206
0 0.10945967466976875 0.37706505901734033 0.034060714587641816 0.0337005822047991
0 0.11010738467732523 0.43272912151734033 0.03449786083704531 0.02933449009907152
0 0.25441397087343565 0.044430404270438484 0.043252833336647534 0.02691670719597583
0 0.145096129629799 0.08490659680913659 0.0228870625049713 0.03792929438653281
0 0.11691354548752514 0.26283086986424453 0.04617115750318168 0.026110779561610453
0 0.7465811388297406 0.1688831627741494 0.05209303083724415 0.03182314304287992
0 0.730712890625 0.1962890625 0.02197265625 0.0556640625
0 0.740234375 0.3828125 0.041015625 0.05078125
0 0.8084688871787172 0.2876439916639336 0.050690685421306614 0.037108919360062664
0 0.871337890625 0.43701171875 0.05029296875 0.0654296875
0 0.22570230754692966 0.8079373714820468 0.0343334345908235 0.05713808220479932
0 0.2835410800495147 0.8303361592561962 0.0358778216750848 0.06405933713761658
0 0.19236747794497028 0.6688817958543374 0.02307455750715881 0.05404257563653281
0 0.17174637419934508 0.6998854751506218 0.03269814083883493 0.042404327271981845
0 0.15625102626710147 0.5843146462167208 0.02345522917826648 0.08675741938653281
0 0.08632419542687453 0.5294950377300325 0.01959409042309629 0.048472407876625656
0 0.609375 0.992919921875 0.041015625 0.01416015625
0 0.66064453125 0.986328125 0.0361328125 0.02734375
0 0.6482303571321852 0.8466973875277185 0.02363670042468713 0.06041867103080523
0 0.5681114341979531 0.7127241540498536 0.03743357209281206 0.07195715457043406
0 0.5123521517196283 0.8690363037757042 0.03749004667110789 0.034876218714706475
0 0.4859789404638615 0.8250485603792641 0.0288259808392326 0.045106501617802275
0 0.4755946979680374 0.8551846179552702 0.036121791255567914 0.043091682531889
0 0.49012984422241224 0.8882359156391714 0.0199573750049713 0.037758659520898075
0 0.45181164256442885 0.9499256278473751 0.04231638459281206 0.07224154601315846
0 0.3559771550515033 0.8491935901085192 0.05162213667647686 0.07522329600433508
0 0.3573219996220437 0.7550975045798816 0.04147584000536908 0.041939669368886046
0 0.3078348012810213 0.6956129651526363 0.04183912458724415 0.03122592101315852
0 0.32653118836031125 0.6669369355292619 0.030904102507357645 0.05596244569489206
0 0.4023220496001697 0.596694849930037 0.01752199251073816 0.0800684934052634
0 0.4308639471027548 0.6173872890478392 0.02134869917647686 0.07346006905944302
0 0.5266288862587496 0.5444049583637849 0.0357698700071587 0.05478199338761658
0 0.5178167550027839 0.4999761804111532 0.032028046253380626 0.026750888127709427
0 0.7021658245892326 0.5336469565518679 0.023012059173096233 0.048671481886532836
0 0.7060546875 0.751708984375 0.02734375 0.06298828125
0 0.2951555075141187 0.5704471460843699 0.030120716676278025 0.07250712990634717
0 0.23087283251610718 0.5813416165404061 0.03881887250855076 0.06520653450325131
0 0.736083984375 0.691162109375 0.03271484375 0.04248046875
0 0.8363248796049423 0.6508686227733834 0.03947726167150556 0.03791966279179626
0 0.8960088254396013 0.6641038233746226 0.0658046775043748 0.036037407832508694
0 0.9130244654330391 0.616787788818431 0.03703585542150556 0.037777467070433945
0 0.9642485433491754 0.6158676489670385 0.026804675838437264 0.03913337004071249
0 0.992431640625 0.67919921875 0.01513671875 0.03515625
0 0.935662560868862 0.7591239532721464 0.035553966671306725 0.03622730588761658
0 0.8991721454537199 0.7682214862017125 0.030648427504374798 0.03398978944489217
0 0.8596384092039187 0.7673827592656438 0.03892648208744287 0.03252012989752373
0 0.8322037525361916 0.7579776671863865 0.03155681000357946 0.028187292733437008
0 0.8873401042080946 0.7997370700949011 0.043207380002784124 0.02301045719597583
0 0.977609979213066 0.8415909663910325 0.043077043756959865 0.0537437368017033
0 0.9065993183829806 0.8613646325772544 0.028718029171306725 0.035829157867802275
0 0.9127995933869577 0.8910027773085238 0.038523425838437264 0.03981590950325131