0 0.266845703125 0.02197265625 0.06005859375 0.0439453125
0 0.875244140625 0.26953125 0.04345703125 0.0400390625
0 0.8148547951971251 0.15532265381323573 0.0571184128296538 0.07726241292369285
0 0.755615234375 0.006591796875 0.04248046875 0.01318359375
0 0.57275390625 0.012451171875 0.0595703125 0.02490234375
0 0.9814453125 0.186279296875 0.037109375 0.04541015625
0 0.39865103723628215 0.7492654883931222 0.034616639080100486 0.0345546775043748
0 0.2608189214453388 0.8154775354571004 0.0222183562064191 0.04563174125258507
0 0.09598897874687395 0.558396260020482 0.03770343425263745 0.02288138083823843
0 0.18333330052856528 0.5516064600324133 0.023543278002637447 0.022716612502982736
0 0.3317433488758301 0.5948035029688328 0.0314923538072146 0.02476064417071
0 0.34360916810075337 0.5202953300544861 0.024738316292687745 0.03980645625298285
0 0.35754681995239995 0.691704775471418 0.02052477073238901 0.035366471669119215
0 0.23000298184896706 0.6887570167041176 0.029539228807214712 0.024737917503778295
0 0.3721890201267233 0.5103823238084633 0.026838283031244803 0.034952052086647534
0 0.7863030772829891 0.41970076593329086 0.023157428606070507 0.024175774586249865
0 0.7559818837486603 0.40471142842931374 0.01650247679577177 0.01970738166872149
0 0.6017943603868685 0.37657156090863286 0.021293123376318723 0.011469098752783957
0 0.5493467490792072 0.39401298381800826 0.017933176594627565 0.019236145418920353
0 0.4371614516650292 0.42929888588576465 0.016854182241194504 0.017759938335454417
0 0.423828125 0.4033203125 0.0078125 0.0078125
0 0.43894340193657533 0.5664150104680374 0.02236185179577166 0.019775561669516994
0 0.4681753351834913 0.5867583967218156 0.018978026996915975 0.020224071252386233
0 0.5058651573529442 0.5954909846435199 0.03317232719806018 0.020877120837641816
0 0.5149548231148338 0.5580296883951108 0.028381680617513227 0.02911540375357935
0 0.5439343641069214 0.49103891089968443 0.026121260057214712 0.024698145836647534
0 0.842704694624979 0.41694187052431325 0.023713997758358918 0.025158018752982847
0 0.8062270964643314 0.39065956593627366 0.03428546550263745 0.022841609171107752
0 0.8496330255307982 0.3555491113591711 0.021805282643482915 0.018793317502783957
0 0.6271296271086657 0.5993414442432919 0.019783869741194504 0.017794028335852197
0 0.5501891719783698 0.6921198792319572 0.026677829209503123 0.025680390003380515
0 0.6639689691623497 0.6866134517474679 0.030164085861791756 0.026696724170511166
0 0.6948708373524977 0.6401361684187745 0.022293563893483137 0.018798999169516994
0 0.7049948600963296 0.6802604559197687 0.026575397356070285 0.024215546253380515
0 0.6372980597376219 0.6331237571610191 0.041916979812936184 0.027321365422102062
0 0.6590457753855288 0.5045754521651951 0.01964729393661724 0.015840903335852197
0 0.6145813838335891 0.5245491879922977 0.023372558246915975 0.020275206252982847
0 0.5904953762482137 0.4452317221564455 0.028381680617513227 0.02911540375357935
0 0.7928823664334913 0.5905367050992284 0.017615615100348814 0.0216718700021874
0 0.7884675308018978 0.5343786796824954 0.022556449568657655 0.0295355050027839
0 0.4799222192953251 0.33612273422579275 0.017342463491194504 0.0177656200021874
0 0.4824591376139826 0.3654252908925257 0.022395995746915975 0.02026384291951694
0 0.48087977618564015 0.9289128746369577 0.018001464496915975 0.02021270791892027
0 0.4499301519611634 0.9607530837991171 0.05070604231293607 0.027423635423295067
0 0.7704421882878174 0.506847434680308 0.03529617195378165 0.023341253754573632
0 0.7583170570232904 0.5218307484285183 0.02230382982746315 0.011968743336249865
0 0.8912360174850265 0.33651784803167084 0.020398460861791756 0.02658309083585214
0 0.8589395746781744 0.8235381101059894 0.025745676594627342 0.019327052086647534
0 0.8962127496491206 0.854220627610762 0.03777172215492586 0.023857943338238208
0 0.5739886433577726 0.6836149000686048 0.022815989094627342 0.019292962086249865
0 0.5577251742200109 0.6673254871498833 0.027780701580100597 0.0344751341701135