0 0.08240880663242248 0.40054871126684355 0.03525975861966152 0.06855934233150895
0 0.18831956188046933 0.35286919538857564 0.06005981851946618 0.0650344200874069
0 0.105712890625 0.0205078125 0.05517578125 0.041015625
0 0.64049923620178 0.2615481970338288 0.045717824313563415 0.05672743653503365
0 0.7419947717377826 0.31811130360325834 0.050078260946831654 0.055416053197839155
0 0.7929716741048618 0.4507176339693759 0.03741745132005214 0.07741660945942264
0 0.6527115747861335 0.5342928019000881 0.04465034283561198 0.05278708422107692
0 0.5325371546684251 0.5150328353597943 0.031989124952343795 0.053808597889638765
0 0.6770366932811852 0.04671994244066546 0.037632567379709325 0.044735868023379366
0 0.014892578125 0.744140625 0.02978515625 0.0458984375
0 0.12213611850397177 0.9828465153815436 0.04307144210668401 0.02687407565712019
0 0.2627241660918188 0.8293789240729178 0.04520722157556434 0.07671286547107692
0 0.22539681723674065 0.7163317437183836 0.0679177780084419 0.0672603635990614
0 0.3603560533213761 0.7409395505493257 0.04369651008009989 0.05372954440712019
0 0.32375973059830754 0.8482606743575971 0.030467456841124285 0.05131603816870356
0 0.5778039920911896 0.9240171813823232 0.04036905205156249 0.03653739371524978
0 0.5070340394060115 0.759849283638363 0.04462720483463545 0.03083147912805534
0 0.7141367446913849 0.9236544398353517 0.0198385098070748 0.03484468262215734
0 0.6442678829653867 0.9661659200972186 0.04126606044585501 0.03315352727920651
0 0.5219203227101564 0.7275653653650545 0.03090987034565973 0.02840092173266029
0 0.4658203125 0.974365234375 0.01171875 0.03662109375
0 0.5190381359815758 0.8346865218418167 0.02012222335668401 0.026072671279135706