0 0.0126953125 0.0693359375 0.025390625 0.044921875
0 0.009521484375 0.10888671875 0.01904296875 0.0322265625
0 0.0269313805183502 0.14227744787314955 0.05009259546544331 0.045162146947839155
0 0.06299609098791714 0.24666888418142097 0.032305114764701104 0.0708813904826604
0 0.05221045922507178 0.3821723554837235 0.046692591547814466 0.07918837403503387
0 0.2362185171723089 0.290353803472707 0.05662494964859799 0.05173146823855834
0 0.22767767567395836 0.34870883727500956 0.030527705281670148 0.06008804951172508
0 0.217529296875 0.446533203125 0.05810546875 0.04638671875
0 0.34765625 0.172119140625 0.0244140625 0.07080078125
0 0.29752297040018527 0.09844997911824382 0.056719177264701104 0.07173394833157998
0 0.317626953125 0.009033203125 0.03759765625 0.01806640625
0 0.5680324262259586 0.09742690969954027 0.037766678831752554 0.057414129366401
0 0.619384765625 0.01025390625 0.04150390625 0.0205078125
0 0.375244140625 0.155517578125 0.03076171875 0.03369140625
0 0.43877768082818536 0.17209517138515817 0.033567295749175274 0.030439302517552225
0 0.271484375 0.988037109375 0.04296875 0.02392578125
0 0.12845665854321633 0.6907490336285514 0.037530375882453615 0.03252883677337948
0 0.09426652080894832 0.6563182253261072 0.039829706799257736 0.027731280058271413
0 0.04248176106039159 0.7058314874073328 0.034572273315814445 0.031449967331509066
0 0.07340727727501017 0.6340835994190579 0.04149868113286598 0.018033859686184872
0 0.12152355779094834 0.609858655395962 0.031040644299257736 0.0274243592326604
0 0.02294921875 0.5107421875 0.0458984375 0.025390625
0 0.09019435937105147 0.4939019295004961 0.036482775715855675 0.030053328209422636
0 0.3447265625 0.85888671875 0.0302734375 0.0341796875
0 0.20829554495775243 0.6177765738381158 0.04219485026552583 0.04195964093618498
0 0.589599609375 0.98583984375 0.06884765625 0.0283203125
0 0.8731580702778967 0.8660002248048541 0.05454771414777326 0.08092603629668793
0 0.8328783013743504 0.7384890581767987 0.052505586648804226 0.0442708402327312
0 0.9211174217721236 0.6623884993049958 0.04658415639839175 0.058697612692012124
0 0.940613563770268 0.5970843722062179 0.05187000494847416 0.05595548791877447
0 0.8132805926696907 0.5721091565778791 0.04819107548158774 0.06363157866294733
0 0.6955816214701855 0.5855950039030648 0.045976989764701104 0.07135882287805534
0 0.6461918880726185 0.6703838740831392 0.03538210271503095 0.059281998581509066
0 0.6154825960016495 0.516324159530695 0.03550997051490723 0.0636765298315091
0 0.369873046875 0.628662109375 0.02001953125 0.06298828125