0 0.067138671875 0.021484375 0.04248046875 0.04296875
0 0.19398418077208834 0.38642354717094596 0.04840713524475149 0.0414011033268995
0 0.18218970138689927 0.2885882337441492 0.04907313057691853 0.0501901658268995
0 0.3062781238432013 0.2045648759254295 0.05277252800990073 0.06689120800845316
0 0.5373438477767797 0.08693216627662792 0.05181053475232611 0.05419589550845327
0 0.36944411917536835 0.21590061827320517 0.0389817925320477 0.03906995553699533
0 0.5549478630827045 0.293554718771871 0.04339146965908558 0.0587205811548599
0 0.123779296875 0.47314453125 0.04052734375 0.013671875
0 0.5927734375 0.181884765625 0.0341796875 0.02978515625
0 0.5929793484265412 0.1466384270892564 0.03331470085664012 0.034944850237577096
0 0.8809886149008755 0.2590675620953806 0.057729339991252626 0.0680667298715607
0 0.977783203125 0.307373046875 0.04443359375 0.06884765625
0 0.8497054399737382 0.058215683697125986 0.0576771943735388 0.04810688643049299
0 0.8007764835459849 0.20906890009459334 0.05509565041666009 0.07185360425369636
0 0.99267578125 0.457763671875 0.0146484375 0.04443359375
0 0.3797825577068591 0.6589383785636562 0.05393408921328047 0.06937240613107476
0 0.43609018504077557 0.6568517759257029 0.046307164551272484 0.10362256021854899
0 0.5202869673251691 0.5410229935110556 0.07993185594113328 0.09769105701030134
0 0.4847962013839966 0.8627945433448337 0.056375495463280245 0.06947188581262842
0 0.37713162734552746 0.9387251964344296 0.05727805848192846 0.06853511518525002
0 0.5209995535576742 0.6724809082211515 0.041024062890437474 0.059597663973306014
0 0.5006044701835393 0.7694913711014388 0.05985289445220676 0.08324324049418219
0 0.848238866319901 0.7397734017103362 0.04922112953962232 0.0521432908268995
0 0.8456669135226845 0.8857006904936353 0.033056279306521 0.06365396430602344
0 0.935349036958032 0.5403382670855932 0.05798047692015906 0.04568537611680368
0 0.8358109898950701 0.80060048143946 0.05462193840908558 0.059178187690007045
0 0.824198626040199 0.5445711601704321 0.054910075078667964 0.03728511518524996