0 0.112060546875 0.0185546875 0.05810546875 0.037109375
0 0.11619542661709792 0.13485742982881083 0.036977098548946374 0.05193244043004808
0 0.1743760481176746 0.1968764545438808 0.03924079071677933 0.04333112083564061
0 0.07063171668701854 0.23934231136374085 0.042459191520974215 0.053741479506967615
0 0.1492394432196429 0.337832534895256 0.03448412331584505 0.06392043829019034
0 0.19100963227558726 0.33221186574843053 0.045300310297196944 0.0655853914440292
0 0.13174433222604465 0.4307056528585266 0.025007211620039826 0.07351724437061646
0 0.06820949275634292 0.4858049896871536 0.046683869944632306 0.07101906616256004
0 0.013427734375 0.45263671875 0.02685546875 0.0400390625
0 0.102294921875 0.582763671875 0.03369140625 0.05419921875
0 0.138671875 0.578125 0.03515625 0.0634765625
0 0.1748046875 0.5791015625 0.0341796875 0.0615234375
0 0.312255859375 0.571533203125 0.06298828125 0.07666015625
0 0.28669205668117387 0.40998180087785996 0.03798337616840963 0.05879966841431328
0 0.2818972362703388 0.3661303598306562 0.040372636800695916 0.03903046103843666
0 0.23440608001743607 0.25092652683762373 0.036977098548946374 0.05193244043004808
0 0.3058044118356268 0.1506739151208923 0.040883348548946374 0.05218276430417135
0 0.2518108923834199 0.07268569507890277 0.05010912331584505 0.06492173378668342
0 0.29541015625 0.01025390625 0.0341796875 0.0205078125
0 0.43165598250578596 0.1862770348202737 0.042858904047196944 0.0654289390227023
0 0.50927734375 0.025146484375 0.0380859375 0.05029296875
0 0.5204788856438972 0.18647283216823396 0.027078043828667964 0.03672077421327069
0 0.525634765625 0.263671875 0.02783203125 0.0517578125
0 0.4750625980419092 0.2605278237818369 0.055139358143936334 0.03511765355066454
0 0.47842957444342027 0.3049614175318369 0.0417046274650299 0.05660858603843666
0 0.4465153090150903 0.3953239907888044 0.035734253243002057 0.05476825647725203
0 0.4068025361945735 0.44104630340416073 0.03428455537003994 0.0741117635716595
0 0.926513671875 0.572509765625 0.07666015625 0.07470703125
0 0.8359327335459849 0.5345502915859164 0.051869388356640234 0.036851745160806804
0 0.9445362937091657 0.41375932536221727 0.042481045384612504 0.03479238220976377
0 0.98974609375 0.453857421875 0.0205078125 0.07177734375
0 0.7497826146328432 0.23292270155615458 0.039743641209204816 0.03072967978843677
0 0.8283571662383302 0.1302476075754419 0.04291775765151096 0.04696812297549846
0 0.8804165313811134 0.02730907474506155 0.03344813057691853 0.05024856329019019
0 0.975830078125 0.1650390625 0.04833984375 0.03515625
0 0.7449161012791058 0.3176267576942591 0.03106615456584505 0.06370140490033227
0 0.7695247536421477 0.4416567526820313 0.04556659310314126 0.06268699442829462
0 0.5765357410547715 0.06395547116094458 0.04461916908799213 0.03735895039682552
0 0.09055041650926526 0.7145257846241693 0.0597710337150299 0.05776633395625708
0 0.14751119983676042 0.8251975579318933 0.052839242870039826 0.07530080197374511
0 0.11587720982218794 0.8674582448147377 0.04698715249125257 0.06860895039682546
0 0.048723103752843944 0.8359440574877721 0.035453401194632306 0.07029938502445576
0 0.077082145897357 0.9317665354143594 0.06335157067015909 0.04730576081464566
0 0.44965473225517005 0.8627509875299915 0.04266662072260452 0.06930389853843666
0 0.48350755344107454 0.7850211458044931 0.0370292441666602 0.07185810022725181
0 0.46045750326332124 0.9405630826873375 0.03721424287003994 0.07429950647725181
0 0.5663286373338576 0.6538065271260145 0.03106615456584505 0.06370140490033238
0 0.5943165288023866 0.6799801627099478 0.029682594918409633 0.058267730181801536
0 0.5693929078233608 0.733095832531607 0.04723828942015906 0.046273174833887154
0 0.7513828296357068 0.8102414549303238 0.04188962616840963 0.05904999228843688
0 0.85571302556519 0.8467330746873833 0.04267390534381721 0.06298753277270208
0 0.80656358896847 0.6707946237887585 0.036999529047196944 0.06505345321151723
0 0.9149698877242951 0.6898522044688985 0.04882927826922456 0.06726926858388715