0 0.10570293897602073 0.1874488258308712 0.041763399148804115 0.04389571477920662
0 0.18555603292387646 0.26090956687130684 0.04987425734851547 0.05442243954086079
0 0.09020809625686615 0.2764586248890717 0.05049040639839175 0.058834021947839155
0 0.12954805398804142 0.3518228932087139 0.03263335584913407 0.031870043953595495
0 0.046117772787505354 0.3737986609589974 0.05824085114797942 0.07373822680251507
0 0.2513170726521652 0.43799444215598615 0.04384961706581447 0.031773939314098554
0 0.311105723269093 0.4266198060976439 0.01951557464859799 0.0504355803082005
0 0.37244364117305173 0.28370995106253927 0.031907303831752554 0.0572095154826604
0 0.46631023707577324 0.18365413448081758 0.041966061914330055 0.08438895621524978
0 0.491455078125 0.01171875 0.03662109375 0.0234375
0 0.401123046875 0.02099609375 0.03173828125 0.0419921875
0 0.23295588999381456 0.142925309045554 0.056065630731999994 0.04927301083157998
0 0.409255479636227 0.40657390988800857 0.03441599044929888 0.026078873581509177
0 0.1008733748179384 0.4750185820692878 0.06519567403167015 0.06129868165719099
0 0.16032855923329925 0.5193762131388591 0.04121306264839175 0.05851004996524978
0 0.20050593976744358 0.4891353222026742 0.03484221644888663 0.040727311081508955
0 0.2883913396503095 0.5026847276035419 0.035747741282288636 0.038320007145465906
0 0.2403887194009281 0.48236603358044594 0.04429005059872171 0.046910658064098554
0 0.498779296875 0.391357421875 0.02197265625 0.04736328125
0 0.4216785595221857 0.3127836052716785 0.050371521014701104 0.07151228329086079
0 0.8358359332934846 0.17864422652764733 0.03980504903167015 0.06041202149431457
0 0.7113309074787011 0.1160295356792238 0.05361524206581447 0.03211496245366641
0 0.6338983193123093 0.10895799348180985 0.04291045204863919 0.04978919209316335
0 0.5291474605763918 0.20450612301705617 0.02992576376511341 0.05616474835474672
0 0.6874658891687219 0.47171530416771135 0.06177394798261859 0.027522019622299165
0 0.9452238485164126 0.5448287990680121 0.04656096644888663 0.0411365388489906
0 0.937987810602495 0.4473260094808176 0.04681670204863919 0.0499256013489906
0 0.9063772216446805 0.13365723770182364 0.047764849481999994 0.04898314116294733
0 0.869140625 0.01513671875 0.056640625 0.0302734375
0 0.5990197025511755 0.506085665894757 0.042683131515525774 0.04197669209316324
0 0.730108687565258 0.5933980866094399 0.052866000098927834 0.039893360139709566
0 0.870361328125 0.645263671875 0.03857421875 0.02880859375
0 0.0244140625 0.795166015625 0.048828125 0.07568359375
0 0.7212573943071547 0.7529156650505306 0.04888871243232984 0.037315544633882425
0 0.6399417460902682 0.7635757082659221 0.049343353498556786 0.052940544633882425
0 0.532470703125 0.736328125 0.04541015625 0.044921875
0 0.539306640625 0.978271484375 0.02978515625 0.04345703125
0 0.735595703125 0.980224609375 0.04150390625 0.03955078125
0 0.8196501465588042 0.6908264278699602 0.05957406979905144 0.03573754508740712
0 0.99169921875 0.9111328125 0.0166015625 0.048828125
0 0.978759765625 0.668212890625 0.04248046875 0.01708984375