0 0.24138664030748347 0.10745025402588951 0.042983958403892464 0.04781828439624569
0 0.23232164497200342 0.25250387989262124 0.04802446185259501 0.03232966286317285
0 0.23084782161736217 0.3271540867814017 0.036557456679541245 0.05547167618483073
0 0.29593446121756206 0.2856489557619355 0.04076870724486081 0.07068794904053832
0 0.35841577481980813 0.2008004422149085 0.04850859056976087 0.05087298549092889
0 0.10128656716451989 0.044873557715603196 0.06775835347400233 0.045956486630685855
0 0.38525390625 0.013916015625 0.048828125 0.02783203125
0 0.005615234375 0.234619140625 0.01123046875 0.04345703125
0 0.024169921875 0.45751953125 0.04833984375 0.0400390625
0 0.10879131579381046 0.16223112254277328 0.031802592859431544 0.05779943371239149
0 0.00732421875 0.037109375 0.0146484375 0.037109375
0 0.08676405472749155 0.3778131809821397 0.05159389275204623 0.04460488334663637
0 0.3326157666936579 0.5535099777985674 0.06477541023562916 0.054177713774978375
0 0.3571542472301883 0.07598228017081127 0.0543188623642219 0.04076682258009989
0 0.39019070167684455 0.13422331087476091 0.03568532938987057 0.048136092562586885
0 0.5964826527883696 0.42370304509587625 0.03437402405573886 0.051031685445855124
0 0.8647136533252963 0.3491839093396694 0.04462793030573886 0.05127034776297745
0 0.8752483194825835 0.11094811882864511 0.038433812471607265 0.05405229192380645
0 0.9577401847301883 0.1002497577916659 0.038024376695958484 0.04623979192380645
0 0.7904679645113726 0.5747597067368917 0.05876457308617811 0.04184566893029529
0 0.8806312489416117 0.6224050685105461 0.04709700255813409 0.042549474496440975
0 0.4936213050527405 0.4787672189058807 0.04434436694356325 0.055165232890733495
0 0.5104040193215055 0.1399227611503685 0.03535058655573886 0.05105441519034293
0 0.6304893882862761 0.10981734719509498 0.04524623650204629 0.04445714000746531
0 0.5997442796676129 0.1846611651685108 0.04532508197639751 0.03665600487970927
0 0.13037109375 0.689208984375 0.0400390625 0.01904296875
0 0.128604052889569 0.7145530960900821 0.04411821185259501 0.03223874388522141
0 0.07182374879964754 0.8953429886977429 0.04118021928692661 0.06923447016278217
0 0.056396484375 0.9765625 0.03564453125 0.046875
0 0.1635597375345788 0.7361730330440318 0.04500762381257539 0.07712652426848954
0 0.1256308164443084 0.864341791117643 0.047406155656287696 0.03914287061868493
0 0.21844089955134482 0.7963440507470049 0.03491348477769496 0.05201961281809897
0 0.23809942369226222 0.9051280773903208 0.03727604555334385 0.05987757230707469
0 0.38051845601611545 0.7652612577787539 0.04606718431976087 0.050816161129709325
0 0.38343708764505713 0.8305432019395829 0.02290909514910222 0.06490771988975697
0 0.38818359375 0.927490234375 0.04296875 0.06884765625
0 0.5712068443307844 0.7301679559873044 0.04244034514910222 0.06536231477951393
0 0.6660537776334776 0.9210838834548607 0.0421118311142219 0.040482700774001845
0 0.4886568962729993 0.8257249706740883 0.03951896271477062 0.028230210035026015
0 0.5014179221098751 0.8893147736400389 0.02969800570998038 0.04555830784565984