0 0.24751532762896988 0.21598243014412435 0.027962253720238195 0.08509838392258828
0 0.6013504149593961 0.171008917586798 0.049108990881090886 0.05880043821726311
0 0.6674684931132352 0.18228536087332525 0.0387546556905225 0.07650670273659206
0 0.8742057622566 0.15634699691890278 0.05528127072374511 0.06558367339558391
0 0.884765625 0.24837239583333334 0.056640625 0.06315104166666667
0 0.975410951954136 0.18491220722078014 0.04296144403492996 0.07280506662033304
0 0.9379901690660775 0.07833979236821194 0.042135524945782654 0.04548405149630419
0 0.48828125 0.2604166666666667 0.0380859375 0.0390625
0 0.17701301809939185 0.7653520710979796 0.026842353774455763 0.041524062007863925
0 0.27988896996124146 0.8388618912758282 0.030792260756967504 0.052750914472995625
0 0.3417507937776866 0.8124915922755447 0.03523700647725181 0.043863679899374265
0 0.36328125 0.5888671875 0.0126953125 0.042317708333333336
0 0.3583984375 0.4241536458333333 0.0224609375 0.042317708333333336
0 0.13984630147194577 0.40951336767946517 0.024275785587394072 0.03880622096134142
0 0.5553590332918057 0.42504126037019646 0.041872086096114924 0.08054936199241942
0 0.4285136431974441 0.34155500590563176 0.05467438502445554 0.04281994993822188
0 0.4170508472741339 0.8158026972236151 0.06266226143180154 0.036696026163065554
0 0.6776787423807231 0.9132873570906828 0.04794468547549835 0.0548487184653208
0 0.6670261142776406 0.7832836376410901 0.04850791419227596 0.0665674684653208
0 0.7921593306570701 0.6580500658808112 0.052013196907299886 0.08881655951184324
0 0.8552225593738476 0.6668587517564989 0.03854217978843666 0.05181258915520134
0 0.6244141049107148 0.3650586086024315 0.04942189572374511 0.06531085488392978
0 0.463623046875 0.9755859375 0.05419921875 0.048828125
0 0.807861328125 0.2958984375 0.03466796875 0.031901041666666664