0 0.09305786155051199 0.38849282853007777 0.07431656806078046 0.02807191833658862
0 0.2096070299677948 0.37748720768602384 0.06393084579360053 0.06051400515273442
0 0.3082655323203274 0.3147014528539708 0.062225589187097974 0.07852358704151485
0 0.3858193440835376 0.2670414601561626 0.03678605515670785 0.06476038480707469
0 0.3530389750954137 0.041944620419140044 0.05249063890195105 0.06707718571888027
0 0.5462359028763507 0.28652650046365 0.01271354681553738 0.0246868194338542
0 0.6433789908277199 0.21304401762057268 0.0210831330322383 0.038540532389756965
0 0.831399608413346 0.24379069718993018 0.02960276958165653 0.044104828967903575
0 0.8065610847677268 0.15900064103007772 0.021641880869712526 0.02830935588424488
0 0.70654296875 0.007080078125 0.0185546875 0.01416015625
0 0.8583984375 0.523681640625 0.03515625 0.01220703125
0 0.563335716350991 0.4295470389681857 0.02546854712446961 0.026447149862196095
0 0.51171875 0.487060546875 0.00390625 0.01904296875
0 0.6474037638787127 0.0544094357317923 0.025667506487577096 0.031329962362196206
0 0.3069805610510259 0.6924196986027122 0.03534276896379196 0.04131151993483073
0 0.21353811725345578 0.6750818689457896 0.03321969769476396 0.049067195573611166
0 0.22467741442576894 0.7967771406617401 0.037017350855441555 0.03452104192380645
0 0.1418611057518811 0.8299250743264754 0.025886361786995327 0.036701056112196206
0 0.29886634227778774 0.9394445516137366 0.0362198517822383 0.038892843429318535
0 0.3846570716736474 0.6896361214159283 0.03711683053699533 0.03696244817380645
0 0.4205619117164605 0.7063618809976341 0.03211298079835734 0.057822163456879405
0 0.48789828586074546 0.610157885105924 0.04128172770903493 0.04340102340175789
0 0.3777473443446263 0.631746585238563 0.03541323555126641 0.03106897855707469
0 0.00927734375 0.58154296875 0.0185546875 0.0244140625
0 0.16508972017710322 0.97816896324184 0.03891078804650938 0.03310165766278228
0 0.4913196213652621 0.9452093333273865 0.02894454206262842 0.05189459922341566
0 0.985595703125 0.955322265625 0.02880859375 0.06689453125
0 0.943359375 0.97607421875 0.0419921875 0.0478515625
0 0.945827367182374 0.8299782243792965 0.054881474500787286 0.07786483270785594
0 0.9053082880232712 0.6631118669869571 0.040722979871560705 0.05363219990726997
0 0.80349127314668 0.5879185957694008 0.049123240803114476 0.056266808985416694
0 0.7205100030660843 0.6849745488229164 0.058471051140588814 0.04624020018029518
0 0.5990349070346334 0.6492642778783853 0.07087538013292285 0.07531018599190542
0 0.8646366878567757 0.5957639656166663 0.044090377970397165 0.0644425766407335
0 0.9248046875 0.536376953125 0.0517578125 0.01318359375
0 0.9173204922056122 0.5838057367865664 0.047121206772724245 0.04304912061868493