0 0.42714681652445374 0.16216399361828843 0.060227616331752554 0.05888139151646965
0 0.3651724952572786 0.18314138415252273 0.056088820681505336 0.06746577543398447
0 0.23748727145987641 0.09667819647099132 0.05264243686486603 0.06633001848094039
0 0.06096576190917538 0.12983590971456205 0.06740975974855673 0.05433970998727844
0 0.02783203125 0.081787109375 0.0556640625 0.04638671875
0 0.9604569088557939 0.04407077750540822 0.04577808429822694 0.06503506707485229
0 0.8491467486881652 0.08348113989114175 0.043858599482000216 0.04934184088069049
0 0.7423253473866394 0.14272909700911057 0.04571227174876291 0.04601484038957282
0 0.840576171875 0.023193359375 0.03662109375 0.04638671875
0 0.329460683639732 0.6048317550687882 0.04005702733237104 0.03599905267764647
0 0.3549403111387013 0.6403157455827592 0.0442668606492167 0.029856075010131655
0 0.44623992247251565 0.61895039366529 0.04366867643171135 0.059573005065969964
0 0.41519176357515475 0.5265194334190837 0.053686279732412245 0.03517098673982266
0 0.37006200069249495 0.5046631800586565 0.03448702811589688 0.02891295246572001
0 0.34885655124175274 0.5320537604710827 0.04655198403270111 0.024598691583734622
0 0.19335955050769082 0.5652101274316683 0.04682192716577327 0.03387603533373462
0 0.1682463832388662 0.6431438393060209 0.0389331643820412 0.04764957648348467
0 0.13564748923639197 0.7326718929659026 0.04010863234851547 0.05453099811292583
0 0.21915256540257755 0.745895585713404 0.04645628859851547 0.054826644954293347
0 0.25134173041975283 0.7263054611271251 0.03803662196482471 0.06711260028932298
0 0.2846921558700827 0.713017508661405 0.045227747797814466 0.07963802044541102
0 0.1029595927349487 0.7855333687463433 0.052837585032288636 0.03952003386038161
0 0.055469911503154834 0.7329836228300779 0.04809684786548463 0.044175425713175676
0 0.06743688250480429 0.6737530950179016 0.04256947124896904 0.038554169251249326
0 0.05826568442325791 0.6106176634887103 0.04634262833195879 0.050920394954293347
0 0.010498046875 0.5927734375 0.02099609375 0.048828125
0 0.020263671875 0.432373046875 0.04052734375 0.03564453125
0 0.11896050602878361 0.41123568018671136 0.06905031901552583 0.04368849074616066
0 0.0556132791467423 0.3682254849062251 0.048395206065195984 0.05442933196317573
0 0.07177734375 0.313232421875 0.0234375 0.02685546875
0 0.13479944069146405 0.5522914331334174 0.039824481682123714 0.04476537311292583
0 0.040283203125 0.977294921875 0.06787109375 0.04541015625
0 0.22063097053070135 0.9311361159811686 0.07128759468191759 0.0535450840050431
0 0.2873550113808663 0.9221610781144491 0.05147219401552583 0.04286977641621981
0 0.32281778033387654 0.8134308612515233 0.06232804178208262 0.04727635184007273
0 0.4435591021293609 0.3755816525828048 0.06286417074917527 0.032185117219513726
0 0.3064605060287836 0.4025027273340085 0.05460601209913407 0.03326334586926383
0 0.346249058046165 0.37522451096220033 0.044062730065608235 0.03959895794541107
0 0.2575740830774228 0.4531850037502283 0.035520420749175274 0.03091156159516123
0 0.33154296875 0.308837890625 0.033203125 0.01806640625
0 0.2501257538265981 0.48286849385047814 0.03896680456581447 0.032047318548205306
0 0.4510316185002683 0.8172380652947312 0.04001440473241247 0.03453420892764636
0 0.459228515625 0.934326171875 0.06103515625 0.04248046875
0 0.6675876115890311 0.5400015113224449 0.05879118764839175 0.05978972782230785
0 0.6906086896685157 0.6758333207983422 0.049627504164948544 0.06326387859261695
0 0.6121307908164951 0.751363105227238 0.07868285109851547 0.056327621225851665
0 0.6902177471784745 0.9144557017691509 0.07050993764839175 0.06033553737560182
0 0.8196816727692993 0.6419519003326679 0.04568761398117527 0.07868420001013166
0 0.741943359375 0.313720703125 0.06494140625 0.02783203125
0 0.9045686369665364 0.7362757647096103 0.04531821811486603 0.06598888751013154