0 0.09950833194349865 0.17937078312683158 0.05393408921328041 0.06937240613107476
0 0.152099609375 0.01708984375 0.05126953125 0.0341796875
0 0.2131988856293835 0.049311377874710044 0.04652072510489069 0.048625842395345786
0 0.280517578125 0.01708984375 0.04248046875 0.0341796875
0 0.47998046875 0.3623046875 0.0400390625 0.03515625
0 0.576381975745944 0.15256584151502534 0.06219787072260452 0.06922235579835745
0 0.476806640625 0.058349609375 0.03369140625 0.06689453125
0 0.13129645227276288 0.7763836731688244 0.02114466934731629 0.03493573307980835
0 0.06752331521274302 0.8100294936299809 0.04950984284381721 0.062377301140588814
0 0.02294921875 0.77099609375 0.0458984375 0.048828125
0 0.6139677342978324 0.8693395408501376 0.06591912201922479 0.0669401170388435
0 0.63818359375 0.97705078125 0.0869140625 0.0458984375
0 0.506103515625 0.901611328125 0.09228515625 0.07275390625