0 0.10920983511085658 0.17041015625 0.06990254509990224 0.06396484375
0 0.1810313612596146 0.23388671875 0.048506989870150674 0.05126953125
0 0.882223313154842 0.310546875 0.04562505840447928 0.06591796875
0 0.9168573654400638 0.240234375 0.030010324338459515 0.05908203125
0 0.97607421875 0.392578125 0.04296875 0.0341796875
0 0.99072265625 0.203125 0.0185546875 0.056640625
0 0.5771484375 0.397216796875 0.033203125 0.02490234375
0 0.8609306447512557 0.15966796875 0.041555008433533214 0.03564453125
0 0.8158382774819004 0.08740234375 0.035709245516717836 0.0498046875
0 0.30963655302499266 0.884765625 0.026042706220946177 0.0302734375
0 0.154103803485389 0.8251953125 0.024519840502637447 0.0224609375
0 0.1627431330703598 0.66943359375 0.03040309351980186 0.02978515625
0 0.23702013252503462 0.607421875 0.02764412577552333 0.0322265625
0 0.32668647047090404 0.56298828125 0.023044730818657655 0.029296875
0 0.36652736156244736 0.60205078125 0.025759288677811742 0.033203125
0 0.3389615621368265 0.6337890625 0.03191569330413069 0.04443359375
0 0.40505717042732325 0.6083984375 0.024533452585821847 0.03662109375
0 0.4261798015342868 0.54736328125 0.020388194927811742 0.033203125
0 0.16175006731070318 0.49462890625 0.0295392288072146 0.0244140625
0 0.2983458535893105 0.5068359375 0.021579887068657544 0.029296875
0 0.21024679124687395 0.552734375 0.0295392288072146 0.0244140625
0 0.18578383528071407 0.88720703125 0.024178400991194504 0.017578125
0 0.4017271115021068 0.875 0.029402653002637447 0.0224609375
0 0.4251965467358776 0.50537109375 0.021863304611791756 0.0263671875
0 0.4296875 0.92138671875 0.0205078125 0.0224609375
0 0.2085904683868265 0.6337890625 0.02280572316064755 0.02587890625
0 0.3145200479840913 0.67529296875 0.02361156590492608 0.0234375
0 0.269676954306726 0.599609375 0.025711532643483137 0.0185546875
0 0.2947060629000557 0.46875 0.021590153002637447 0.0224609375
0 0.318115234375 0.41943359375 0.02001953125 0.01953125
0 0.18608557597443465 0.50048828125 0.019910179611791756 0.0263671875
0 0.40066286666368955 0.53857421875 0.024192013074379126 0.03173828125
0 0.4287109375 0.419921875 0.0224609375 0.0205078125
0 0.8271484375 0.432861328125 0.044921875 0.04638671875
0 0.8185626463023022 0.5166015625 0.05528825155104655 0.064453125
0 0.5780031075641497 0.75634765625 0.04893032936706665 0.0712890625
0 0.5408658259386822 0.9375 0.0556741009476137 0.06298828125
0 0.9565853312578283 0.64697265625 0.04347041584681843 0.083984375
0 0.86477507166101 0.56298828125 0.034777092901842055 0.04345703125
0 0.7855878080536 0.66650390625 0.06771375859109674 0.08154296875
0 0.8038688889717132 0.80224609375 0.04351482573194243 0.07763671875
0 0.98291015625 0.783935546875 0.0341796875 0.08447265625