0 0.2959672255829683 0.15357967569059588 0.0521603206772453 0.05256509880827043
0 0.38528416795402187 0.08069847107230554 0.05971205258142498 0.05702634491840963
0 0.3797665183252287 0.1253540632663612 0.043968480206966754 0.062153009726103436
0 0.43798828125 0.02783203125 0.0517578125 0.0556640625
0 0.49282461532848 0.0788691846329217 0.03791484699442793 0.050027262578668075
0 0.44580397072956146 0.2268116953963213 0.04557070388096074 0.07296919670745527
0 0.39195083750819926 0.2333230731206753 0.059351519660682195 0.08422209595570584
0 0.1351800429716687 0.11812302631703747 0.0637224275637781 0.07580303086246531
0 0.1567348323724438 0.04016787914337938 0.042660279570433945 0.039692072226103436
0 0.01708984375 0.019775390625 0.0341796875 0.03955078125
0 0.005859375 0.320068359375 0.01171875 0.06787109375
0 0.12782094296222113 0.45313553280013885 0.03758756901532606 0.06944751335664012
0 0.174710390354326 0.4743749022232203 0.04696467759024836 0.04682400765151096
0 0.1626127555239849 0.5151539595367391 0.05645072694489206 0.034417408455705845
0 0.196533203125 0.5400390625 0.05126953125 0.0390625
0 0.521728515625 0.530517578125 0.03564453125 0.05810546875
0 0.4690398591219729 0.4705447466142736 0.05875429763096074 0.07396818970570584
0 0.49269914519890945 0.3564567869406155 0.039801462111146435 0.06572626206001997
0 0.6377422997958135 0.34888373780015847 0.051548651255418854 0.06710253708624259
0 0.7360127568153215 0.11393015792254402 0.061025069015326006 0.07122350090908558
0 0.627685546875 0.03369140625 0.04736328125 0.0673828125
0 0.0432352451730634 0.645622059900954 0.05020237987987697 0.06068088135489072
0 0.18214999199922266 0.7561411686888464 0.0513023305517033 0.04618044281759448
0 0.008544921875 0.857666015625 0.01708984375 0.06494140625
0 0.3673468769530913 0.8315550198252278 0.07608610192724519 0.05437808610139183
0 0.4384802076194989 0.9039450600204564 0.04384509203514053 0.07672744774475149
0 0.26889686851114414 0.6105357729400193 0.037819897966874017 0.06508998184731615
0 0.40942301496609657 0.6766952874592636 0.04421044075325131 0.04126791519813128
0 0.2111349476921004 0.8594342186101783 0.04158876804287992 0.05468079201339959
0 0.183349609375 0.98388671875 0.03955078125 0.0322265625
0 0.27235082604240907 0.9184780968502777 0.05579135518931999 0.08152169152097422
0 0.49868444596841743 0.7550035562588062 0.037393310802787294 0.05776576309731618
0 0.5146484375 0.575439453125 0.0498046875 0.03173828125
0 0.4469975035091298 0.7326693404924842 0.03549706409133213 0.05859432663461239
0 0.715087890625 0.582763671875 0.06005859375 0.04638671875
0 0.874986204489775 0.5988388768036574 0.05165759203514031 0.07731944359556664