0 0.10111290854321633 0.19051517070950535 0.037530375882453615 0.031889223569148584
0 0.06692277080894832 0.157925700335888 0.039829706799257736 0.027049025973758467
0 0.01611328125 0.209716796875 0.0322265625 0.03076171875
0 0.046063527275010174 0.1368163364964552 0.04149868113286598 0.01731749289744644
0 0.09417980779094834 0.11011070109702298 0.031040644299257736 0.026895612317162865
0 0.00927734375 0.0166015625 0.0185546875 0.0244140625
0 0.062744140625 0.005126953125 0.03662109375 0.01025390625
0 0.18095179495775243 0.11347642299291033 0.04219485026552583 0.04124327414744644
0 0.23804999666014415 0.6402650702644008 0.043574448815608235 0.03833915559021239
0 0.4404886316065566 0.5093548107791543 0.041417193231999994 0.048062165685602454
0 0.5264244882807834 0.776273085942134 0.02981732861569064 0.03517082462439691
0 0.5514912756505976 0.8875951592986591 0.029148106731587742 0.06248900568163096
0 0.44775390625 0.97314453125 0.05078125 0.0537109375
0 0.49967451904404103 0.6557077607592968 0.05026308586527839 0.05016870434219811
0 0.5096488535895876 0.49741088296915503 0.04304354496564944 0.03686578885929037
0 0.3352950498567628 0.5185114704273803 0.046362060982412356 0.0335074809757443
0 0.10220295580208216 0.9481451078041159 0.031021211648804115 0.043000370586240955
0 0.09353882546579356 0.8433691905962435 0.046495153899422714 0.021308972706666207
0 0.12326503760923696 0.6100584542429103 0.033348957632247433 0.03913673549085073
0 0.27543894336459773 0.7977352189051103 0.04195332219909287 0.03294249289744644
0 0.37076286841921613 0.9600505078161042 0.044233220465443424 0.0442070535711343
0 0.6476594919510925 0.9034857340761069 0.029551142781670148 0.05956784116255287
0 0.5956415403970925 0.7623760331321346 0.016566454498144534 0.06617365817765952
0 0.4467913757756288 0.5946506158725587 0.03817493999896904 0.037268840300070605
0 0.36971315427933993 0.7277650005108559 0.02984051856519576 0.05274042664347489
0 0.39923359251340185 0.753115481943693 0.014703799815195984 0.05247621423489357
0 0.397059839915505 0.8278225131936932 0.03696583184872182 0.046032333857304764
0 0.67431640625 0.65478515625 0.0087890625 0.05859375
0 0.7907097522021855 0.341390750053763 0.02299559864901035 0.035539784141489145
0 0.9617807940752988 0.5672922912481618 0.04309514998179376 0.05541195337836835
0 0.8686947908422679 0.5796538451233383 0.02879291839859799 0.05028197443163096
0 0.7622030984432575 0.6166510590024862 0.031884113882247433 0.039111166548084775
0 0.706118035060804 0.6488641558466701 0.027475375098927834 0.03854617846978692
0 0.6889728289956081 0.7013829849861735 0.01603179334913407 0.031025931158581432
0 0.7020068328143091 0.773384397577592 0.01640641433257728 0.027128204139503342
0 0.7176953558828039 0.8380189765144008 0.03126796483237115 0.034708112317162865
0 0.7199056843006388 0.8794632218979469 0.025598512882659796 0.024360453277020966
0 0.7645471659332987 0.8547703723649686 0.020397909532494873 0.03012607548687929
0 0.8639097877497317 0.8447394259878064 0.03408399206581447 0.03085300020269477
0 0.9238958760150513 0.7958651057771686 0.01557192716577327 0.03199397067765952
0 0.9178121161181028 0.9043146811627005 0.02925278458195879 0.04931393491255287
0 0.7717412274024533 0.9429788189965289 0.029314839832371153 0.03467402039347478
0 0.7775849270510513 0.8930974246682312 0.020900398315814472 0.0306228797178012
0 0.7499996489846182 0.901875492849862 0.027731110698680395 0.04733524096978714
0 0.8300854640904123 0.5144432837898627 0.02497713871564944 0.03655043856517709
0 0.8234902329939586 0.6404709841753946 0.030779683582371153 0.034699589336240844
0 0.8154892777617524 0.6806293684083023 0.02128922683257728 0.02721343394872322
0 0.9699708506949071 0.6715884501869562 0.02263518519888663 0.03992579241056715
0 0.9225664146630308 0.7241474228936224 0.02411946159934031 0.023846603084255125
0 0.738037109375 0.982421875 0.02880859375 0.03515625