0 0.501945056567018 0.043558302816701255 0.046405070659598646 0.06861886789880423
0 0.4728293593072641 0.15716256878400026 0.04598329929287992 0.053008075432123825
0 0.3334604974526204 0.13990141297127856 0.05038746213761658 0.03656279579863919
0 0.306640625 0.024169921875 0.0517578125 0.04833984375
0 0.022799410235593204 0.0824403328301031 0.03865908054288 0.05279496243232984
0 0.21732960594813205 0.07636197355797947 0.042489189064861876 0.08507835506560824
0 0.22740506829751017 0.2644728974907218 0.06324377790851476 0.056435026598309346
0 0.625 0.0205078125 0.029296875 0.041015625
0 0.298484969552929 0.2029569745888249 0.04989436509024836 0.044835161981999994
0 0.747011352253711 0.044757606887876444 0.04530993578514031 0.07492390154884543
0 0.774169921875 0.296875 0.05126953125 0.025390625
0 0.985107421875 0.276123046875 0.02978515625 0.06689453125
0 0.012451171875 0.359619140625 0.02490234375 0.05615234375
0 0.15969868609395924 0.40427157107721656 0.05744609699442793 0.04895452498179376
0 0.14718936713157357 0.5266738819607011 0.03610391771579019 0.050770799765731955
0 0.1966011780490649 0.5936521905925362 0.038521700618886046 0.04206698246564944
0 0.08807980801717585 0.626199479578866 0.04156032889860756 0.052391926382247433
0 0.15287992982568832 0.7312869156602063 0.03339692757260149 0.06287837828249487
0 0.195042752191323 0.7295790760256908 0.044195993361146435 0.06416750651552583
0 0.12314774734673961 0.8218851327442269 0.023740243352323054 0.07283392633278352
0 0.05280726384240453 0.8707057431461238 0.0454853864481434 0.06956701533216503
0 0.008056640625 0.831298828125 0.01611328125 0.03857421875
0 0.0738895863050966 0.9706082512287011 0.032368302581424924 0.053586826999175274
0 0.109619140625 0.968994140625 0.03369140625 0.06201171875
0 0.14599609375 0.9716796875 0.033203125 0.056640625
0 0.28271484375 0.970703125 0.0615234375 0.05859375
0 0.2795351272707336 0.8156751483731755 0.03699034698560455 0.05762094479905144
0 0.2806298065052543 0.7716872132732167 0.039730592070433945 0.037715073815608235
0 0.24890942152491546 0.6528890368909692 0.036103917715790246 0.050770799765732066
0 0.33306833590804374 0.5599616060054229 0.040010167715790246 0.050884460032288636
0 0.28993767135727094 0.4775145802401033 0.04902192757260149 0.0633330193487216
0 0.3441788653637736 0.4027918736387012 0.03334486508142498 0.05361524206581447
0 0.4530958458177955 0.6069847281186393 0.041754587111146435 0.06409646884892783
0 0.552210756850615 0.45041922674944357 0.03699034698560455 0.057620944799051554
0 0.541133482336526 0.6154156666494848 0.02646168088761658 0.035866626665979395
0 0.5712892587419427 0.7106910978318147 0.0405837663986075 0.052363511315608235
0 0.540029627147206 0.693151838132722 0.034639073965790246 0.05072817716577305
0 0.48622855641702034 0.6847388644342476 0.05458291937770943 0.03327269484851536
0 0.48364059428822714 0.7291724581842477 0.040754401264242235 0.055293198815608235
0 0.43994732956918564 0.8159406880520003 0.03480970883142487 0.05365786466577327
0 0.3944759348732098 0.8576591751198765 0.033017587102323054 0.07310386946585568
0 0.54345703125 0.9833984375 0.0390625 0.033203125
0 0.6184601043391532 0.9253150418968044 0.03760156076749355 0.09322285344909265
0 0.570556640625 0.97900390625 0.01904296875 0.0419921875
0 0.6686999030761592 0.3879520452703301 0.03983953285015551 0.047954772532288636
0 0.8325729606609886 0.4127737227823508 0.06223877626424246 0.05591833028167015
0 0.7423643175828152 0.4248221816848662 0.05365360357151783 0.05079398971523713
0 0.7038036349450453 0.34788832500274247 0.0464195180517033 0.04375914674876291
0 0.8388671875 0.34521484375 0.056640625 0.0712890625
0 0.753653031541172 0.5753070343009693 0.03221165946795779 0.07600514189921648
0 0.9117962850150083 0.7740847046128663 0.055900751608978894 0.03916048491515456
0 0.8604467077694966 0.8327509600975467 0.06069824667616164 0.03783771649835055
0 0.8262727473467396 0.9408278494483302 0.05255365289969127 0.06538559708195879
0 0.7732496207465842 0.9862394735164126 0.06191195392507787 0.025199234131628945
0 0.7497311634711977 0.9449591305004745 0.04662822365634711 0.03060396806540222
0 0.7175851026066468 0.9342416007680621 0.046362639763158464 0.04278258424876302
0 0.653076171875 0.674560546875 0.02685546875 0.05908203125