0 0.2893836380929299 0.0620181191723983 0.03830422241256004 0.05672140824310645
0 0.3738519822870511 0.1906561092424739 0.03794110309962173 0.059306631532013654
0 0.3324863529496571 0.2299509395076559 0.03660142128668342 0.06185396806540192
0 0.399169921875 0.3170572916666667 0.07177734375 0.06510416666666667
0 0.31241735570667073 0.27231851115142236 0.05207577787583073 0.08974707602042613
0 0.145751953125 0.3313802083333333 0.04541015625 0.036458333333333336
0 0.12333315903008346 0.2517116368109414 0.04869565709786838 0.07012110913162879
0 0.012939453125 0.23795572916666666 0.02587890625 0.044921875
0 0.02709510188838027 0.063746114740316 0.04520274088109094 0.0582886988650723
0 0.2844965135370511 0.19412274737245339 0.03148065141080669 0.06685392424338144
0 0.826416015625 0.3118489583333333 0.03759765625 0.07552083333333333
0 0.9637305863498975 0.24770346908904428 0.026917301241232927 0.05303050222130586
0 0.9125672930509403 0.2373416754648794 0.03109279910137497 0.048643700954474234
0 0.8259777534145433 0.17311892363928494 0.051538030632844345 0.04813723948703785
0 0.7017898090508484 0.059668278789965425 0.023599761431801536 0.03470661866584194
0 0.4130949192275736 0.5959879031963983 0.04024423243701569 0.09708599157643978
0 0.451416015625 0.5680338541666666 0.03662109375 0.08658854166666667
0 0.23583984375 0.3772786458333333 0.0634765625 0.055338541666666664
0 0.16845664038851815 0.8186223911876013 0.04949028570275027 0.09679487408720296
0 0.44921875 0.8658854166666666 0.041015625 0.07421875
0 0.607666015625 0.9697265625 0.03564453125 0.060546875
0 0.5385329860072894 0.9229325425029827 0.056057723819906036 0.05091189655353956
0 0.5910344641645893 0.8344686064381303 0.036626154283176615 0.08264941464321662
0 0.6425061714424137 0.5342007847284121 0.03866734172549835 0.0541361849541994
0 0.8089205182954964 0.397779023489979 0.026479234461517454 0.04391591888797253
0 0.897351884447674 0.5555055114047006 0.03991315208564039 0.04963572342081098
0 0.8450818061784786 0.6290144325139789 0.03886164211886323 0.03789803004305151
0 0.795166015625 0.9733072916666666 0.03271484375 0.053385416666666664
0 0.70751953125 0.994140625 0.037109375 0.01171875
0 0.948974609375 0.9876302083333334 0.03759765625 0.024739583333333332
0 0.8886561237310804 0.939241227182845 0.05016705833564061 0.05003353435375946
0 0.503009874307862 0.6682785768567422 0.031405703944029195 0.0551541176211409
0 0.575541753258813 0.4672671727924396 0.035556468807678154 0.02997186977649487
0 0.48095703125 0.3909505208333333 0.0224609375 0.057942708333333336
0 0.9414334072362947 0.8754600443180477 0.03337119544227596 0.06562761442108596
0 0.9031719145210407 0.43441176140470056 0.045540378720238195 0.0855945621095533
0 0.7463099682885748 0.5444698185545563 0.036038192569905814 0.050135218065402075
0 0.6767578125 0.3782552083333333 0.044921875 0.057291666666666664