0 0.284937717157758 0.13240456803617495 0.040149127494385484 0.0606339142822383
0 0.1600431149017183 0.060516156772177365 0.0537915467326604 0.032422198621560705
0 0.08255365426215039 0.04760697383507928 0.0431919707908609 0.05003099833641356
0 0.1382425673680312 0.4136156287304251 0.06192181641287631 0.027877617038843283
0 0.38867349284472263 0.4082171399941492 0.04709822079086079 0.0501901658268995
0 0.510498046875 0.323974609375 0.03857421875 0.06689453125
0 0.3552316102506379 0.0928488019238548 0.04804068097690406 0.04925339519952099
0 0.049978372664648274 0.4412246723855583 0.04291915227920662 0.04221849833641356
0 0.7961294784379569 0.09586638127296476 0.04885293420949355 0.05855063488583179
0 0.893310546875 0.45654296875 0.06298828125 0.0263671875
0 0.6748046875 0.4501953125 0.0498046875 0.0390625
0 0.1743800264202628 0.5339185261403153 0.02167349347690406 0.048179014638740636
0 0.14397793771695078 0.584851488093806 0.029189921505898053 0.026056308056023436
0 0.20241202500177186 0.5687042088874064 0.022315235139709566 0.052593441825051546
0 0.23032775628652208 0.5303471838160513 0.020447365924601613 0.05495526432980835
0 0.25588115550198454 0.6337815634500348 0.027697177744314683 0.03916031806078024
0 0.2527608144731323 0.6980158331506167 0.022769414075752836 0.05163677526136223
0 0.24887937368262586 0.7544177069148876 0.03709387959316335 0.04295630960068442
0 0.35704220648521184 0.835863666658009 0.023756825430357842 0.038024588070294296
0 0.4342603629668799 0.5757133723850114 0.03185919509899049 0.04664370430126641
0 0.07470703125 0.47412109375 0.03125 0.0087890625
0 0.112060546875 0.4736328125 0.02490234375 0.0078125
0 0.37962246068767336 0.5330173715771399 0.021093754139638765 0.031577452138740636
0 0.2767067583803942 0.7833440146619788 0.019038322197768354 0.028568180893497663
0 0.225341796875 0.4775390625 0.02783203125 0.015625
0 0.3216425523388955 0.5482079842198502 0.020458214779206507 0.04130328526611926
0 0.6241149369836525 0.665259492394252 0.02267795598848732 0.03505510869767292
0 0.6654777874255938 0.690836636358044 0.02648189904661713 0.032284588688158866
0 0.537353515625 0.858154296875 0.01513671875 0.04443359375
0 0.5644190640824305 0.6452739591006516 0.030064177064027753 0.02316641242864481
0 0.8896252254370355 0.64487267361992 0.02979756085474672 0.029494172742334124
0 0.8736235442333691 0.5915613164669083 0.03656529372683326 0.027819590850684528
0 0.9353252513556681 0.6550237769468195 0.03851841872683326 0.0278991745959275
0 0.9255394636984062 0.570272577588469 0.025652594657049388 0.02249906775184818
0 0.7799138488496993 0.6028581195089341 0.04047154372683304 0.027978758341170584
0 0.8980128389202628 0.8431745489288522 0.027447612692012235 0.045976359624469554
0 0.8894873018274538 0.9062134008300158 0.04446304951172508 0.03057933208165653
0 0.8449638057403303 0.9297537037531163 0.03699157265129305 0.04002662210068442
0 0.7240808719264443 0.9448191468617402 0.034799731453595495 0.033111100855441666
0 0.54345703125 0.523193359375 0.02734375 0.03076171875
0 0.5508246868148072 0.5910855191291936 0.028765198331579978 0.05578177649709115
0 0.7212890873378324 0.5297693055831982 0.036855163395465906 0.03612037210068453
0 0.8263672371756647 0.7183585972179691 0.03841611178496285 0.02496948709592761
0 0.9576854583621331 0.8485315406587635 0.02609592473848754 0.035194380251847956
0 0.9766586460358841 0.651832119033233 0.03361390851762325 0.05500417336019858
0 0.6403584665834936 0.962861524879981 0.034663322197768354 0.029204850855441666
0 0.9021407125645946 0.5425018957681746 0.022586497901222025 0.01847344213398361
0 0.988525390625 0.55712890625 0.02294921875 0.0439453125