0 0.08444156194535862 0.36890386715978407 0.021678140029135706 0.01965340170013241
0 0.34098144817254616 0.2360903905081957 0.02267795598848754 0.03430467993734476
0 0.3877913343467225 0.3075808197997453 0.018550040947768354 0.027934297789645735
0 0.01596589895040612 0.5963068998241192 0.021189858779135706 0.01965056096292006
0 0.004150390625 0.4443359375 0.00830078125 0.01953125
0 0.05401464333435946 0.5272518697576154 0.02195095854078999 0.02746590170013219
0 0.11188915393917709 0.47760877872819174 0.019560705761725083 0.028916541764070436
0 0.14495744613168532 0.28556084766872314 0.018833708314027642 0.022077763526858085
0 0.14959691657994983 0.1107646823803603 0.02341580229078999 0.027474423911769463
0 0.41750830666700245 0.15558331418912624 0.03219401593618487 0.04119459144437998
0 0.28304028868995673 0.24570294124925662 0.024545825203595495 0.031874636636194165
0 0.521403745069146 0.17540245529916504 0.06689608700014171 0.04237284628645899
0 0.5448226174638323 0.37151539209199747 0.05464410458157998 0.054994299618937204
0 0.5672107037836871 0.3455114934046527 0.03608941708157998 0.05488635160486666
0 0.6055353574813845 0.338453978402087 0.03789528397114772 0.06466049881650382
0 0.494140625 0.25634765625 0.048828125 0.0439453125
0 0.474365234375 0.155029296875 0.00927734375 0.03466796875
0 0.6645305978945445 0.228757975097088 0.038354109459422636 0.03586042727814098
0 0.6854801847258409 0.2579270169225309 0.044957533064098554 0.043221575611901875
0 0.765494751650159 0.28724061079527574 0.05903863583157998 0.05501986625384858
0 0.7817801002200847 0.2402803886789043 0.04097222958157998 0.05491475897699044
0 0.7480980077727415 0.1423517534570452 0.05891307543035795 0.03744458199106093
0 0.6805276325459793 0.14811486894235373 0.05539279973848754 0.034495009330574256
0 0.586672234802019 0.0817799629231927 0.02233228629668793 0.05236540471291998
0 0.8830930558659758 0.07907907293527772 0.059430812442082814 0.06625033500384853
0 0.9543247625926672 0.09428648456505778 0.03729849347690406 0.047570655066503764
0 0.976318359375 0.179931640625 0.04736328125 0.06298828125
0 0.8586960238247605 0.23251017418656056 0.03448196177337959 0.036814263880441844
0 0.8807477128590855 0.39787559591545485 0.07658265851762325 0.054145570293494205
0 0.7687421881321814 0.4458808837754529 0.0740559964827312 0.05168996035743234
0 0.6281404415915333 0.4320534193298309 0.040341336773379366 0.036848352726990496
0 0.5954333351958547 0.5298801135625737 0.05416667218618498 0.04132242461893698
0 0.5202318203934814 0.5444749026060679 0.08248698468618498 0.0414871873772551
0 0.48046875 0.633544921875 0.021484375 0.02685546875
0 0.6728515625 0.66357421875 0.07421875 0.0322265625
0 0.7699869018934105 0.5640136981661167 0.0711666135990614 0.06680679394694566
0 0.8284116960737683 0.5265719569122682 0.0706891812036663 0.053134918946945664
0 0.666259765625 0.009033203125 0.06298828125 0.01806640625
0 0.4853515625 0.010009765625 0.03125 0.02001953125
0 0.55029296875 0.665283203125 0.0576171875 0.02880859375
0 0.9500154664293655 0.24564799059063303 0.030168039756039766 0.06705645327110565
0 0.989990234375 0.295654296875 0.02001953125 0.05517578125
0 0.8179950984010804 0.014041407170586231 0.04863591572100612 0.022739329746813294
0 0.7089797077495748 0.11621750640846043 0.0576977967326604 0.03060296301663612
0 0.0283203125 0.972412109375 0.0458984375 0.05517578125
0 0.11141176294016941 0.9589451665625328 0.03673736104675873 0.07344103910486666
0 0.142578125 0.980712890625 0.0478515625 0.03857421875
0 0.19844364848706997 0.8432278662364282 0.042624636058342213 0.06029437493862755
0 0.26890496234764383 0.8105979190522702 0.06155444901186691 0.07114451045269798
0 0.3040069680746188 0.7420482146590406 0.05990204253510467 0.06576489449106093
0 0.230712890625 0.694580078125 0.06591796875 0.02978515625
0 0.486328125 0.8466796875 0.033203125 0.0478515625
0 0.5545649476080933 0.7463828540946039 0.051486549738487486 0.03447228343287523
0 0.6107172706598997 0.899833514955844 0.052027540209564405 0.07792363320845053
0 0.795614645944579 0.9592923876035022 0.061763709447839266 0.04917753567712291