0 0.22696791777618008 0.1510526432954847 0.0488952683459275 0.03814877792309629
0 0.09284807989589267 0.12479443373051224 0.061659385812628476 0.05196269459142011
0 0.17485611071803514 0.07649935913630823 0.0298522995959275 0.037927192920511166
0 0.37647315185386687 0.027300557442531057 0.04017501081262842 0.05171270125517022
0 0.4087245951524978 0.09818053993775855 0.02716136333165653 0.0437524779201135
0 0.5400722514024978 0.09665217158659462 0.02845792243340184 0.027661923337045313
0 0.664794921875 0.299072265625 0.01025390625 0.03271484375
0 0.6312357796821007 0.1590378540738679 0.038062718322142475 0.04778372458823843
0 0.5615516850531475 0.3121202207491516 0.045068602091170584 0.0400564495892326
0 0.526418654231005 0.35986985533699234 0.04339402019952088 0.046869660422300896
0 0.440195964639561 0.2720480945158554 0.04351339581738545 0.049799347922300896
0 0.3714254214601288 0.37875510577460497 0.033261151188158866 0.025765615004374798
0 0.399037744843839 0.2281144874383551 0.044900317442915894 0.023948850005965583
0 0.4750968471960981 0.03835421034574191 0.041193026806023436 0.028786209172102006
0 0.589599609375 0.00634765625 0.03564453125 0.0126953125
0 0.8671751031136543 0.08716166121301305 0.025586261121560705 0.05300709500318168
0 0.9095975456754956 0.1120466178737804 0.040943496791752354 0.03463990250536908
0 0.9769422279236474 0.13615352828116717 0.035082460170978935 0.05848614042110778
0 0.99072265625 0.064697265625 0.0185546875 0.05712890625
0 0.967529296875 0.011962890625 0.03173828125 0.02392578125
0 0.9775390625 0.388427734375 0.0390625 0.04248046875
0 0.842041015625 0.39306640625 0.03466796875 0.033203125
0 0.7813628161607106 0.31266305789008647 0.037892772053114476 0.05559054292150545
0 0.7991324449868228 0.34369147288750135 0.03763412488107476 0.04924288667150534
0 0.673828125 0.339599609375 0.0078125 0.07275390625
0 0.679443359375 0.068603515625 0.01904296875 0.03857421875
0 0.75244140625 0.379150390625 0.03515625 0.06103515625
0 0.0348951321532851 0.4581240487000875 0.06812641768049299 0.05496624375894843
0 0.0087890625 0.599609375 0.017578125 0.0576171875
0 0.02197265625 0.732421875 0.0439453125 0.052734375
0 0.024658203125 0.974609375 0.04931640625 0.05078125
0 0.05546020530051199 0.8517408924451162 0.05381621109777557 0.06309657500695987
0 0.08969455223415435 0.4906737820257981 0.04108276834592761 0.03805787125536908
0 0.203369140625 0.42626953125 0.05908203125 0.033203125
0 0.3859710560370283 0.7654146444840386 0.041867827019815396 0.0693021895886361
0 0.48670619130287407 0.616851463637846 0.04481741045612608 0.06982456083903377
0 0.5236845593395959 0.45194841905040306 0.07264944170612608 0.07014841584281206
0 0.5953475558470214 0.8132474515386707 0.05758318954360053 0.0597240595908235
0 0.611572265625 0.981201171875 0.04931640625 0.03759765625
0 0.24984914061338093 0.4648957774208559 0.04049334579360053 0.05952520125517019
0 0.29954608384093007 0.6346468603298335 0.04798751081262864 0.0518036079228974
0 0.12105404515331813 0.918816552852503 0.04701260993340184 0.0278778266728974
0 0.8578471887124908 0.5153335245514503 0.05674756021854899 0.0392162470908235
0 0.908935546875 0.41357421875 0.05224609375 0.0078125
0 0.7401001318211147 0.6382280208167621 0.029971675213792015 0.040856880420511166