0 0.14352396927217737 0.2041015625 0.07174168417282711 0.0830078125
0 0.10575551418627771 0.36767578125 0.06970151989058881 0.044921875
0 0.24072265625 0.3818359375 0.0380859375 0.04296875
0 0.249755859375 0.2255859375 0.02001953125 0.0498046875
0 0.17272221715749525 0.0458984375 0.05019928298466825 0.0576171875
0 0.238525390625 0.034423828125 0.04248046875 0.05126953125
0 0.34125631796509326 0.16796875 0.04404146894000699 0.05029296875
0 0.28848048947169835 0.19091796875 0.049303965850684556 0.03564453125
0 0.601806640625 0.01025390625 0.03076171875 0.0205078125
0 0.8787429067010957 0.04541015625 0.053924807937097974 0.0771484375
0 0.8130529104082826 0.06298828125 0.03810251019476407 0.04833984375
0 0.7502602652798432 0.11572265625 0.04229808208165653 0.04345703125
0 0.7304579277084882 0.14501953125 0.03395750895903504 0.04248046875
0 0.6675127615726564 0.09814453125 0.03236251081262842 0.05126953125
0 0.6477518774946961 0.1044921875 0.02825730144952099 0.04638671875
0 0.48924532858771475 0.1689453125 0.03834126143049299 0.05419921875
0 0.4749459007835395 0.16552734375 0.02520823833165653 0.04345703125
0 0.43267350855441566 0.1826171875 0.04339568182029435 0.0224609375
0 0.4486441950086937 0.22705078125 0.04539771585068453 0.03564453125
0 0.3530794889959973 0.38623046875 0.042538494938158866 0.025390625
0 0.372314453125 0.4052734375 0.03759765625 0.0087890625
0 0.8653768827697823 0.37646484375 0.05903891613583179 0.046875
0 0.8590143154457918 0.30419921875 0.05482344831262842 0.05126953125
0 0.7753192623326843 0.29931640625 0.05629907084117036 0.03955078125
0 0.8131531991437381 0.197265625 0.03488350080787139 0.05322265625
0 0.61540508680996 0.25732421875 0.04615376143049299 0.05419921875
0 0.991943359375 0.14404296875 0.01611328125 0.0341796875
0 0.9873046875 0.183349609375 0.025390625 0.03564453125
0 0.9593789269716984 0.19091796875 0.040386410575051324 0.0205078125
0 0.02294921875 0.80712890625 0.0458984375 0.080078125
0 0.18619180955284098 0.5078125 0.06022355515670785 0.06396484375
0 0.244140625 0.620849609375 0.03125 0.06005859375
0 0.07292547062683163 0.580078125 0.06542470263767974 0.07177734375
0 0.010986328125 0.572265625 0.02197265625 0.046875
0 0.005615234375 0.647705078125 0.01123046875 0.05126953125
0 0.06751705567888533 0.68701171875 0.04653344584117036 0.03955078125
0 0.15094102122063757 0.72119140625 0.055640843322142475 0.04736328125
0 0.18749910392015856 0.767578125 0.03842084517573596 0.05615234375
0 0.2373046875 0.842041015625 0.044921875 0.03662109375
0 0.9455636481220746 0.53662109375 0.054921266373408884 0.07763671875
0 0.9462890625 0.441650390625 0.05859375 0.06396484375
0 0.8260847922047918 0.5283203125 0.04016423203408648 0.06298828125
0 0.75244140625 0.431884765625 0.0419921875 0.04443359375
0 0.8147399326992475 0.45361328125 0.04625324111204687 0.056640625
0 0.9759556086730675 0.6953125 0.044009132604380774 0.08544921875
0 0.99658203125 0.81298828125 0.0068359375 0.0673828125
0 0.9392341826746422 0.8486328125 0.027819590850684417 0.03564453125
0 0.8824965486677636 0.9541015625 0.04234699111204687 0.056640625
0 0.8239914995707752 0.96826171875 0.030519644272724245 0.0419921875
0 0.5776929962914459 0.9033203125 0.0446076723144766 0.076171875
0 0.5080279450319318 0.9072265625 0.04438881701505837 0.07080078125
0 0.4086067506164972 0.923828125 0.03561053329360042 0.05908203125
0 0.3904549667050323 0.86181640625 0.0298721955322383 0.0380859375
0 0.3366313000702614 0.76318359375 0.02693172925369622 0.0498046875
0 0.40665034588792026 0.68408203125 0.03625798203408642 0.06298828125
0 0.5004360054650933 0.60107421875 0.04243569201505837 0.07080078125
0 0.4818606129748807 0.46875 0.035082460170978935 0.05810546875
0 0.446044921875 0.42919921875 0.02978515625 0.0390625
0 0.4166622211736144 0.4384765625 0.030179751734668192 0.0576171875
0 0.5576171875 0.414794921875 0.0322265625 0.01025390625
0 0.550858319557598 0.46044921875 0.04864573833165653 0.04345703125
0 0.6350507275655044 0.76513671875 0.05123553329360042 0.05908203125
0 0.5979181333876469 0.8125 0.050269749572142475 0.04736328125
0 0.7555815974325815 0.69140625 0.02835678113107476 0.048828125
0 0.279541015625 0.437744140625 0.03271484375 0.05615234375
0 0.5296988389957238 0.94775390625 0.04024547740010276 0.041015625
0 0.586181640625 0.980224609375 0.02685546875 0.03955078125
0 0.7800951396141352 0.69384765625 0.02618480083165653 0.04345703125
0 0.6902447866440116 0.501953125 0.027808812072142475 0.04736328125