0 0.4885981803247781 0.1672364070992478 0.046396461650207055 0.06806750657215588
0 0.522409402481224 0.09485113848502591 0.03070173021055589 0.06043828725683653
0 0.5839024024872854 0.25345056712319924 0.04373587642238319 0.053342299864221676
0 0.6064453125 0.21044921875 0.0068359375 0.056640625
0 0.598876953125 0.376220703125 0.02197265625 0.06201171875
0 0.59814453125 0.052490234375 0.0234375 0.05908203125
0 0.27486981101431085 0.3843928874808862 0.0428788880701656 0.05475596414226569
0 0.346435546875 0.43701171875 0.04248046875 0.0458984375
0 0.18480720438137177 0.27828922115324206 0.03358165558864579 0.042113907380638915
0 0.46533203125 0.017822265625 0.0419921875 0.03564453125
0 0.737274008247398 0.16573491774221133 0.04390529327829684 0.04946163960019989
0 0.8529459353408337 0.42937637593442624 0.03163851524751626 0.03617776317270471
0 0.8127877016241571 0.30986918956506515 0.052853787975339905 0.05187537984780466
0 0.8052447874136606 0.15138457746930664 0.04494168314529867 0.03833352979411209
0 0.63330078125 0.17822265625 0.046875 0.03515625
0 0.9207572823100532 0.4130729106615215 0.020029274150207055 0.06668566082934135
0 0.7530382293680367 0.2507235212446065 0.04009872869455933 0.03856591368433171
0 0.6905577151684505 0.3863979191413136 0.03258512377090472 0.05373029843672672
0 0.7229436292792725 0.4106902617606747 0.017448405020904723 0.05293701662140737
0 0.13344901999485503 0.690664874845108 0.05143870634725012 0.07027652893193648
0 0.38434562463766997 0.7486196086341281 0.040477339869426476 0.0551162967123755
0 0.39102172700952087 0.8664489282999965 0.055534423107125974 0.031109593721607265
0 0.43367274082253093 0.5238968188191576 0.04529050151599634 0.024738424002046233
0 0.5423600887400059 0.5397770416399652 0.048210204357125974 0.030725747681936477
0 0.42608932387300413 0.5571490470246966 0.0543884437512121 0.03493907451367306
0 0.5508893083507095 0.7644099301095262 0.05342178532386166 0.052877532083782874
0 0.2631620932940566 0.7839024055865742 0.048489210701951446 0.03414371643193648
0 0.1909163570255764 0.7999478972332813 0.048788186364518094 0.025894114653892575
0 0.4912293756795386 0.7484121399409138 0.05342178532386166 0.05287753208378276
0 0.681640625 0.973876953125 0.0771484375 0.05224609375
0 0.6986193481228857 0.8263351728584793 0.04266969375121232 0.03432492085019989
0 0.7509948395070962 0.8672332305106747 0.03454815284355406 0.07182229442270471
0 0.7686530029505025 0.7711760017398162 0.03654121647903619 0.048589512310529104
0 0.730856701143968 0.5784798836088283 0.0524353187512121 0.03483671556976087
0 0.8179600692314015 0.5822512815907139 0.050163329357125974 0.030828106625848672
0 0.9078132397867238 0.7398547867921604 0.034129683619426476 0.05478363014466092
0 0.8924868931044055 0.8284342583971507 0.036601043846037795 0.03741022303248531
0 0.8509029484109993 0.9257453842309334 0.057646899717947786 0.056988499971607265