0 0.21339416730339106 0.103515625 0.037945531221607154 0.05322265625
0 0.24210040210947886 0.10546875 0.026896266889870568 0.04736328125
0 0.28513969251816174 0.076171875 0.04858535977769507 0.05126953125
0 0.3743112060445083 0.1728515625 0.05716970438987068 0.04736328125
0 0.3525128508745476 0.2626953125 0.04359603580094862 0.06787109375
0 0.30223441598946726 0.32763671875 0.04082819178248531 0.03369140625
0 0.2983855742606747 0.3544921875 0.04229303553248531 0.03369140625
0 0.2536006275452062 0.27734375 0.07225524366791447 0.04638671875
0 0.14282924793747193 0.23876953125 0.05174743116791447 0.04638671875
0 0.15845149713208195 0.34130859375 0.06418061750888271 0.0693359375
0 0.0573371547811842 0.27685546875 0.04524623650204623 0.04345703125
0 0.01953125 0.3955078125 0.033203125 0.0087890625
0 0.42710439104315995 0.32080078125 0.046939311609431544 0.05712890625
0 0.4584415415831796 0.36572265625 0.04267480530573886 0.05029296875
0 0.5103660246365234 0.306640625 0.03801814789670699 0.0732421875
0 0.5414175355479502 0.33837890625 0.048892436609431655 0.05712890625
0 0.512939453125 0.387451171875 0.04833984375 0.02490234375
0 0.593505859375 0.191162109375 0.03271484375 0.06005859375
0 0.6510117346511958 0.24365234375 0.048794230198353494 0.03662109375
0 0.6892276970975031 0.25048828125 0.06544281963747545 0.05615234375
0 0.7871612816604274 0.2265625 0.05096935775648759 0.078125
0 0.7169421609996984 0.29931640625 0.057738907380638915 0.0302734375
0 0.8034315793201571 0.35400390625 0.03781965880813409 0.04150390625
0 0.8198726474165661 0.09619140625 0.06945558111422168 0.03955078125
0 0.8740234375 0.020263671875 0.0673828125 0.04052734375
0 0.035251758255186505 0.74609375 0.0413932422404194 0.03515625
0 0.2356635717025406 0.90966796875 0.026075319072155878 0.041015625
0 0.17125191938138407 0.75048828125 0.020834250268463306 0.0341796875
0 0.09835277978118417 0.79052734375 0.04219067658857312 0.03173828125
0 0.0048828125 0.5478515625 0.009765625 0.02734375
0 0.9140369629135204 0.46044921875 0.04077285977769507 0.05126953125
0 0.9284952163906157 0.529296875 0.024787527207585258 0.0537109375
0 0.98583984375 0.83154296875 0.0283203125 0.0302734375
0 0.7739023730794361 0.814453125 0.02938470007899252 0.06689453125