0 0.381103515625 0.255859375 0.01708984375 0.037109375
0 0.2568361130076908 0.2211230447761089 0.04682192716577327 0.03548493788051443
0 0.2317229457388662 0.30001525178471333 0.0389331643820412 0.04896750729308108
0 0.19873046875 0.38134765625 0.0400390625 0.037109375
0 0.282470703125 0.38623046875 0.04638671875 0.02734375
0 0.314453125 0.372802734375 0.0380859375 0.05419921875
0 0.347900390625 0.362548828125 0.04541015625 0.07470703125
0 0.11865234375 0.38525390625 0.0478515625 0.029296875
0 0.13091344500480429 0.33418463228095807 0.04256947124896904 0.04000902793716743
0 0.12174224692325791 0.27130594051987 0.04634262833195879 0.0524950655319929
0 0.0669605193071548 0.2557106527378179 0.035069536981999994 0.05011348664899473
0 0.07060122962832999 0.09487681590038444 0.06686987348241236 0.038095680400206944
0 0.1824370685287836 0.06959618332040224 0.06905031901552583 0.04606761259725012
0 0.1190898416467423 0.028759718076522847 0.048395206065195984 0.05607246647903605
0 0.025146484375 0.238525390625 0.05029296875 0.04443359375
0 0.19827600319146405 0.21024115263814325 0.039824481682123714 0.04611753589160261
0 0.365966796875 0.05419921875 0.04736328125 0.03515625
0 0.3210506455774228 0.1067359152281196 0.035520420749175274 0.03212679649751626
0 0.3136023163265981 0.13671037706555306 0.03896680456581447 0.03338236534234179
0 0.7858427905612784 0.08852988492637504 0.05325858591474231 0.07254447017238319
0 0.8392591271606187 0.10766271560620949 0.035557818231999994 0.0501533446982555
0 0.8760933339104124 0.11199758066165005 0.04523819803208262 0.04802081818347126
0 0.7645596105087218 0.18130324184015387 0.043483978498556786 0.05469732348642814
0 0.6916419067941032 0.11432875273296875 0.04546551856519587 0.055833318183471314
0 0.7220985744091754 0.168617752826582 0.0374541130987216 0.048359651895298617
0 0.664078350859093 0.17629054818861628 0.04047802821482471 0.06857847339160261
0 0.48836520288952595 0.2939059379680663 0.03584196889839175 0.05991896969825539
0 0.6277564369716909 0.32413001627726207 0.04279679178208251 0.04782152793716732
0 0.568603515625 0.39013671875 0.04736328125 0.01953125
0 0.96923828125 0.385498046875 0.0498046875 0.02880859375
0 0.985107421875 0.344970703125 0.02978515625 0.02880859375
0 0.7569027472200415 0.37232081542019524 0.04179181421544331 0.046765249338645676
0 0.7871544625886188 0.30181909041898297 0.040900496915360796 0.049615220740124144
0 0.7935244871252373 0.18432271068376715 0.037653018565195984 0.05519558939529867
0 0.5314609990265156 0.16019675273903022 0.06086319803208251 0.049296275759816655
0 0.6035494406914641 0.6086988637145477 0.03487063151552583 0.04327754914899462
0 0.5087428581086806 0.5968602172218807 0.03265654579863919 0.05089075890269068
0 0.5284080226885775 0.7176152140962745 0.036624851049051554 0.036601043846037795
0 0.4477743360710311 0.7555215083228268 0.02546541996564944 0.038125714963039625
0 0.6126915775511755 0.8556097440175046 0.035776156348927834 0.04091585899751626
0 0.6811577443748249 0.6013848713820817 0.03669588871564944 0.039042450096037795
0 0.71829030932433 0.6159736426875223 0.03144743764839175 0.05956024725490838
0 0.77901061036033 0.5160655337836193 0.040786836648804226 0.0457089707401242
0 0.670189704159794 0.5440367055680368 0.03506055456581447 0.0330635009482555
0 0.4814045087335054 0.9020558066171793 0.03853535344909287 0.03529563229308108
0 0.648077437565258 0.9447361297170315 0.03201720679925768 0.02891810265269079
0 0.7989316860476705 0.9652145523439682 0.03859218358237104 0.03724875729308108
0 0.8058610295008868 0.8501197208094916 0.028347259748556564 0.053461723959343566
0 0.88720703125 0.990966796875 0.0341796875 0.01806640625
0 0.872542447751093 0.837334949310763 0.027977863882247433 0.040766411459343566
0 0.622314453125 0.408203125 0.02978515625 0.0166015625