0 0.2333984375 0.00732421875 0.064453125 0.0146484375
0 0.06566378241164968 0.13527704425097653 0.06558827783399963 0.10112049475195306
0 0.13257165309561658 0.292504423263954 0.0740628929215575 0.06420432258009967
0 0.3953241665703325 0.1629775961119143 0.057133041233001336 0.07317481477951393
0 0.460325974293087 0.16264923958630662 0.049320541233001336 0.07303843631258689
0 0.5848732144185019 0.0746015476573354 0.07248508404923548 0.06954132171336802
0 0.5692158935411256 0.297200565039627 0.07274973616733298 0.10124550834663637
0 0.6930338541666666 0.374267578125 0.033203125 0.03759765625
0 0.693359375 0.424560546875 0.032552083333333336 0.05029296875
0 0.9895833333333334 0.445068359375 0.020833333333333332 0.04931640625
0 0.9384765625 0.44091796875 0.06705729166666667 0.0576171875
0 0.8113112086328074 0.17217375273025182 0.046818733510246936 0.07445782057361106
0 0.7552083333333334 0.01025390625 0.053385416666666664 0.0205078125
0 0.7141927083333334 0.381591796875 0.009114583333333334 0.03369140625
0 0.2633979482316057 0.6356906704731339 0.03929303247012683 0.031897797717903686
0 0.19909050627445415 0.7204007642707901 0.04905588911490392 0.041334249679318535
0 0.13343765688503298 0.7207177559241538 0.039873066485629126 0.040198578967903686
0 0.11632800250565767 0.6433647507237632 0.046312475501131566 0.04860164406809897
0 0.14294326709208402 0.5589720568359593 0.03733713911490392 0.04112968197892797
0 0.19664406565615564 0.5365005709766929 0.04429387956041286 0.03832500807361111
0 0.4249005752485038 0.49025349674552987 0.04419152061650067 0.03686016432361111
0 0.34596590814817185 0.5610530532260636 0.06382512956041293 0.03866595424092889
0 0.5325880017518984 0.6355129150821184 0.047108300825349524 0.02276819730707469
0 0.6242659076766494 0.6912463915850482 0.06923264407112484 0.06021851847439241
0 0.568577864464607 0.7131955015775828 0.034940458691284405 0.034747931112196206
0 0.6017108811987399 0.833744554222852 0.0366575145107122 0.022098078101171925
0 0.5183323547965447 0.868865484836654 0.035688322591417666 0.05475609748995236
0 0.4402977409342685 0.7943504316453345 0.03182726566027968 0.018112273995464445
0 0.426168468734535 0.8340940074669925 0.037919941485629195 0.040164484351171925
0 0.33400458267252536 0.799322530097331 0.029493287822155878 0.03123904338424488
0 0.38312317437292515 0.8601653000321617 0.04007501601823075 0.05239424534565973
0 0.354442322006324 0.7474969366203562 0.050699168927944495 0.04623979192380645
0 0.3201243220441811 0.6937401313748918 0.03572521059461131 0.045978399862196206
0 0.237044567408054 0.7610535298719621 0.030314927728676277 0.033691814506488726
0 0.21500874133007675 0.7713979468434247 0.04152188300911538 0.026572163456879405
0 0.19776627609933847 0.7945058655483509 0.045152407470126686 0.03200008156809897
0 0.16159287275595927 0.8723917949747397 0.04484809899361294 0.018339571440342928
0 0.07453496108337081 0.8362463928330296 0.043199282470126686 0.03196598695136721
0 0.07582043428536733 0.8918649958440539 0.05265506228316733 0.03700790766278217
0 0.09114583333333333 0.984130859375 0.048177083333333336 0.03173828125
0 0.3271484375 0.99560546875 0.043619791666666664 0.0087890625
0 0.42715053284531496 0.9877321281333337 0.04745226566027968 0.018385030929318535
0 0.380859375 0.9697265625 0.053385416666666664 0.060546875
0 0.46160964872448923 0.913230072840213 0.03435488796533637 0.0449791076177084
0 0.5101823260573574 0.9662603427750438 0.03277984744823718 0.04105012787322049
0 0.5929411620856339 0.9408823074167539 0.033635607002728087 0.043991180245464445
0 0.6721995161490392 0.8188814089196836 0.03493769033606172 0.04401390998995225
0 0.08021730174777437 0.7407592004056642 0.06580960585316083 0.048454308985416694
0 0.6879563574157737 0.9513192763921229 0.04035627826766497 0.02850255871239149
0 0.6540819128772503 0.9039101273966584 0.052797077585495934 0.020429074907269973
0 0.12945860046327443 0.5055789275023005 0.08051337535795107 0.035543472169270895
0 0.037356447402132176 0.7229420048320531 0.03979929047924206 0.05775397422341588
0 0.2931521502320078 0.940525913812305 0.05265506228316733 0.03700790766278228
0 0.9817708333333334 0.891357421875 0.036458333333333336 0.04150390625