0 0.196533203125 0.00927734375 0.05322265625 0.0185546875
0 0.19808088987908223 0.6107886310761087 0.042275377556768134 0.06996360104308108
0 0.24288983960530325 0.538821820566233 0.03662086626363381 0.07241499195195145
0 0.1975006701959955 0.6893122115687167 0.03679158601935528 0.07485639820195145
0 0.06884765625 0.744873046875 0.052734375 0.01025390625
0 0.2954403377391298 0.7002533669701358 0.0373242771544795 0.0685884580504732
0 0.3786527864596293 0.6338767486018626 0.05191803883537527 0.08288807717977509
0 0.4174387887012705 0.6620873104405085 0.04991715780104666 0.06815992358125378
0 0.503662109375 0.562744140625 0.03173828125 0.06982421875
0 0.51171875 0.642822265625 0.015625 0.06591796875
0 0.23249152782048588 0.2310552661142814 0.04178709630676802 0.0699237429938202
0 0.082275390625 0.0244140625 0.04248046875 0.048828125
0 0.10712575531914614 0.09265289631756346 0.042432485229304984 0.05832456714160261
0 0.11540288603834797 0.17091735919686568 0.03228101083273793 0.058952391857125974
0 0.07194250863914342 0.18848566071043749 0.045030999151841944 0.046884823486428084
0 0.08031872506257354 0.2864009477375221 0.03276929208273793 0.05899224990638663
0 0.3723923575753142 0.15457402786173846 0.05138200155104666 0.06827949772903608
0 0.505615234375 0.250244140625 0.02783203125 0.07470703125
0 0.4062317429957023 0.5133609000230335 0.028658178375872145 0.0557436980123005
0 0.19779656239048315 0.3269278885564162 0.045908475947613714 0.06637621543716721
0 0.16312502000491236 0.2749908357140744 0.032291276766717836 0.05215631240638674
0 0.5765619804912365 0.14939360966493193 0.04349786749955342 0.04578868683864579
0 0.6488722428627269 0.23190291449739797 0.05202739047358351 0.056680321876818374
0 0.5523155190841197 0.23629776809228265 0.052822967283882194 0.06111471117607925
0 0.5840642937544658 0.31598713608610285 0.03388935017209038 0.033352491951951446
0 0.6968882877927718 0.41604453135573616 0.04508567497094618 0.033780945834949616
0 0.7575956166145132 0.4116697276648136 0.021549089266717836 0.051279435322649336
0 0.8328587620440695 0.27638570626575976 0.03419999188159362 0.05862354280416904
0 0.9362989518706393 0.18759791251939667 0.04535525294452969 0.08623631449012414
0 0.98046875 0.0166015625 0.0390625 0.033203125
0 0.887939453125 0.019775390625 0.03369140625 0.03955078125
0 0.7077797532350685 0.11983721412052031 0.057999463260996365 0.05182738276720872
0 0.8573893234534192 0.4031194911154936 0.03543274775835892 0.02765254914899451
0 0.548095703125 0.43505859375 0.05712890625 0.064453125
0 0.5981635368596849 0.4865566439469249 0.043545623533882194 0.060357408240124144
0 0.6411936549771982 0.46109612633483144 0.036457066292687634 0.04230098664899451
0 0.7274351043882923 0.4848322796525132 0.03726290903696616 0.03993929649751626
0 0.6816083009397854 0.45899339262421646 0.04614413745641921 0.048917664584949616
0 0.9682262760269471 0.5737285346806917 0.029849870516717836 0.05195702216008269
0 0.89208984375 0.71875 0.048828125 0.0625
0 0.5478815165027635 0.6999954581501477 0.03812677374955342 0.04535024829677692
0 0.964131665579738 0.4005382190550856 0.0554214812064191 0.04967496752090472
0 0.879047536871979 0.31109337189257824 0.05322242876363381 0.07377016562681837
0 0.6802452065841197 0.8283030315490241 0.033366924970946066 0.03282435265269068
0 0.8281602813829754 0.8408683017250442 0.04081745359154332 0.042171427842341735
0 0.6668569766136201 0.9003793509615907 0.032335686651842055 0.045848514205647506