0 0.3070327401683095 0.04999414433443339 0.04010863234851547 0.05475596414226569
0 0.29848227009857764 0.15826670942096022 0.0455597461812991 0.07454311150204607
0 0.1196217426672786 0.07673759999690699 0.024659347865484516 0.04322049482694634
0 0.12029407569523745 0.2673996713871265 0.03631604261507221 0.0584574962544413
0 0.05110690646364981 0.201856569072156 0.05080819724855673 0.053854094583782874
0 0.2176826720431344 0.34709670115284585 0.03665702341474231 0.0701762462544413
0 0.44490752548433016 0.0801340788942646 0.03541051778167015 0.06084772303248531
0 0.390380859375 0.00537109375 0.02587890625 0.0107421875
0 0.44790531501476316 0.1831614226442646 0.03978561638121647 0.0771657221703097
0 0.42138671875 0.4296875 0.029296875 0.0400390625
0 0.345947265625 0.440673828125 0.04541015625 0.01806640625
0 0.312744140625 0.416748046875 0.03955078125 0.06591796875
0 0.6107675137730104 0.15601481265489203 0.04787328463142271 0.07027652893193648
0 0.8579447936043507 0.23966164136587187 0.03768143363183496 0.0551162967123755
0 0.8584391216343714 0.35718388420000347 0.054046693182536076 0.031109593721607265
0 0.9188915935105775 0.022001618680842383 0.04411057778270111 0.02473842400204629
0 0.9095895919929897 0.054179077975303414 0.052695509699092646 0.03493907451367306
0 0.7352478818202064 0.2619960319134258 0.04682192716577327 0.03414371643193648
0 0.6623608826531961 0.2703646027667187 0.0475569615993402 0.025894114653892686
0 0.9645463889708662 0.2506112975590862 0.05077978218191759 0.052877532083782874
0 0.12878607230591765 0.6671117784647234 0.04910705054925768 0.028900571361826666
0 0.18299133783593835 0.7874488922564403 0.038141299815195984 0.054165323948353494
0 0.3236842643586806 0.5793310902858326 0.03943565316536102 0.048382718156287696
0 0.37299920279059817 0.6321318531616812 0.02986893363183496 0.05470686093672672
0 0.46141926382247445 0.6884446386657737 0.06264583263224743 0.04179852548323404
0 0.009033203125 0.915283203125 0.01806640625 0.03466796875
0 0.4397779598007632 0.8662364219369811 0.040412215665360796 0.048433897628243905
0 0.4461427592202476 0.7666249706705639 0.05160904423158774 0.06462187181976087
0 0.10656730902754646 0.4899466064554917 0.052391926382247433 0.04126114102769496
0 0.36618956638395905 0.8672551843042959 0.05121123329863919 0.050949996819760646
0 0.8685620489406394 0.6622967555680163 0.05824607626511347 0.05814419062345344
0 0.9398063748674024 0.8990730382171186 0.04852307386507215 0.059097239653892686
0 0.7749990363547631 0.7475876088303409 0.04247377581478351 0.06901847933617788
0 0.70654296875 0.4638671875 0.0458984375 0.0283203125
0 0.90576171875 0.482666015625 0.033203125 0.06591796875