0 0.388 0.06616666666666667 0.0415 0.03966666666666667
0 0.361 0.027166666666666665 0.036 0.049
0 0.32425 0.0555 0.0325 0.050333333333333334
0 0.352125 0.13666666666666666 0.04425 0.056666666666666664
0 0.398375 0.2905 0.04175 0.03966666666666667
0 0.42125 0.36183333333333334 0.026 0.045
0 0.417625 0.39366666666666666 0.03325 0.03933333333333333
0 0.434625 0.461 0.04875 0.06066666666666667
0 0.498 0.47483333333333333 0.0235 0.041
0 0.54525 0.498 0.0295 0.04733333333333333
0 0.591125 0.263 0.04175 0.074
0 0.64775 0.3428333333333333 0.0455 0.057
0 0.760125 0.30516666666666664 0.03975 0.04766666666666667
0 0.777625 0.38566666666666666 0.02925 0.06066666666666667
0 0.825125 0.37916666666666665 0.03575 0.050333333333333334
0 0.872625 0.3468333333333333 0.02275 0.041
0 0.87175 0.37783333333333335 0.0285 0.03966666666666667
0 0.88025 0.2345 0.03 0.04633333333333333
0 0.807 0.2648333333333333 0.032 0.030333333333333334
0 0.77925 0.23316666666666666 0.034 0.03833333333333333
0 0.80725 0.14333333333333334 0.022 0.051333333333333335
0 0.771375 0.09433333333333334 0.02475 0.06466666666666666
0 0.682625 0.05416666666666667 0.04375 0.034333333333333334
0 0.7145 0.5026666666666667 0.036 0.054
0 0.82875 0.5971666666666666 0.0275 0.053
0 0.875625 0.6081666666666666 0.01825 0.035666666666666666
0 0.890625 0.6228333333333333 0.01975 0.025
0 0.87275 0.6651666666666667 0.0425 0.027666666666666666
0 0.807 0.6645 0.0345 0.053
0 0.751 0.681 0.037 0.048666666666666664
0 0.743375 0.7265 0.03125 0.042333333333333334
0 0.7585 0.8071666666666667 0.0365 0.061
0 0.800125 0.7575 0.04275 0.033
0 0.849375 0.79 0.02025 0.04466666666666667
0 0.824875 0.8091666666666667 0.02475 0.043666666666666666
0 0.959 0.6776666666666666 0.0275 0.10066666666666667
0 0.41725 0.7688333333333334 0.03 0.050333333333333334
0 0.404 0.714 0.028 0.04066666666666666
0 0.630875 0.8513333333333334 0.03525 0.051333333333333335
0 0.542375 0.8975 0.04025 0.03833333333333333
0 0.254875 0.8303333333333334 0.03175 0.062
0 0.2035 0.8936666666666667 0.0385 0.054
0 0.16925 0.8348333333333333 0.047 0.042333333333333334
0 0.118125 0.9213333333333333 0.03725 0.07
0 0.072 0.8475 0.032 0.03833333333333333
0 0.36525 0.7021666666666667 0.034 0.057
0 0.44725 0.2668333333333333 0.03 0.037
