0 0.3715205896202488 0.3219489752936844 0.04523984037583073 0.06687261801848976
0 0.40576171875 0.25048828125 0.0283203125 0.0595703125
0 0.0660675060677389 0.4239263262853079 0.03287054769402925 0.04123196582912314
0 0.3511096424822362 0.17132009623305078 0.04134670535137497 0.03655372102951393
0 0.30643958831095514 0.09998639075705257 0.035418191895072115 0.05055476906809897
0 0.5796494308093396 0.11082882082480422 0.02302997522725181 0.032226970756488726
0 0.5411683350348381 0.1513342513432938 0.018478991555924695 0.029683280656293443
0 0.4284750467481087 0.17840769394837205 0.01571231396502404 0.016942508667317724
0 0.7287891849160208 0.04965442831245599 0.02767483035137497 0.03623550460668404
0 0.6901952937027043 0.09603059870318953 0.02207233671327069 0.024891387134244825
0 0.7083046084579185 0.1420650064136279 0.02708031115033238 0.02695816085668401
0 0.7500275480977765 0.14451696102289435 0.023111480181801536 0.025890679378732684
0 0.7489336992951746 0.37926700180694384 0.024776433335640613 0.03665559662322049
0 0.5698538334717618 0.3624077215537322 0.018767163402085618 0.018963822900781246
0 0.5997517851605769 0.3558437244746089 0.02207233671327069 0.02489138713424488
0 0.789751460323229 0.2531305145825514 0.02304889921327069 0.024914116878732573
0 0.8079357225452206 0.3079653496652337 0.021033193244739845 0.023892094889756965
0 0.772216796875 0.48046875 0.02783203125 0.0185546875
0 0.6263205790190116 0.28969805002324167 0.026454501465023927 0.01719253585668401
0 0.01123046875 0.79541015625 0.0224609375 0.052734375
0 0.052735514338779654 0.876556921187977 0.053966321907299886 0.06610062321888033
0 0.01318359375 0.688720703125 0.0263671875 0.04736328125
0 0.09913328144033862 0.6314612386629986 0.048945980971991654 0.05623271436868493
0 0.0674911170750283 0.5192365135251948 0.060414407097868494 0.052599221302539134
0 0.257080078125 0.497802734375 0.05029296875 0.01611328125
0 0.406494140625 0.960693359375 0.02685546875 0.06494140625
0 0.21071379693844738 0.8464734204642138 0.045540378720238195 0.0639542953907335
0 0.412841796875 0.533935546875 0.01416015625 0.05126953125
0 0.8032121775678308 0.5301617637505638 0.04175348164682546 0.04290137727951393
0 0.9470739609000105 0.5087199904441184 0.0368583026485787 0.034986593429318535
0 0.7509936319156072 0.7225798956367617 0.047243179846114924 0.060093504879709325
0 0.6977702271883095 0.7619614285725691 0.04913372387758419 0.05916240186868493
0 0.691362235401672 0.6467043238280813 0.04545231627791646 0.08540457577400185