0 0.20577787189391683 0.08697717559806624 0.05809876076339959 0.05228832945443133
0 0.4221968882313323 0.04935539952654925 0.03485354408799202 0.046723945005833066
0 0.47167643932107395 0.07874363731298824 0.04345032326339959 0.052061062785113243
0 0.4325780928496227 0.16334829563836747 0.04333203942015906 0.05856390389613608
0 0.426730038913122 0.4553175284120797 0.04859941856934391 0.04823814389719653
0 0.5627597864480921 0.38522608788188917 0.04350975350232611 0.07027507834049211
0 0.582763671875 0.4560546875 0.01416015625 0.047526041666666664
0 0.57421875 0.025390625 0.03125 0.05078125
0 0.10219783857222714 0.2473365972443172 0.031391290976103436 0.054475840560681554
0 0.4006644040559051 0.3228681989642768 0.03324127800990073 0.08702792389401488
0 0.6356582318531216 0.29195864284954215 0.044545746241252626 0.08850424500715877
0 0.7575889832808553 0.36865414342639724 0.03541582481934391 0.04803360389481037
0 0.8774034648688473 0.41669623511427506 0.04518931107516888 0.08266002111844657
0 0.770751953125 0.451171875 0.05517578125 0.057291666666666664
0 0.8530308035576742 0.1938581717788206 0.05728534310314126 0.080896285009545
0 0.7625204815908948 0.13781464731855617 0.02959402619463214 0.09152461111553012
0 0.9317562372989268 0.28289270568105485 0.05107840119463214 0.0918579355638632
0 0.027099609375 0.7985026041666666 0.05419921875 0.034505208333333336
0 0.014404296875 0.740234375 0.02880859375 0.08203125
0 0.11984996305357903 0.6482963011550359 0.04003963913461239 0.043552067784583016
0 0.19270700726978174 0.6169032778352247 0.04753428734556664 0.06383284167462093
0 0.24598065586827078 0.5585372506232544 0.043184040457455275 0.05595973722946942
0 0.204345703125 0.49609375 0.04541015625 0.032552083333333336
0 0.5447196355098811 0.5358524673442747 0.04873284828962232 0.06775424278590873
0 0.5038374402301594 0.5547322195588963 0.047490002983678004 0.07163776611897694
0 0.4661142155157061 0.5691077089963587 0.043945889134612504 0.04361267222973453
0 0.4979197882604578 0.6222890417793508 0.0629888578846125 0.04390811889984795
0 0.581298828125 0.6813151041666666 0.01708984375 0.08528645833333333
0 0.6265597554545134 0.5256376039677236 0.040379921421908604 0.04095547667356018
0 0.59375 0.6722005208333334 0.0078125 0.060546875
0 0.643400192179444 0.6846129795246932 0.04419031807691853 0.06508189611844657
0 0.671630859375 0.4908854166666667 0.03271484375 0.022135416666666668
0 0.6704164992307361 0.54192925286439 0.03273785088286285 0.061001408338636175
0 0.9101206151572969 0.7251772640170396 0.027070759207455275 0.05570974389321955
0 0.8928693564713924 0.8250816295684412 0.0355638237820477 0.05063777056147719
0 0.8501365975232611 0.7684784262279493 0.030762295384612504 0.04340813222734822
0 0.8236371335722075 0.8344149917780251 0.043184040457455275 0.05595973722946942