0 0.163330078125 0.3330078125 0.03173828125 0.033203125
0 0.199462890625 0.336669921875 0.03857421875 0.02587890625
0 0.05292472820830879 0.2593193037071268 0.04036766979429329 0.07002591109207901
0 0.00439453125 0.31884765625 0.0087890625 0.0537109375
0 0.13092008881543474 0.23055867693920784 0.028868179358338242 0.060686071123406626
0 0.252197265625 0.0185546875 0.03759765625 0.037109375
0 0.328857421875 0.026123046875 0.04931640625 0.05224609375
0 0.4096284330456239 0.050799181857309944 0.03971005227460078 0.050012061316503764
0 0.447998046875 0.01318359375 0.02587890625 0.0263671875
0 0.61767578125 0.015380859375 0.0400390625 0.03076171875
0 0.634765625 0.096435546875 0.009765625 0.05810546875
0 0.5990619110727676 0.13364158049793295 0.04964509413051443 0.04616546679796374
0 0.5075243148585158 0.1907878567217367 0.04124462746425195 0.05685368029092852
0 0.4664589277366056 0.20957264393593955 0.029426272634210715 0.04360759032225614
0 0.4713514025505914 0.11974309762200142 0.04696445899872859 0.06713599391305236
0 0.4307643120198108 0.13266850983620426 0.013821241951951446 0.03180361820588473
0 0.3743931116368717 0.24329562384580516 0.0396304167623005 0.025121080515353333
0 0.39015773568861634 0.27736736333173473 0.04134431288051443 0.04611717426535322
0 0.529541015625 0.341064453125 0.02685546875 0.01708984375
0 0.9556565099384979 0.07827831059191585 0.07413879214281494 0.07119848445973329
0 0.08143539391661758 0.9103503075644775 0.07718805379059734 0.07268037263300764
0 0.01171875 0.86572265625 0.0234375 0.0341796875
0 0.12413455812711427 0.7519738975945223 0.04266969375121232 0.0324595029514152
0 0.16941531674290378 0.7951468551232843 0.03454815284355406 0.07048010349553047
0 0.20253840329949746 0.7002725742882405 0.03654121647903619 0.047065329393229494
0 0.05353210008876408 0.4629713786265118 0.043177863732732025 0.04466369346420285
0 0.120849609375 0.36865234375 0.03369140625 0.0380859375
0 0.19638939260603205 0.5065527512127976 0.0524353187512121 0.03251631769566282
0 0.2821375870185985 0.5143507219762062 0.050163329357125974 0.028598704746813253
0 0.3456047289632762 0.6755258199838625 0.034129683619426476 0.05339594121995517
0 0.31600920064559446 0.763058837645632 0.036601043846037795 0.035840542117654195
0 0.25896033283900066 0.8580723146040825 0.057646899717947786 0.054508859106149554
0 0.74842774258906 0.9604892254039501 0.061074853126818596 0.04867221000384858
0 0.843994140625 0.982666015625 0.05029296875 0.03466796875
0 0.668701171875 0.55859375 0.05810546875 0.052734375
0 0.890625 0.357421875 0.041015625 0.015625
0 0.9418453332316381 0.4923007147204131 0.050242884283205225 0.07740410384911423
0 0.98388671875 0.56884765625 0.0322265625 0.0654296875
0 0.9074469502711415 0.6506288321577578 0.04396495947285617 0.08420027102814087