0 0.18435918411173846 0.3797247502687169 0.038384751990124144 0.04242056079677692
0 0.23989376839130672 0.35553010850520417 0.03113026467977531 0.04861876950860444
0 0.3348195405513896 0.37432426664565366 0.03952074668716721 0.04445340189529867
0 0.05234416744183901 0.3039909108794797 0.06349637064529867 0.0410752106083383
0 0.6743643954750442 0.3305175305765229 0.05126928949133647 0.07548414233125378
0 0.6959580376190714 0.43246870699648143 0.050043674623122425 0.05452790663051443
0 0.78173828125 0.452880859375 0.072265625 0.03369140625
0 0.7997737664887344 0.07844531494606755 0.09825395956646954 0.06282852670807215
0 0.559250239312596 0.14870716637572445 0.05270434043716732 0.045529569225340016
0 0.5409838981265226 0.3404222155247192 0.06360587954798935 0.07212592036203436
0 0.7190574291832347 0.22168081570709647 0.04787129005907742 0.06356610208494973
0 0.9096966333470726 0.13042270935499722 0.04781154327829684 0.05095050568347137
0 0.01025390625 0.91259765625 0.0205078125 0.078125
0 0.010009765625 0.751953125 0.02001953125 0.03515625
0 0.051287808257096223 0.7916253338808694 0.03454815284355406 0.07266412490638674
0 0.06894597170050254 0.6948261528193083 0.03654121647903619 0.04954548930047309
0 0.031149669893967946 0.502772108786044 0.0524353187512121 0.03629208352460084
0 0.11825303798140152 0.5040180153168836 0.050163329357125974 0.03222640132755761
0 0.2081062085367238 0.6593813953329393 0.034129683619426476 0.05565399725490838
0 0.19277986185440554 0.7486172093489357 0.036601043846037795 0.03839473664899473
0 0.15119591716099934 0.8473694348242757 0.057646899717947786 0.058543746119426476
0 0.5122840880032227 0.8398840915665878 0.023467212217947953 0.05575368267117087
0 0.5367082157483144 0.8079067426072443 0.021155364774600782 0.051199719224127804
0 0.6605920291965699 0.8322016338905678 0.0218827943201656 0.05416926477338846
0 0.6992860638530157 0.7582620514078358 0.025918603126818374 0.050133455966735685
0 0.715658220957658 0.8203335975248375 0.03035299242607925 0.05098045966008269
0 0.7395145931128916 0.7151639037736252 0.028379978694559438 0.03869371231156116
0 0.7136558173530749 0.6573074873918392 0.03949087329677703 0.03814560369455933
0 0.953251899461354 0.7984813212848316 0.02708447121425195 0.05847409526599634
0 0.9375271334588702 0.8346638959067417 0.027403416194559327 0.038613996213039625
0 0.65655710683835 0.5720175396664401 0.024274438448255498 0.03593344166747481