0 0.0433766031740177 0.041015625 0.04043676570973331 0.068359375
0 0.06840142417467954 0.14599609375 0.03657028603070667 0.0751953125
0 0.17529296875 0.0205078125 0.03125 0.041015625
0 0.22502891667339664 0.126953125 0.043488604909865725 0.08935546875
0 0.378173828125 0.089599609375 0.02294921875 0.06591796875
0 0.3460359060219307 0.44775390625 0.04235864260039701 0.06298828125
0 0.2763391948959584 0.3857421875 0.02687283872380375 0.0869140625
0 0.21945459204622308 0.427734375 0.039863262343361905 0.0537109375
0 0.16997626377511743 0.39990234375 0.038460914812034286 0.064453125
0 0.05946561999122407 0.37255859375 0.01912283494247613 0.09765625
0 0.475522553847292 0.05712890625 0.04377803455499896 0.05517578125
0 0.65617241266123 0.0546875 0.060859356093361905 0.0537109375
0 0.4201372091446347 0.18896484375 0.0530099265096009 0.04736328125
0 0.43554444903086975 0.4033203125 0.048936073014070436 0.0185546875
0 0.5093683365583488 0.33544921875 0.039718384745530466 0.02880859375
0 0.5623814293556916 0.46728515625 0.04131390240729993 0.05126953125
0 0.7972525817162699 0.30078125 0.06286077362597231 0.06201171875
0 0.1201171875 0.53857421875 0.046875 0.017578125
0 0.1277068970128692 0.60546875 0.026245361350397123 0.06298828125
0 0.3312050102392794 0.92138671875 0.04267932035486666 0.0341796875
0 0.2603726553294138 0.83203125 0.043190327502565684 0.0380859375
0 0.286865234375 0.5537109375 0.02880859375 0.0478515625
0 0.36540328069764827 0.5888671875 0.03307561737597231 0.06201171875
0 0.38037109375 0.625244140625 0.0185546875 0.03662109375
0 0.3389859365794138 0.83203125 0.020851541702697984 0.05908203125
0 0.384765625 0.777587890625 0.009765625 0.04052734375
0 0.06861350281401968 0.603515625 0.024666888111901875 0.04345703125
0 0.7944462589009673 0.69091796875 0.04805893631650382 0.03564453125
0 0.7129487419463654 0.69873046875 0.04814983990729993 0.05126953125
0 0.6038830567519855 0.66796875 0.049080950611901875 0.04345703125
0 0.4904143180959683 0.6357421875 0.041330946830574256 0.05419921875
0 0.42850486588561404 0.6533203125 0.025660495035176145 0.04638671875
0 0.478515625 0.990966796875 0.0458984375 0.01806640625
0 0.6077561945570252 0.9140625 0.028612908432875228 0.05029296875
0 0.8035967461279986 0.9208984375 0.04028620663747717 0.04248046875
0 0.966796875 0.549560546875 0.0322265625 0.03955078125
0 0.8942030266854817 0.63232421875 0.058789760867654195 0.03369140625