0 0.6022706855038144 0.1290844427214665 0.053601106252424646 0.06839907187681843
0 0.5498051710173271 0.0672921447079538 0.0494755161021585 0.10104418418716732
0 0.42279270216765236 0.19013014773388526 0.04054707130907742 0.0629682313460378
0 0.8968840031134833 0.2593050413124185 0.05554440776599634 0.02684532291868713
0 0.6749852172218807 0.2800228539935835 0.062449915533205225 0.08173211316499107
0 0.5956447481849794 0.34875117785446474 0.07255445483125367 0.05103014119577165
0 0.44414808246454773 0.3560460067314015 0.05867330492607925 0.05329222651720866
0 0.6822787567192785 0.046156104561324546 0.05429866240759906 0.06506081922534002
0 0.8849357671319042 0.17083651489124763 0.045240497635422816 0.07887223769086338
0 0.938576892606032 0.1580114824121524 0.026008223297989463 0.06905685056895328
0 0.674158424604938 0.36843163363397385 0.050531955873122425 0.05456776467977531
0 0.35009765625 0.622802734375 0.0390625 0.08056640625
0 0.15145761353338266 0.5998777519961856 0.03818538115759906 0.06374550359973385
0 0.09116051617758734 0.7905866070134535 0.07860313541868716 0.05976936098764041
0 0.09026262215523362 0.47642255360337077 0.0809149022758131 0.08808967348764044
0 0.4883922900408931 0.7996038661154936 0.03380091515269068 0.03380091515269068
0 0.44747659221581915 0.8793333339172382 0.03087122765269079 0.033561766857125974
0 0.6331326537736253 0.7666892486018626 0.02630727954677692 0.037069436364518094
0 0.5835172718610586 0.7542830882780011 0.02978507566377875 0.026197690057865097
0 0.373779296875 0.592529296875 0.00830078125 0.03369140625
0 0.4296081868325843 0.4900537646918982 0.03018365615638674 0.031080502557865153