0 0.44489266351397627 0.06118672416810414 0.044072034233678004 0.05555466608034115
0 0.514892578125 0.092529296875 0.02978515625 0.06103515625
0 0.27804349689391683 0.2087171647890045 0.054059657677733686 0.05905313646579019
0 0.04100220902679931 0.05773667115433283 0.05735934258449313 0.0641065838314249
0 0.21142578125 0.009521484375 0.0615234375 0.01904296875
0 0.08143773587409586 0.30010925341207245 0.032826419606640234 0.03545463319489206
0 0.16618301791077622 0.6482874952436506 0.07024693840908558 0.06096819072678117
0 0.5611967828146526 0.07694591461253664 0.058461473548946374 0.05298987165851465
0 0.542724609375 0.220458984375 0.02587890625 0.05810546875
0 0.584761581182943 0.16139976331300077 0.03054815819638179 0.05671149504071238
0 0.682166117619424 0.14591787031423775 0.03816837487178937 0.06104433220479932
0 0.7540040448775752 0.22020358583745658 0.04384275116840963 0.05894419568606879
0 0.8454746301980921 0.17171764184860072 0.038464372797196944 0.06495058220479932
0 0.986572265625 0.0810546875 0.02685546875 0.0849609375
0 0.9601933153670783 0.2876450991857509 0.044434747019224785 0.06675669568606857
0 0.9304754506118298 0.32910130310200536 0.05743334206584505 0.06508314633142476
0 0.5564481882982913 0.5514743323371502 0.041482629020974215 0.053459345358978894
0 0.5938871011567006 0.3594949392942701 0.04793399987178937 0.06161311509024836
0 0.6020287740092456 0.564023088958357 0.04177862694638179 0.057365595358978894
0 0.6040570517598223 0.6296234113239917 0.043073617870039826 0.0744554391089789
0 0.9311146139975954 0.49286978006454407 0.037976091547196944 0.06492214306052668
0 0.37841796875 0.98828125 0.03515625 0.0234375
0 0.28532977426276424 0.9157339673968996 0.06020716934731618 0.03753550652414939
0 0.5986328125 0.7333984375 0.0263671875 0.02734375
0 0.6128453259964618 0.8241765153455026 0.025339632651510957 0.04571335524226039
0 0.6007583084935395 0.9170825169721283 0.02555376983974167 0.022877893069350286
0 0.5664166294230226 0.9622410810811072 0.02454749222027841 0.016013516425077645
0 0.574462890625 0.988525390625 0.02685546875 0.02294921875
0 0.7567475804049708 0.8074577473908566 0.034883259207455275 0.04335245062770943
0 0.809689384606601 0.8200681980979766 0.031088008429483116 0.044589781223529856