0 0.04110591980936068 0.16761216862011052 0.05824607626511347 0.06013119383252308
0 0.09876784388259768 0.3953716883537912 0.04852307386507215 0.0607416561027776
0 0.08935546875 0.0078125 0.033203125 0.015625
0 0.478271484375 0.119384765625 0.04296875 0.03271484375
0 0.482177734375 0.15478515625 0.04833984375 0.02490234375
0 0.294189453125 0.24951171875 0.031494140625 0.029052734375
0 0.3251953125 0.244873046875 0.031982421875 0.0224609375
0 0.588134765625 0.19189453125 0.063232421875 0.020751953125
0 0.5732421875 0.217529296875 0.03857421875 0.03369140625
0 0.561767578125 0.26025390625 0.044921875 0.025390625
0 0.520751953125 0.217041015625 0.029541015625 0.022216796875
0 0.526611328125 0.3251953125 0.04833984375 0.03076171875
0 0.545166015625 0.384521484375 0.04052734375 0.038330078125
0 0.32470703125 0.39111328125 0.039794921875 0.02880859375
0 0.59765625 0.03955078125 0.033203125 0.01513671875
0 0.720458984375 0.0224609375 0.0478515625 0.025390625
0 0.692138671875 0.31005859375 0.046630859375 0.037109375
0 0.723876953125 0.362060546875 0.0400390625 0.034423828125
0 0.879638671875 0.25537109375 0.04443359375 0.033935546875
0 0.900634765625 0.137451171875 0.0400390625 0.03125
0 0.89599609375 0.103271484375 0.030517578125 0.034423828125
0 0.976806640625 0.0361328125 0.031982421875 0.0361328125
0 0.945556640625 0.18212890625 0.043212890625 0.059814453125
0 0.958740234375 0.228759765625 0.027099609375 0.027587890625
0 0.963623046875 0.253173828125 0.037353515625 0.02685546875
0 0.9189453125 0.335205078125 0.033203125 0.039306640625
0 0.9267578125 0.303955078125 0.032958984375 0.0224609375
0 0.95556640625 0.35693359375 0.03564453125 0.041259765625
0 0.04987701747698953 0.6697903985624426 0.04787328463142271 0.07188668670480314
0 0.1685607119297936 0.758762724139613 0.04682192716577327 0.03575387420480314
0 0.09496333609680391 0.7773776164877031 0.0475569615993402 0.027538531102777597
0 0.5659215505413606 0.6063527930898156 0.06831528458195879 0.05468063813625568
0 0.5061314321063504 0.5521650839122114 0.04095732704863919 0.05180008874296871
0 0.6333716434089071 0.6316221227315982 0.04272575411548463 0.04562330878891774
0 0.6188061616278555 0.7137447870812799 0.06838632224855679 0.05712204438625568
0 0.5581613017127008 0.7726247325337393 0.056037215665360796 0.05117125503657394
0 0.4766879028112163 0.7271526001115748 0.08979443446482482 0.07311912081770822
0 0.40089669557468033 0.6203035588475121 0.055563141948680395 0.05161681721258671
0 0.3439031717226597 0.5536952230499715 0.058350754115484516 0.04699031915651031
0 0.26953125 0.539306640625 0.0390625 0.03076171875
0 0.261962890625 0.711181640625 0.02392578125 0.05712890625
0 0.9716796875 0.72119140625 0.056640625 0.0458984375
0 0.9341109169641442 0.7908724195915815 0.054339826265113356 0.05978944124062491
0 0.8491111141632369 0.7661644141133406 0.06658948011507215 0.062322261840306536
0 0.7885163914461442 0.756367579611749 0.05994346566536102 0.05151300762847211
0 0.6835852382313194 0.8308109917230625 0.08484058429822694 0.07025052382783548
0 0.7598206362998141 0.8889173461350997 0.08145625573200022 0.054369209383911876
0 0.6348415367683502 0.9660888027798911 0.04719654814921648 0.03189034327879048
0 0.4933275089492368 0.891776867106135 0.07435037509892783 0.04449379859809022
0 0.41916412126443275 0.8461522298241615 0.05726951376511347 0.060045755684548396
0 0.37204236808086577 0.8419951987509264 0.048238923198680395 0.0509760311027776
0 0.3240232508171956 0.9523706660577551 0.07093616364797939 0.0778007331822046
0 0.40860058491756673 0.9581211409339705 0.05733156901552583 0.04544003725853574
0 0.5578077567054844 0.5169605814675355 0.056074613148185626 0.06919494221258671
0 0.6523354137390103 0.5155090186140057 0.05583831019888663 0.04433531753657394
0 0.753796171524804 0.5938121996047176 0.07304557151449487 0.08334270322815379