0 0.08565929951738627 0.030391235181258414 0.044443417236428084 0.044860279396120584
0 0.8678564721443229 0.24802094960553966 0.027373542804169038 0.03201477900835892
0 0.9621945999830279 0.3135459216878309 0.03146909839160261 0.0405545679163688
0 0.522216796875 0.384521484375 0.03076171875 0.03076171875
0 0.5684309599227382 0.3788232125826958 0.01984004914899462 0.0348864445400503
0 0.36817565888329407 0.30540072185209316 0.03318307509603785 0.03776145622094618
0 0.324462890625 0.2978515625 0.00927734375 0.03125
0 0.6067452551972207 0.13203966377503468 0.044961652463039625 0.02741873020069774
0 0.4930556012181846 0.17123227476756891 0.025450291194559438 0.03819171550263745
0 0.44811440159021304 0.3488028497966228 0.04781162386451804 0.026647031407563526
0 0.2710263700714962 0.48051088502146205 0.05743762481277348 0.06130473422358351
0 0.07564510566649923 0.7624716706698155 0.051478644982732136 0.04777970096214057
0 0.07791620861215265 0.4940160688740438 0.04824007774751626 0.037843356206419154
0 0.10445345765783565 0.6922990926235972 0.04921664024751626 0.03791164410870773
0 0.27364846721581926 0.8755132305527068 0.05636137689651077 0.07191034591900647
0 0.04444510954707287 0.8138164096068794 0.03597321913051443 0.04815193827552333
0 0.08960556873908943 0.6455914662301141 0.05702914024751626 0.03845794732701635
0 0.6014934938363394 0.5650560852684201 0.03395036269086338 0.04121356892209038
0 0.64752132897055 0.5245695777679735 0.030044112690863378 0.04094041731293607
0 0.5776373634397695 0.5324505931566283 0.03257521969825539 0.03626246851980186
0 0.48555125567740987 0.4513689089766255 0.0413344088078651 0.030563547341543373
0 0.7520532939335896 0.5073257450082749 0.03997915454677692 0.03775119028696616
0 0.7358703618301597 0.5371314331262347 0.060008670455647506 0.03332586123502651
0 0.8201831829520106 0.4246796764013114 0.038384751990124144 0.042009145732389036
0 0.736647311738971 0.4433916990602146 0.033701229736428084 0.04410911247094612
0 0.39368456865153756 0.42775757055806574 0.038873033240124144 0.042043289683533325
0 0.40224470927350686 0.5093824392935388 0.056421284849733855 0.036958959625872145
0 0.4062510476208753 0.6407778515778676 0.06395469791868713 0.05787649953960372
0 0.5064086118240982 0.6831384752693133 0.047542521592341735 0.04119303705413058
0 0.5171908185458014 0.731526075053642 0.035684228126818374 0.050559200574379015
0 0.5324075757392077 0.8278574032574237 0.032953830873122425 0.05279574311751323
0 0.5049940942995566 0.8328154234444877 0.03433895852460078 0.051921612470946066
0 0.6773270186418392 0.7068758960721041 0.03921186695195156 0.03429907758582185
0 0.7249296899460675 0.7794452429968319 0.025689439490124144 0.04112140300263745
0 0.6658081229916915 0.8720515343766813 0.048379540626818374 0.05144694330413069
0 0.41024804599914266 0.9587786013476693 0.062420122729036076 0.05097227413731509
0 0.8330084571897695 0.5503078796050931 0.024653130209343566 0.028426090502637447
0 0.8626849909855117 0.8484973079809652 0.08248941610094618 0.07082443178079822
0 0.47300587423290963 0.5870086646231927 0.04361630227460078 0.052570347542687634
0 0.36139954875029584 0.8232653830580657 0.05784618996425195 0.06036231567472794
0 0.32568359375 0.81591796875 0.01171875 0.0361328125
0 0.776079566462064 0.7604328445624055 0.04292873077829684 0.05009479734154332
0 0.7337090901320817 0.8704157433845936 0.07193653418837975 0.07833990215447928
0 0.59228515625 0.9853515625 0.029296875 0.029296875
0 0.836669921875 0.99365234375 0.05224609375 0.0126953125