0 0.1629875751834169 0.03422154220375334 0.041928858054171236 0.03779973645468049
0 0.23210447929355915 0.03201383674467467 0.07089390422549835 0.0407439985790774
0 0.25534618194559877 0.12069957030786604 0.06184140287583073 0.06692368049879382
0 0.4115073710259791 0.1829290528555242 0.06071494544227596 0.049345555498793825
0 0.2033867630871642 0.18514911500183817 0.05292136942829462 0.041893492034964064
0 0.09618092756783081 0.33886531833056266 0.06591647179540439 0.07723724761524764
0 0.03838255465001056 0.3198102462936129 0.0511181393618495 0.05942047914943216
0 0.099853515625 0.503662109375 0.07763671875 0.05224609375
0 0.2982456146813879 0.4628629334875112 0.08454685523947969 0.04829833781397097
0 0.4658746602182551 0.23216380960233218 0.0441257494405225 0.05685975116652442
0 0.45521772005929373 0.0354205577760201 0.039336808393318545 0.05823936510730465
0 0.3566853364998621 0.020044086591623878 0.038085189022702304 0.03870811510730465
0 0.6477183885312854 0.20641597960446556 0.04868329059962173 0.04425819145666621
0 0.5338943307551223 0.11224724457070767 0.05894956334786833 0.05224115107510585
0 0.8408203125 0.516845703125 0.05078125 0.02587890625
0 0.984619140625 0.358154296875 0.03076171875 0.04736328125
0 0.9252208363845058 0.0995684712319806 0.05619525225521427 0.04731572367049597
0 0.8946968962024745 0.42240402698517254 0.06016408322374511 0.048360470017871915
0 0.9147552027097179 0.04280852449907285 0.042222838910806804 0.04999824472375852
0 0.47265625 0.6259765625 0.0341796875 0.0419921875
0 0.3582702816537472 0.5729700542785063 0.030867208223745113 0.047849091162552926
0 0.09241819382152147 0.6561219018858848 0.035950130127584135 0.05866798549085073
0 0.06003874247877544 0.7901715964884384 0.046423818244739845 0.024221614244822276
0 0.04570901883190395 0.8177223693680129 0.04470865062061652 0.020289795302056324
0 0.09082875780384964 0.9433701159180836 0.04988544397725181 0.03257353338035429
0 0.033931251441954136 0.9535948729192898 0.052583731589147364 0.021402725496808106
0 0.20902991979858943 0.968844608358437 0.04308079696151723 0.03294249289744622
0 0.022546006033130644 0.5476005623469492 0.03831077990033227 0.027006411069148584
0 0.5 0.568603515625 0.0205078125 0.06787109375
0 0.5551006549753146 0.6016719363831194 0.035524429846114924 0.05963602500992882
0 0.6022746963651265 0.6756556232233318 0.036514107321659384 0.02941372539546072
0 0.82666015625 0.55322265625 0.0400390625 0.046875
0 0.99267578125 0.84716796875 0.0146484375 0.0654296875
0 0.981536011235697 0.7715311723786474 0.03509217207687376 0.07572373731716286
0 0.9931640625 0.6435546875 0.013671875 0.0546875
0 0.7764535741798182 0.6689412253934011 0.03877357967654127 0.04945030260730465
0 0.7259117785102905 0.5880704631676569 0.042385848819906036 0.0373199781856024
0 0.5069069637723804 0.8086058532869498 0.03247613789682552 0.042512089336240955
0 0.6299836323020502 0.8873285709200693 0.042066386489479635 0.04755683847375858
0 0.6547280266761276 0.9614084818878705 0.04132122387758419 0.058761738280992404
0 0.769775390625 0.9775390625 0.05322265625 0.044921875