0 0.29957196634206174 0.26340743952897977 0.07131454193047426 0.10235793334261323
0 0.13337751468123688 0.47279055746738785 0.061843517831134065 0.07881816334142
0 0.8086339076112987 0.0699795424391505 0.02019377894888663 0.03977236625258507
0 0.7966893048962679 0.1282043261905425 0.02387270841577327 0.0320053195864487
0 0.8566655890825152 0.2309870161819918 0.0398386892154432 0.04390588292190323
0 0.9548542107505564 0.27865608116846974 0.022924560982412467 0.03297051875298296
0 0.062471233917979097 0.9041283436853723 0.04002338714859799 0.05025353917190323
0 0.30810546875 0.607666015625 0.056640625 0.01611328125
0 0.992919921875 0.746337890625 0.01416015625 0.03466796875
0 0.8725584182423092 0.7022188782771901 0.04682192716577327 0.0322723579228974
0 0.8429840855111338 0.7791972078642353 0.0389331643820412 0.046335925838437264
0 0.8052704795136081 0.8674969128690079 0.04010863234851547 0.05318322667190323
0 0.8877810283474225 0.8836208732744062 0.04645628859851547 0.053257088339431546
0 0.9210215508302472 0.8651737953532984 0.03803662196482471 0.06585013083823843
0 0.9550539378799173 0.8530630103487247 0.045227747797814466 0.07813670542249973
0 0.7695990010150513 0.9191641607903145 0.052837585032288636 0.037711631673692736
0 0.7252918072468452 0.8650107374632119 0.04809684786548463 0.04253762750636336
0 0.7406685862451957 0.8062579007946893 0.04256947124896904 0.037104035422300896
0 0.7351913468267421 0.7428665632956836 0.04634262833195879 0.049350838339431546
0 0.6815746369428453 0.7234776970530412 0.035069536981999994 0.04775531625457363
0 0.56591796875 0.82275390625 0.0322265625 0.056640625
0 0.637249478342268 0.7034925978924726 0.05779143519888663 0.04020985459102233
0 0.8149075905585359 0.6872699966184113 0.039824481682123714 0.04341760167190323
0 0.563720703125 0.985107421875 0.02783203125 0.02978515625
0 0.97802734375 0.95458984375 0.0439453125 0.044921875
0 0.94287109375 0.603271484375 0.03515625 0.00732421875
0 0.9339562774234019 0.621941552852503 0.03896680456581447 0.030716607505170246