0 0.3056640625 0.221923828125 0.054443359375 0.02490234375
0 0.40869140625 0.237548828125 0.053466796875 0.025146484375
0 0.5908203125 0.1884765625 0.044921875 0.019775390625
0 0.61328125 0.306396484375 0.051513671875 0.022705078125
0 0.449951171875 0.0380859375 0.041015625 0.025634765625
0 0.242919921875 0.08935546875 0.048583984375 0.024658203125
0 0.2880859375 0.148193359375 0.055908203125 0.017333984375
0 0.226806640625 0.205322265625 0.051513671875 0.026123046875
0 0.424072265625 0.294677734375 0.046875 0.019775390625
0 0.478759765625 0.290283203125 0.046875 0.023681640625
0 0.536376953125 0.015625 0.051025390625 0.021240234375
0 0.545166015625 0.33837890625 0.054443359375 0.0234375
0 0.558349609375 0.10986328125 0.04345703125 0.015869140625
0 0.463134765625 0.13720703125 0.031494140625 0.025634765625
0 0.991943359375 0.212158203125 0.01611328125 0.06005859375
0 0.9721503624432195 0.22083256310661858 0.035409075611901875 0.044275302051562715
0 0.98779296875 0.333251953125 0.0244140625 0.07275390625
0 0.3070105719386684 0.5380436777534936 0.038429666702698095 0.05996849128502607
0 0.18406279719057228 0.4740017294367185 0.05291050070716752 0.031500843702343795
0 0.10685754494632463 0.4660317542512585 0.04178513923402566 0.049305857890733495
0 0.007080078125 0.56005859375 0.01416015625 0.0556640625
0 0.15194548490676052 0.8292894579937932 0.06118287458504379 0.02681123403049046
0 0.40779382250844043 0.905376879810221 0.04564025596420285 0.04060771436868493
0 0.4028311438159644 0.8078229136604163 0.0456913892340256 0.04939677686868493
0 0.5331706639060987 0.7154216591490445 0.04822938054924664 0.06605516372990461
0 0.75927734375 0.582275390625 0.0205078125 0.05322265625
0 0.5957217971759216 0.7227560180018223 0.03635154926535322 0.03843865679605041
0 0.762939453125 0.788818359375 0.01318359375 0.05810546875
0 0.37854077155119126 0.49389257278363674 0.0466622702596009 0.04844294411317279
0 0.34423828125 0.379638671875 0.0556640625 0.02001953125
0 0.06277182333835285 0.8626192296144313 0.04173968743862755 0.041493357890733495
0 0.19172385068428038 0.9514271432142792 0.051979390002565684 0.039290613957855935
0 0.33056640625 0.995361328125 0.0380859375 0.00927734375
0 0.565251372156679 0.4377820142142138 0.0324339363165036 0.03639461281809897
0 0.83447265625 0.388427734375 0.0400390625 0.03759765625
0 0.8029143180959684 0.45784339695423154 0.04390870846676842 0.07864819237970921
0 0.8703811397277746 0.8904139001957896 0.0331068654853085 0.0681442589403427
0 0.978271484375 0.7763671875 0.04345703125 0.06640625
0 0.9814453125 0.726806640625 0.037109375 0.05126953125