0 0.10560406300123165 0.1314335476051134 0.03048872795745533 0.0422995281158971
0 0.2204611559732595 0.12662993352501017 0.03091029434731618 0.035003724432536076
0 0.34831013600530725 0.0853951487451956 0.02874303215908558 0.057839282915979506
0 0.40761358906475054 0.11290187454692768 0.03984007118880717 0.04354603374896904
0 0.4005859448747705 0.07705321271331944 0.030155730291371752 0.0379049968658971
0 0.5291137595775736 0.1361628373670719 0.04115691597610338 0.041635531348927834
0 0.49207896069353785 0.10411052256595843 0.01967254097610338 0.04101039988286592
0 0.4583432700816492 0.0992456748983297 0.023652790457455275 0.042100622649422714
0 0.45135031909389556 0.1915308311483297 0.03543825531759448 0.04975161466577305
0 0.30842462718538666 0.18740706469428847 0.042821327671908604 0.03145266276552583
0 0.2695471258887664 0.1861022611098555 0.035378825078667964 0.03610815473241247
0 0.16849764417546637 0.047265942490041124 0.03384726646852887 0.02875552091577327
0 0.0808217329983093 0.040560162270886435 0.02755904045745533 0.042214282915979506
0 0.18474990986312032 0.13497709467402053 0.02491020500582508 0.02654666031602071
0 0.9197025481002581 0.24598660716096887 0.05301638031759448 0.05026308586527839
0 0.98974609375 0.177001953125 0.0205078125 0.05419921875
0 0.990478515625 0.221435546875 0.01904296875 0.06005859375
0 0.7597543039365007 0.20289456832303082 0.06497227463868799 0.07302238156498975
0 0.782653106972624 0.12573714840684524 0.04330232430069586 0.03780031901552583
0 0.628342239364811 0.08540430666907213 0.06708796784381718 0.06236543926490726
0 0.598876953125 0.288330078125 0.03857421875 0.06787109375
0 0.1055998731818289 0.4111767274103504 0.0700249399650299 0.05611723574814437
0 0.05242647937648076 0.5535260640591545 0.06389928215908558 0.05886222531498975
0 0.07845836267194778 0.685775487843505 0.05522850350232611 0.053737884748556786
0 0.07325308530600311 0.9280676656938761 0.05996331703962232 0.051926835081752554
0 0.11236217620634126 0.8041541311613812 0.056005498056521 0.06399179099855679
0 0.1592362345658646 0.4427459860785977 0.04239976128204781 0.03874846644888663
0 0.275390625 0.36669921875 0.0615234375 0.0537109375
0 0.44576356988057597 0.7121155525872573 0.04427946343530831 0.06998425891556703
0 0.5516640540647113 0.5618983536232574 0.04724615067598403 0.07055778536548452
0 0.568115234375 0.396240234375 0.02294921875 0.07177734375
0 0.32022890935898596 0.4141885489664121 0.04256290612178937 0.060190218848927834
0 0.00830078125 0.417724609375 0.0166015625 0.04150390625
0 0.3639566248630811 0.58295063135134 0.049783410270974215 0.0526050393820412
0 0.1755785872523849 0.870036170246639 0.04797042297785292 0.02867925813204142
0 0.7925166802273155 0.6979674898972987 0.04108349312936399 0.07281449368232984
0 0.8369654198543532 0.677185976965175 0.04830399727854884 0.06522931421544331
0 0.6177300217774151 0.5227875352586596 0.06434327904719694 0.06472160031498975
0 0.64111328125 0.366943359375 0.0771484375 0.05419921875
0 0.8273437573747705 0.9006056764653811 0.0436577524650299 0.05535002894888663
0 0.9156778026282695 0.9243444703012574 0.046853722770974215 0.052519794182123825