0 0.525146484375 0.240234375 0.02880859375 0.068359375
0 0.4851848524465791 0.26338685726088173 0.04195818954360042 0.061154799864221676
0 0.47507107031762597 0.11083838937305723 0.054881474500787286 0.07937266826367306
0 0.3676267851936702 0.28402402016821604 0.0528214142822383 0.04077285977769485
0 0.55810546875 0.274169921875 0.037109375 0.04736328125
0 0.5556640625 0.21142578125 0.0322265625 0.0498046875
0 0.6025390625 0.352294921875 0.0302734375 0.03466796875
0 0.6240258646617054 0.34166124314391577 0.01505381176321019 0.04658936037140737
0 0.6564820612396656 0.33702809920444493 0.02863698586019847 0.03317130646477062
0 0.6687861014965442 0.23242940022769853 0.04943412024709115 0.029388852611826666
0 0.6942231648522592 0.1392382218863814 0.047072297742334124 0.031214028931936477
0 0.7315804082457569 0.15922385833473496 0.04111344306078024 0.02846554585019989
0 0.6846946294672148 0.16846040394486433 0.038771516492334124 0.030779003420309703
0 0.7709073493340185 0.2275493385330885 0.0586807892822383 0.041079936609431544
0 0.7621348595287825 0.27532620809157143 0.05889964458165653 0.046451030359431544
0 0.847448129966154 0.22863723958164195 0.04914479836019847 0.03424607537584867
0 0.8161591906604041 0.07059388179676152 0.03390859992864481 0.031011387310529215
0 0.8401231021622522 0.09669894313772975 0.023645576520876066 0.01829256134096824
0 0.7569793413496237 0.04118151571537389 0.027182920888740636 0.021401376992814553
0 0.7412366273525326 0.013558354886032464 0.03756698153514737 0.013175288684331599
0 0.65087392138768 0.020029132744115635 0.04013688056078024 0.028414366378243794
0 0.6221233538258387 0.04385878384945474 0.04725136116913076 0.03560856018193648
0 0.5800283634027382 0.08696586386143046 0.041292506487577096 0.03286007710019989
0 0.5754622242629368 0.1183970682796939 0.03219422616437384 0.036768403366616964
0 0.879150390625 0.354248046875 0.05322265625 0.03076171875
0 0.944580078125 0.004638671875 0.02587890625 0.00927734375
0 0.9173146547764205 0.05396948036617344 0.04083323833165653 0.045504210128243794
0 0.8877956012354555 0.09481220601357843 0.028665998954278127 0.04584102922879263
0 0.984130859375 0.267578125 0.03173828125 0.052734375
0 0.923620004966154 0.23262923839421734 0.03696678020427813 0.0462760547404194
0 0.9191616536117733 0.14712884017226124 0.03005292057980835 0.020090071658682818
0 0.6932382942483923 0.25856005130464477 0.037794953992334124 0.030727823948353494
0 0.12150325655865879 0.5120859332588354 0.05657595232874757 0.07312737095758526
0 0.2120566137827522 0.6298709767909718 0.05046870893525002 0.054779477611826666
0 0.36649442195770077 0.6175007003319909 0.03983511827457242 0.0688393511843316
0 0.4266806559164624 0.791188419053598 0.04078266768049277 0.05622080789226569
0 0.3993468321281328 0.9334912857570908 0.05213251204835734 0.05973905931976087
0 0.9015760295618082 0.7785145964062404 0.029273655822142475 0.04879630646477073
0 0.829601388069474 0.7459954909394235 0.04390219738583179 0.04907571729411209
0 0.872802734375 0.987060546875 0.03369140625 0.02587890625
0 0.8320784103836771 0.9502782578576869 0.03721631021854899 0.04044226947639751
0 0.710397752018995 0.7860359551668678 0.03566110394476396 0.05010553553248531
0 0.739233697242301 0.8240900741316384 0.036241409339322406 0.016516488226397508
0 0.6556008461257707 0.636992606569063 0.04660391242864481 0.031676720445958484
0 0.7278300024946961 0.5920541214377262 0.0411026642822383 0.0401587061142219
0 0.648292391016633 0.5532917949312386 0.04095261394952099 0.048433897628243794
0 0.5764934897095488 0.5729164242705096 0.03285245368340184 0.029007082838573117
0 0.7520699864302195 0.5173152716524969 0.028906411810780352 0.027825802450748727
0 0.57568359375 0.37841796875 0.025390625 0.017578125