0 0.17728237101758204 0.05010303951872158 0.06840889797839611 0.06663089921564014
0 0.2476216519312575 0.11632524122960469 0.04730979179566086 0.0530999573905887
0 0.6926799503703762 0.07198784743258152 0.06993127003168997 0.07838944108826162
0 0.5556361524223752 0.132683963711397 0.06953395704057219 0.08032267015195083
0 0.6818803069400942 0.2377357081027731 0.05743928983119018 0.06131037611680368
0 0.566162109375 0.325927734375 0.07373046875 0.02783203125
0 0.933406645469331 0.14466544966591544 0.08190152902660142 0.1051943391870982
0 0.24779685703409737 0.5717308618813152 0.04824221644920468 0.07311948864058881
0 0.2586674192245111 0.44936044871588054 0.04421021195174912 0.0597966233364135
0 0.2426517652753063 0.37755409187180117 0.05090835078044065 0.03618917706738545
0 0.004638671875 0.8037109375 0.00927734375 0.041015625
0 0.2461300996405939 0.7870736719098572 0.03607932304566097 0.052642350855441666
0 0.22184710439697752 0.7051833550848059 0.039689926204293347 0.04645386209592761
0 0.48821727977382867 0.8261792435110556 0.05121604179566086 0.05325912488107476
0 0.505615234375 0.972900390625 0.02783203125 0.05419921875
0 0.3218779531088126 0.9066379054886049 0.04486973182864595 0.07395677958641356
0 0.4248046875 0.96826171875 0.037109375 0.0634765625
0 0.1089590561661285 0.45788093783217043 0.04956926152789631 0.049293187072142475
0 0.50341796875 0.52685546875 0.0322265625 0.0595703125
0 0.062238082606268286 0.9092169651849765 0.06488791679566097 0.05381621109777557
0 0.16976155138300653 0.7274287605269344 0.04267579572460245 0.03731578990010287
0 0.6134835255085628 0.6824878421574951 0.02434852887180816 0.041442556820294296
0 0.6398479480695809 0.46376519363080126 0.023984655836278845 0.033630056820294296
0 0.6730831667421844 0.4344160863588643 0.016184200010131655 0.04403401340301172
0 0.8012496988702849 0.5912057473139296 0.019828243124352496 0.02809979557980835
0 0.6966906314591081 0.6064394750708082 0.01880619649491133 0.027083441207186976
0 0.5886547207116525 0.5888787753324438 0.030161073459382015 0.01974844367864481
0 0.5419921875 0.34521484375 0.0263671875 0.0107421875
0 0.9017365904134929 0.4676133739296726 0.029355749586278845 0.033848912119712526
0 0.9970703125 0.86181640625 0.005859375 0.0419921875
0 0.8896112481875041 0.678143838045689 0.021553947477146673 0.023296566825051546
0 0.8259808763663999 0.7559646050848059 0.027152461874352496 0.028398234624469776
0 0.7569298878168997 0.7697210486923689 0.024404710892117154 0.032185109006605206
0 0.5743059689019749 0.657498459125257 0.024484981260131655 0.044372244320294296
0 0.5561739566507712 0.519325644153799 0.03547733147205803 0.05018104866913076
0 0.662191208770035 0.5772545201516774 0.02062421538957282 0.04518963932980835
0 0.5847069530581543 0.4727275256413761 0.026119717354043503 0.03761589056553738