0 0.8103192174983844 0.21141311399317705 0.04367531616256004 0.05597488834075722
0 0.8934463829249717 0.2407184767862445 0.04673016559962173 0.05862450834128752
0 0.8567321661994733 0.29292256289116897 0.04514015991256004 0.05599761500768915
0 0.6973937808462528 0.1412507567499204 0.030867208223745113 0.06358284833837098
0 0.423828125 0.25390625 0.0283203125 0.078125
0 0.4970247677014106 0.6704397494960581 0.04308079696151723 0.043605096674090404
0 0.9429426564461043 0.5529163667979106 0.04535263581464566 0.08072204722973453
0 0.993896484375 0.423828125 0.01220703125 0.057291666666666664
0 0.012939453125 0.7307942708333334 0.02587890625 0.022786458333333332
0 0.005615234375 0.7526041666666666 0.01123046875 0.02734375
0 0.03820172684800627 0.8049813006577226 0.025947296229005268 0.03227981944886338
0 0.06512633405430934 0.8242933156627602 0.021208569652085618 0.02505018111473471
0 0.03688752650885885 0.8323250506577226 0.02773160230943139 0.01864582222708311
0 0.15570138321336258 0.7494698895673807 0.023349437557678154 0.028986733337310427
0 0.11641984982350473 0.7534211367825326 0.03237645743355477 0.023922335561211854
0 0.078125 0.7252604166666666 0.0322265625 0.01171875
0 0.29714143275885885 0.83636282181594 0.033346462445782654 0.04410462722787852
0 0.21168640499838443 0.8656587845785166 0.025459014979005268 0.03227224389321948
0 0.173719071947674 0.8422662817936684 0.014435213120616464 0.0262462066690529
0 0.10313732408753185 0.8366105345586311 0.02928376002445554 0.04078881444939375
0 0.09098706479558816 0.8657407473344646 0.03879906115033238 0.035731992228939045
0 0.041051406348052155 0.898193892325715 0.05420502776047442 0.03141711834287834
0 0.08816436372392888 0.90413705455651 0.023412018526209 0.03028881667064372
0 0.028363399813122192 0.9690134984351468 0.02402546171327069 0.032900558892954436
0 0.01171875 0.9860026041666666 0.0234375 0.026692708333333332
0 0.104248046875 0.9833984375 0.03759765625 0.033203125
0 0.24475930752814623 0.9502189018074557 0.02155857398947969 0.0627878711144696
0 0.2589376392868672 0.909392665698554 0.026423210980758505 0.021878303893484663
0 0.3035531669319853 0.9367974762624173 0.022228789134597804 0.03612546500371187
0 0.15129092188653503 0.94290502012382 0.035806792681801536 0.034384455561742154
0 0.12993676935677323 0.8585267162303354 0.019474478041943577 0.02957717055882562
0 0.18148716648786412 0.802643646794729 0.027123968132844345 0.04661031167117402
0 0.6266623168604639 0.8140967962284794 0.04147186728843666 0.05073625278484813
0 0.6160896967573353 0.8510698112268886 0.03378452922549835 0.05321921056121178
0 0.6223194970353436 0.9247890306731007 0.03854217978843666 0.05069079945098428
0 0.6690998771052497 0.8766502812366989 0.03816669397725181 0.04287829945098457
0 0.6857211120685662 0.9375001784624563 0.031167746568152577 0.05968417389401489
0 0.7124259374077135 0.9105503573559407 0.02573407184962173 0.05829875944859827
0 0.6807923971541608 0.796042323460335 0.035399267909053345 0.0766642861168559
0 0.706787109375 0.7395833333333334 0.03564453125 0.040364583333333336
0 0.752685546875 0.7477213541666666 0.03857421875 0.056640625
0 0.7410387338097533 0.7930678668045391 0.036163354506967504 0.051955005006098176
0 0.8209982543604638 0.8171118673747658 0.04880845253668342 0.061258977230529865
0 0.49339507152662265 0.9638350112056774 0.048570495160806804 0.06645973500821938