0 0.459625 0.2786666666666667 0.03775 0.05533333333333333
0 0.450125 0.1895 0.01625 0.03833333333333333
0 0.4545 0.15916666666666668 0.017 0.049
0 0.389625 0.20216666666666666 0.03575 0.053
0 0.363625 0.22333333333333333 0.02525 0.05533333333333333
0 0.21325 0.10966666666666666 0.0475 0.04466666666666667
0 0.271875 0.4088333333333333 0.04225 0.08033333333333334
0 0.231125 0.549 0.03925 0.07266666666666667
0 0.370375 0.5905 0.03525 0.04766666666666667
0 0.44075 0.4796666666666667 0.035 0.074
0 0.540375 0.5106666666666667 0.05225 0.07266666666666667
0 0.543 0.37183333333333335 0.039 0.05433333333333333
0 0.60675 0.20416666666666666 0.0285 0.05433333333333333
0 0.630625 0.24183333333333334 0.03325 0.037
0 0.58625 0.1765 0.033 0.035666666666666666
0 0.560875 0.111 0.03575 0.06333333333333334
0 0.75975 0.27066666666666667 0.034 0.06866666666666667
0 0.6875 0.21533333333333332 0.0365 0.06066666666666667
0 0.80725 0.12816666666666668 0.0405 0.061
0 0.784875 0.146 0.02525 0.051333333333333335
0 0.86 0.144 0.035 0.058
0 0.842 0.21133333333333335 0.028 0.04466666666666667
0 0.821875 0.2285 0.03575 0.03966666666666667
0 0.858375 0.39816666666666667 0.02425 0.041
0 0.883125 0.3883333333333333 0.02675 0.06066666666666667
0 0.779 0.37916666666666665 0.0305 0.045
0 0.705125 0.4101666666666667 0.02875 0.05433333333333333
0 0.786125 0.4663333333333333 0.03325 0.04466666666666667
0 0.9 0.5621666666666667 0.0305 0.043666666666666666
0 0.816375 0.568 0.02725 0.05533333333333333
0 0.7845 0.6148333333333333 0.0455 0.041
0 0.725375 0.6096666666666667 0.03125 0.048666666666666664
0 0.703875 0.6665 0.04425 0.057
0 0.751625 0.7041666666666667 0.02925 0.04766666666666667
0 0.747125 0.7621666666666667 0.02925 0.050333333333333334
0 0.808 0.7365 0.039 0.051666666666666666
0 0.803625 0.6703333333333333 0.03575 0.054
0 0.89125 0.7681666666666667 0.0195 0.04633333333333333
0 0.696 0.7371666666666666 0.03 0.045
0 0.581625 0.607 0.04875 0.06466666666666666
0 0.568375 0.6955 0.02475 0.04633333333333333
0 0.472625 0.5751666666666667 0.04025 0.033
0 0.4345 0.6876666666666666 0.0305 0.054
0 0.42475 0.7543333333333333 0.037 0.05533333333333333
0 0.373 0.8455 0.0235 0.053
0 0.416625 0.9023333333333333 0.03775 0.06066666666666667
0 0.268875 0.9293333333333333 0.03775 0.04066666666666666
0 0.203375 0.9695 0.03575 0.03966666666666667
0 0.175125 0.9695 0.03125 0.03166666666666667
0 0.109625 0.837 0.05925 0.07
0 0.5875 0.8308333333333333 0.0515 0.04766666666666667
0 0.547875 0.891 0.04625 0.043333333333333335
0 0.5465 0.9525 0.037 0.03166666666666667
0 0.495125 0.9721666666666666 0.04475 0.03166666666666667
0 0.7415 0.8856666666666667 0.043 0.06733333333333333
0 0.73925 0.9775 0.046 0.03966666666666667
0 0.80425 0.934 0.028 0.05
