0 0.134765625 0.019775390625 0.0498046875 0.03955078125
0 0.14617952129677336 0.09690604184938334 0.028812632598954835 0.06404276587446955
0 0.287841796875 0.3037109375 0.04443359375 0.01171875
0 0.30323215260390657 0.03424772692576894 0.03095839200758732 0.057794589306023436
0 0.4404296875 0.017578125 0.0361328125 0.03515625
0 0.38319925984627357 0.07061515836604937 0.03560308596951378 0.06334474648282007
0 0.4039478834503172 0.10646031059993022 0.028072842354043726 0.03769547431078035
0 0.366455078125 0.297119140625 0.02294921875 0.02490234375
0 0.4159262201431382 0.2586051012368228 0.02239540387180816 0.041362973075051324
0 0.46145008671674104 0.2591961854099232 0.030526292777896202 0.048517245556023436
0 0.5140626736952285 0.12839070430263355 0.024404710892117265 0.032185109006605206
0 0.5349129634490222 0.15591517935020371 0.02215593905074975 0.025757869011362233
0 0.5243874987053602 0.17150950463535086 0.026494288280440648 0.03519438025184818
0 0.5391857790505213 0.20564028310496069 0.041506598815969964 0.04360375834117047
0 0.5415175138258732 0.26620705404127143 0.020396794742366886 0.04030682682980835
0 0.60791015625 0.0419921875 0.0234375 0.05078125
0 0.087006521787891 0.09736032514298376 0.026438106260131655 0.04445182806553738
0 0.9845276801571549 0.0492485408761103 0.02013593413957282 0.04516974339349766
0 0.7168451964414349 0.0264004199154676 0.025551165736029002 0.02540885931553738
0 0.7006865034350055 0.20464131048100498 0.01898813301267599 0.030989691207186976
0 0.821919398389299 0.24470857702118254 0.025642133994911553 0.02736198431553749
0 0.8981247133448873 0.23181929002039525 0.020169374095161174 0.03542401432980835
0 0.9275540018842559 0.17044756447388598 0.019339961874352607 0.028079899643497663
0 0.9576039852129932 0.0488779736232014 0.023643524865470056 0.026305838070294407
0 0.9741333550428883 0.1621898983380542 0.02500670246572012 0.034646411192915894
0 0.7203220397777137 0.059035679920224626 0.020974697968264344 0.021323545888740636
0 0.2406693115416847 0.4885432639265563 0.05002410282230785 0.059058812072142475
0 0.30200280719902217 0.5344756993829558 0.04518677445174912 0.05983641520903504
0 0.42127599048441444 0.8265648958898344 0.073563268972058 0.05173293170136928
0 0.59521484375 0.810791015625 0.048828125 0.06982421875
0 0.58935546875 0.418701171875 0.060546875 0.09326171875
0 0.5392112136812118 0.6172704940127294 0.11152749082355728 0.1029900225520537
0 0.38466552225227035 0.639222401759547 0.0712155235469103 0.09549918077457242
0 0.62353515625 0.65380859375 0.0078125 0.05078125
0 0.6479948476254649 0.5878907120259397 0.04221160282230785 0.058740477091170584
0 0.7109630070037023 0.4483467390698135 0.048717107242366886 0.04146079113583173
0 0.7329677569263058 0.41663001537689764 0.03886051398348478 0.03910974740961681
0 0.787641866469468 0.3826037014511617 0.047525168269014095 0.0472604783268995
0 0.879108380762539 0.5398261316557131 0.032388449519014095 0.04664370430126641
0 0.8367563590759646 0.596832339046302 0.030662745166219807 0.051446933056023325
0 0.7621576530176277 0.5181742810613603 0.05733627739845515 0.048634959553114476
0 0.7576868902485681 0.5692340741697107 0.05227152838069049 0.044529750190007045
0 0.9113216251787131 0.6852759179675543 0.04349451005454341 0.05489391490010287
0 0.913713580823329 0.7996531060854188 0.03883911820174912 0.05957776803699533
0 0.8588816231101075 0.8512973368837762 0.03626125956342552 0.056548600855441666
0 0.7796957513931382 0.7791858945119421 0.04651516581342552 0.05696641551796722
0 0.8424794264336648 0.9507856746451384 0.040348099798205084 0.03965771646854899
0 0.9182299000948416 0.928130762644351 0.047855601348954835 0.06481870739058881
0 0.99169921875 0.769287109375 0.0166015625 0.06591796875