0 0.044921875 0.0078125 0.0244140625 0.015625
0 0.10118831277383777 0.049809567221305584 0.029253167272723646 0.039467783242814525
0 0.1007011847930625 0.11454417931706407 0.02484406678029827 0.051881608647056154
0 0.09913377971147208 0.17149188114880065 0.038789509207455275 0.04337195697639751
0 0.21044848873827143 0.24311293567754233 0.025272917791371863 0.038286502854990356
0 0.128098233680001 0.19791647692000802 0.02017539146852887 0.02877885148118775
0 0.534423828125 0.154296875 0.00927734375 0.0400390625
0 0.5803837140850697 0.06712214071791095 0.0300520156905566 0.030755489950748727
0 0.5870279448950897 0.10305023533008656 0.03528967972027841 0.016439719018463306
0 0.611022170909066 0.206209680292811 0.031931141209204816 0.029881286394660922
0 0.6076714936538175 0.24609312811052564 0.037420518802445346 0.025305550726397508
0 0.5796931933449508 0.34266215160094504 0.03580039146852887 0.029597723032485312
0 0.7021407878729231 0.3347742841204551 0.04496673599650114 0.028619084266068184
0 0.7123571177476347 0.3013941072350259 0.04433045578379735 0.02664036953009008
0 0.696034100757555 0.15714434433078442 0.035741537864214745 0.04807564132455111
0 0.6702729017161831 0.12123768692175266 0.03864151024475149 0.04141883197639745
0 0.6658789471007955 0.1538225057254453 0.031738857884612504 0.03376194665868282
0 0.6562893062791255 0.0660854191413136 0.030392297977853033 0.028827954686726776
0 0.6610689808129226 0.09034594322544531 0.02040467453379735 0.0253864724671658
0 0.6259765625 0.010498046875 0.0283203125 0.02099609375
0 0.7816004500815708 0.08304871593886759 0.04115691597610338 0.042523343156287696
0 0.8062662261450897 0.09156044387594325 0.031199007651510957 0.04589220870074873
0 0.8140798794143145 0.155860030460075 0.02080438706002008 0.03707963273118775
0 0.8349734118327241 0.21163060443682138 0.02519891831002008 0.03730994035499019
0 0.7948615031205969 0.27746142264680174 0.01953182663461228 0.03312220325923165
0 0.8627858957575354 0.35870977216356775 0.05647134880827043 0.05208009773562916
0 0.8955298779923863 0.3315022759091264 0.04081663368880717 0.0444508784203097
0 0.885119534889245 0.271750758990863 0.03872279434731607 0.0360733279623755
0 0.8757081847843542 0.22518283582259951 0.022461514134612504 0.033275741675099946
0 0.924498733409066 0.18978106979490456 0.02685604538461228 0.03350604929890233
0 0.9293736846532409 0.16354390724121187 0.026959183350815152 0.009194345742814525
0 0.8802417004720082 0.13621536564510445 0.03185714172785303 0.028904723894660922
0 0.9688717436509148 0.10902032698916564 0.03418026413461228 0.03388989533857312
0 0.9753382603787677 0.13613376936536323 0.03531939483974167 0.023250066782485257
0 0.989013671875 0.24072265625 0.02197265625 0.0537109375
0 0.049761556407336066 0.45839653826097626 0.05133682274475154 0.042084165111826694
0 0.05553293931817116 0.5022139020810861 0.04907313057691853 0.0507196891959584
0 0.10948390431232646 0.6837092937308862 0.039189221733678004 0.0550651172404194
0 0.13844049702503025 0.6841526243081814 0.02800303734556664 0.04864276804890233
0 0.17772441883447354 0.6526806217500474 0.049783410270974215 0.05367496643193648
0 0.2792886487383106 0.7444214902062841 0.05827647484556664 0.050229331679541245
0 0.2690067572726845 0.8351608809655158 0.045182026453956414 0.06996945210019989
0 0.2270527227825852 0.9025589018694083 0.041615482106640234 0.035738585128243905
0 0.22664630226976218 0.9295423192992986 0.043080325856640234 0.03581535433617811
0 0.17197221824296283 0.8549528553971033 0.07333919411421475 0.05004605099486081
0 0.056256269979563234 0.8222898656580323 0.052831381614214745 0.04897128208378276
0 0.08502230927151166 0.9237285695109763 0.06580083817598426 0.07250906476127783
0 0.351046445163122 0.8891975816950063 0.04827428215908558 0.05943198248802428
0 0.3881418275553089 0.932353764912521 0.04385003578962232 0.05239132710019989
0 0.43249298393351965 0.8707127600647162 0.03972964860139161 0.0750334690184633
0 0.467612810827456 0.9007365290041871 0.05022740715908558 0.05953434143193648
0 0.4475204333653289 0.9655181680390674 0.049931409233678004 0.055628091431936255
0 0.502685546875 0.987060546875 0.04638671875 0.02587890625
0 0.5067688576339966 0.7511281299484481 0.04507831185314126 0.062182541836177885
0 0.508544921875 0.58837890625 0.04248046875 0.05859375
0 0.3825182319784295 0.4635076347678601 0.043687467584493156 0.0630823351282438
0 0.6717810881875952 0.8552046002240496 0.04861456444638179 0.057504447224002275
0 0.7764297125407364 0.9100172980985499 0.05289809647435395 0.05626991109780466
0 0.6971161077622072 0.6396505664159156 0.03991407067015906 0.045376261448353494
0 0.6638506693502189 0.4658950580910155 0.041024062890437474 0.06002469894835355