0 0.39546545099567565 0.04547074013877367 0.0830344904113467 0.08877184011389483
0 0.10599410131170603 0.27634814413056086 0.08982176136326192 0.05830856040855603
0 0.02001953125 0.056396484375 0.0400390625 0.07275390625
0 0.6571126902425575 0.14411599303808909 0.06037999568758812 0.04881402297991122
0 0.7463559978717054 0.03508587043846534 0.02583134867049597 0.05423734900184818
0 0.7211492981459611 0.08149082350400272 0.0418082622257443 0.04708141490010287
0 0.5882064820946844 0.06641460161683677 0.032025591263900255 0.045706933673887784
0 0.572021484375 0.191162109375 0.02490234375 0.03857421875
0 0.631677232400786 0.3154413623583834 0.05982353059021239 0.04488787704360053
0 0.6768718427902893 0.2979859362177948 0.023741855975744297 0.046345265256605206
0 0.8720795956817786 0.26807480137980655 0.0423476813612762 0.05003099833641356
0 0.9592323016475941 0.2508614497164936 0.054605850496808106 0.0534580842441823
0 0.0546875 0.39111328125 0.0556640625 0.04296875
0 0.4023346248510683 0.623775656132442 0.0430465657968786 0.09007006083641356
0 0.032958984375 0.870849609375 0.06591796875 0.07861328125
0 0.118896484375 0.9853515625 0.07177734375 0.029296875
0 0.6342168273152509 0.5081971692729977 0.046074948761914536 0.0399362595768995
0 0.6430278784519889 0.5624867505467828 0.030748253094183886 0.05638943336495561
0 0.57080078125 0.64404296875 0.0224609375 0.07421875
0 0.5693359375 0.78955078125 0.01953125 0.060546875
0 0.5703125 0.947509765625 0.021484375 0.10498046875
0 0.6179542195152541 0.8528532651855234 0.036565013189573975 0.05418677835068464
0 0.6744232759282337 0.9442356487645445 0.034475520494822276 0.046294694605441666
0 0.7116604956420634 0.9353993388549278 0.047741872716595024 0.07952683269952088
0 0.678466796875 0.9892578125 0.04150390625 0.021484375
0 0.7620258307134768 0.3980835489548249 0.022893138189573947 0.05362969213398361
0 0.8028663068204286 0.5462151543731684 0.03112573559219811 0.05006167305126641
0 0.8206539260374504 0.58940442129336 0.034955278763900255 0.045826309291752354
0 0.8047660759977351 0.7169146325100609 0.025198176744822276 0.04591667181553727
0 0.7705803368542603 0.7466077646155025 0.03956288453694978 0.05821240396854899
0 0.8256904055943315 0.7760779091260772 0.05930968039744644 0.04340313735728962
0 0.8528405983705729 0.8140063407563647 0.027057548954680488 0.04062516181078024
0 0.8927883794178783 0.8455581030425727 0.0300018110790774 0.0695332352423339
0 0.9531013002266714 0.7167256428715937 0.03888709770666621 0.0474503205322383
0 0.97802734375 0.771484375 0.0439453125 0.0595703125
0 0.982666015625 0.57958984375 0.03466796875 0.0634765625
0 0.987548828125 0.921630859375 0.02490234375 0.09619140625