0 0.09027571019558434 0.13666167546951247 0.030290010194764072 0.049989314117802275
0 0.2161893051580751 0.3857786950772544 0.0418893845768995 0.047742166080340986
0 0.10980866532932754 0.4500620964914943 0.042627195841170584 0.041939669368886046
0 0.06878805546700739 0.37572522975697353 0.03810251019476407 0.05044434042616164
0 0.234619140625 0.262939453125 0.01025390625 0.04638671875
0 0.522436100214339 0.1681969781921117 0.05886896986680368 0.05798644073560455
0 0.5381034062746054 0.348244555472917 0.04588599710068453 0.0382324933787932
0 0.4512887799431893 0.05246078582988151 0.054295375190007045 0.05333595718715245
0 0.9579597995494513 0.4343678527685887 0.06159969800369636 0.05327426310123928
0 0.7874609423964396 0.43863118681177504 0.0425277161596167 0.039498263118886046
0 0.4959910341028392 0.48087724465248294 0.04049500741437373 0.03743138154179615
0 0.7422422464595819 0.17904146811471544 0.05440563365010287 0.04408705258142498
0 0.09599415202063571 0.7671247250094475 0.04183881392573596 0.05845591443606868
0 0.14056867894558434 0.7902773779267857 0.029521524215640138 0.06699384043498491
0 0.12723256418819184 0.889346409185609 0.06831625988583179 0.05074272362105359
0 0.005859375 0.708251953125 0.01171875 0.03369140625
0 0.05239286435414037 0.6960636313035645 0.05040902112631773 0.05359672528297288
0 0.216796875 0.671875 0.0458984375 0.0380859375
0 0.3947543246208064 0.9080529240017079 0.05746381392573596 0.059365967052787294
0 0.5085545305856592 0.9259381525114618 0.04603438581262842 0.05382905423452078
0 0.55322265625 0.98828125 0.052734375 0.0234375
0 0.5192395009514021 0.8198625488870037 0.05462448894952099 0.04945814633142487
0 0.6254916480045165 0.7707443053670362 0.04765839705311459 0.057820621667338035
0 0.6056735467922992 0.6565293794034136 0.05921797956262842 0.05459691112987697
0 0.7710657512835726 0.585404769051868 0.04795683609777557 0.06514484041733815
0 0.799727617942402 0.62671877724676 0.04850480515670785 0.06663812331161056
0 0.714111328125 0.98046875 0.04443359375 0.0390625
0 0.9699529168493833 0.7012393593192083 0.055271937690007045 0.0533928354756974
0 0.25 0.98291015625 0.0205078125 0.0341796875