0 0.44941087648621947 0.10152857322235942 0.07249040154100261 0.09477528001568869
0 0.5306004174919049 0.13432641888150454 0.06008960526186691 0.07449305839331855
0 0.3031202665153552 0.09141575898624865 0.05648407378510456 0.06890293125346081
0 0.627685546875 0.02783203125 0.04443359375 0.0556640625
0 0.66845703125 0.014404296875 0.037109375 0.02880859375
0 0.6689453125 0.04345703125 0.0380859375 0.0341796875
0 0.6669921875 0.43798828125 0.0341796875 0.0849609375
0 0.7016554683013811 0.06375329513312011 0.04367560548862914 0.07880027567829462
0 0.66943359375 0.19287109375 0.0390625 0.041015625
0 0.7576124912721036 0.12155316500553592 0.0340169339827312 0.05333470321151723
0 0.7791836571089438 0.2293010598237345 0.036242877494385484 0.06127236514857892
0 0.7413085150968642 0.3652178752537826 0.04448630297107692 0.04621059386535631
0 0.8575024014398859 0.3582590212486143 0.04372055665719099 0.06613625366256004
0 0.8097949855500345 0.4548564553167669 0.029157374942083036 0.0676389453845978
0 0.907470703125 0.471435546875 0.05126953125 0.03662109375
0 0.9192118873128936 0.08391484568221513 0.045196249261795884 0.05258954059962173
0 0.9232746885277892 0.1489377568867648 0.02178200272114772 0.06570474437061646
0 0.9379308633821106 0.2454362589689445 0.05801712216301835 0.07094992770625708
0 0.26104132957490234 0.5738093374111743 0.04466301684323426 0.06522227213109089
0 0.198974609375 0.502197265625 0.05029296875 0.02490234375
0 0.2429810842308885 0.867767016409421 0.05173146823855834 0.058367410645072115
0 0.5181578022426845 0.8004396577207897 0.04529235390129305 0.041390362333887154
0 0.4692987071272048 0.5672842381298431 0.045934095564098554 0.04581618406815258
0 0.2853298109754865 0.7432560461367188 0.03782087704086079 0.05065533958564061