0 0.24365234375 0.27544269579834224 0.0283203125 0.04721747725379366
0 0.29345703125 0.21794722394684302 0.02099609375 0.04687634628298498
0 0.310546875 0.28258093918162275 0.0263671875 0.03296635274491133
0 0.28955078125 0.34947681671460773 0.0166015625 0.032023230200499686
0 0.07421875 0.17102950475638368 0.0234375 0.03673615035658795
0 0.1171875 0.08748523431097255 0.021484375 0.04445768209770551
0 0.35009765625 0.026344300689255695 0.021484375 0.03908658834770551
0 0.333984375 0.053461976325034855 0.02001953125 0.023393362153543817
0 0.3515625 0.08096357449509395 0.0205078125 0.032693447968264344
0 0.4052734375 0.03549319737583012 0.02197265625 0.041550736662426146
0 0.39892578125 0.09291775046719764 0.0283203125 0.05551825850379366
0 0.44775390625 0.023749012745139603 0.02978515625 0.024824765947955407
0 0.47314453125 0.045515644129669436 0.01416015625 0.02556186362689683
0 0.50341796875 0.060218917366993446 0.01953125 0.033624526338823235
0 0.52880859375 0.05561836125152325 0.03076171875 0.04879603132739657
0 0.556640625 0.12365800106245017 0.0205078125 0.046853604218264344
0 0.5556640625 0.20964098519189134 0.01904296875 0.04434397177410265
0 0.544921875 0.2614108418657441 0.01513671875 0.049533129006337995
0 0.560546875 0.3148823145446855 0.02392578125 0.036758892421308476
0 0.52685546875 0.3457483920104056 0.01513671875 0.044162035256337995
0 0.57763671875 0.3677972797794652 0.02197265625 0.035203080412426146
0 0.6103515625 0.31060949894318635 0.0126953125 0.026958481182735028
0 0.63134765625 0.22857690266020136 0.02197265625 0.044480424162426146
0 0.673095703125 0.2109375 0.01318359375 0.02734375
0 0.65625 0.17175299485945172 0.0185546875 0.038950135959382015
0 0.6396484375 0.1105145063099515 0.03271484375 0.0264260620862789
0 0.63916015625 0.07635756087467208 0.015625 0.05443868357105858
0 0.677001953125 0.11181640625 0.00537109375 0.0556640625
0 0.6767578125 0.30126953125 0.005859375 0.017578125
0 0.666015625 0.31973565356504013 0.01708984375 0.024233472265220324
0 0.6591796875 0.3415384174711283 0.02392578125 0.035294048671308476
0 0.6337890625 0.35102178608659845 0.013671875 0.030910215312176192
0 0.61865234375 0.3395197588429365 0.015625 0.021235558571058633
0 0.53759765625 0.392578125 0.0126953125 0.0146484375
0 0.45556640625 0.3759242022096103 0.01318359375 0.03479372324745578
0 0.43896484375 0.35960758866011 0.02001953125 0.029741018403543817
0 0.37939453125 0.23835868305602087 0.01318359375 0.034793723247455666
0 0.368896484375 0.38330078125 0.01611328125 0.033203125
0 0.35791015625 0.37314839640372643 0.01708984375 0.03644050351522021
0 0.7421875 0.32683394269684307 0.041015625 0.05025017718652869
0 0.82470703125 0.33763897125906495 0.04638671875 0.05538315239845515
0 0.32861328125 0.6949123496968888 0.0537109375 0.05963053336926383
0 0.46240234375 0.6862396177134497 0.03759765625 0.05399723273348467
0 0.55029296875 0.6323413585637452 0.03564453125 0.05488282697460245
0 0.514892578125 0.42041015625 0.03173828125 0.041015625
0 0.65185546875 0.5363024153518644 0.0322265625 0.09232128877155832
0 0.6552734375 0.90234375 0.048828125 0.0498046875
0 0.66845703125 0.967529296875 0.0224609375 0.05419921875
0 0.420654296875 0.9638671875 0.03466796875 0.072265625
0 0.193359375 0.7085361203744894 0.03857421875 0.08578099811292583
0 0.21435546875 0.4629293053415045 0.06494140625 0.051364538357837164
0 0.26318359375 0.5368269738694464 0.0478515625 0.04226778484261695
0 0.13525390625 0.7493283635762386 0.0419921875 0.055178473815969964
0 0.74609375 0.6752833276500697 0.03955078125 0.036021794742367
0 0.7001953125 0.516845703125 0.041015625 0.05322265625
0 0.79833984375 0.5312483642249676 0.0263671875 0.03931400899491133
0 0.8505859375 0.4594790257998655 0.04931640625 0.06479694853677864
0 0.9072265625 0.5906300087922781 0.0400390625 0.07168906805708763
0 0.692626953125 0.46484375 0.02587890625 0.0419921875
0 0.7841796875 0.7780016341018644 0.0439453125 0.05526944207485229
0 0.8876953125 0.7248404726311014 0.03759765625 0.05888004523348478