0 0.03706275705099871 0.19100787108712358 0.05061240994229607 0.07836527194783938
0 0.8510385574167538 0.44740815376542603 0.031512208574587586 0.05427982798266029
0 0.7928421696888025 0.44553099144585473 0.029104488684830843 0.03468037335474672
0 0.6840135000694884 0.5148142404229714 0.04651254885766054 0.0489490388489906
0 0.9588289410969837 0.12355986196852542 0.03579268284565984 0.02857143330244427
0 0.9555477590703995 0.15055173997435256 0.01938432317380645 0.03629247521517892
0 0.9165185371741538 0.11135438646866716 0.03219328439624558 0.04161861779661713
0 0.988037109375 0.119384765625 0.02392578125 0.02783203125
0 0.6633165009967883 0.12948128069045284 0.03512297189624569 0.04172092473848743
0 0.5958208562873266 0.1689778176674278 0.03939248955156249 0.03650329140129305
0 0.749570992650152 0.07711271734132061 0.027537361084635448 0.03023468863381157
0 0.016845703125 0.564453125 0.03369140625 0.0498046875
0 0.005615234375 0.609130859375 0.01123046875 0.03955078125
0 0.012451171875 0.73974609375 0.02490234375 0.044921875
0 0.04465565016996553 0.7012276336267795 0.05250789406809897 0.034033985139709566
0 0.2087761993006514 0.7609792858529749 0.04365105059112406 0.05177641940712019
0 0.24761221836875036 0.7918758581086602 0.03288613334663637 0.050424731453595495
0 0.2866393989825524 0.7260074870794537 0.040880471302539245 0.05851004996524978
0 0.35279317225425366 0.5868674727885219 0.04779555465175789 0.041187692319925695
0 0.375244140625 0.55712890625 0.03759765625 0.03515625
0 0.5186517303252823 0.6792998664507605 0.03133037061868493 0.0464673279826604
0 0.47501408588884586 0.7360443541427726 0.029490894341124285 0.05128193585474672
0 0.4023153709741105 0.6569738031546395 0.056255444113172626 0.04831349948855834
0 0.39666138018747854 0.707993769352337 0.05128171263522141 0.04423673791877447
0 0.53271484375 0.82470703125 0.013671875 0.0546875
0 0.533935546875 0.93896484375 0.01123046875 0.0595703125
0 0.490966796875 0.98095703125 0.03466796875 0.0380859375
0 0.4137666713746099 0.9180167091778773 0.045229543063563415 0.056710385378055506
0 0.2080078125 0.978271484375 0.056640625 0.04345703125
0 0.1118262044057296 0.8787155343765669 0.051792723629709214 0.045230351575752836
0 0.061421219959245266 0.959641570673255 0.052928394341124174 0.052100391389709566
0 0.655517578125 0.552978515625 0.01513671875 0.02685546875
0 0.6276764605681644 0.5826884663714486 0.02414293859210076 0.073049978221006
0 0.5653152885740239 0.7168092589065531 0.040255811585612034 0.05263362380827141
0 0.54736328125 0.746826171875 0.015625 0.04736328125
0 0.5611399559485684 0.8943452223251858 0.02804918859210076 0.07318638747683304
0 0.6021551726920795 0.8718997802320224 0.04031222769034293 0.03409598746524978
0 0.6855270693603739 0.9056392284526742 0.03641815907556434 0.07640594464546568
0 0.76123046875 0.974609375 0.0478515625 0.05078125
0 0.7987283569981777 0.8772522463767087 0.022529943246440975 0.04567212590704939
0 0.836404342584419 0.8163178413184373 0.0392569275976129 0.07260200158733632
0 0.7433650222014326 0.5771824984175695 0.045808335035026015 0.03965464394201201
0 0.6684786025344622 0.698057694877134 0.03192093571888027 0.050878910389638765
0 0.9534197364748052 0.7208487652657096 0.04660346783561198 0.0528552888489906
0 0.996337890625 0.7646484375 0.00732421875 0.076171875
0 0.898380741948221 0.7496480659112463 0.029309464641710137 0.06444847844776858
0 0.8775656696411462 0.7161674758473604 0.02258676760766065 0.04811353215704939
0 0.8993723436288635 0.9392205490100951 0.019998026274978375 0.06265966271517875
0 0.8278438022987636 0.8894298218649835 0.036690099496440975 0.046166609459422636
0 0.9355843019780823 0.9203635872367155 0.05016917992478298 0.059322303197839155
0 0.9375 0.5517578125 0.0556640625 0.0244140625