0 0.38480779649844526 0.49134573211825117 0.03282814468715245 0.05450307793123277
0 0.5506505084331237 0.25428049547779413 0.03421248680170352 0.044885451893936446
0 0.508737911288698 0.14026595865087557 0.03794810193606857 0.042251762319343966
0 0.5017554179099049 0.18436655473479205 0.043205439108978894 0.04070563446677938
0 0.506294423080954 0.43483298212115395 0.04138969403297277 0.05126282326339959
0 0.4293450595908612 0.4255690543443546 0.034383121667338035 0.047815139393936446
0 0.26233178634163845 0.17750415029425498 0.032638702271981845 0.03455754616258455
0 0.6787189427769298 0.37042738966196875 0.044670282858978894 0.04081663368880717
0 0.88487202818204 0.2580448778670783 0.04279765949442793 0.050397259985427434
0 0.962980498832191 0.5337035155768597 0.03082777299334416 0.03685095344988065
0 0.984619140625 0.642578125 0.03076171875 0.0546875
0 0.9397599691117593 0.4103157816549512 0.05170047857151783 0.05301638031759448
0 0.954345345606034 0.2525196538023866 0.04409668417616164 0.03931479019813122
0 0.7794649722679532 0.25741415237175014 0.047315578916254264 0.03615581963286285
0 0.7114968475326551 0.5318124923601 0.042892608521981845 0.03533454071677933
0 0.8886842404343607 0.34416009194924535 0.039242310820434056 0.03943307404137175
0 0.8077634839807986 0.4704460683478536 0.03136330093715245 0.054392078709204816
0 0.8365296468343585 0.4986189585197621 0.01622658218715256 0.05324508674825057
0 0.8321784577606732 0.5733259897697622 0.038289371667338035 0.04811113731934391
0 0.32344698858715015 0.7211691873804975 0.0420249868017033 0.04547744774475154
0 0.83935546875 0.99462890625 0.029296875 0.0107421875
0 0.693603515625 0.990966796875 0.03173828125 0.01806640625
0 0.7078486317888513 0.8448707366491652 0.02671763318606868 0.04140076828379724
0 0.6684973801886959 0.8889707560984694 0.02450855588761658 0.03685823807109356
0 0.7210645692006173 0.7526892949999804 0.028789330560526794 0.035238110737176975
0 0.9572745774660966 0.8147274806905175 0.02597339963761658 0.03696923729312129
0 0.8880812913273962 0.857547078458589 0.016326347012074693 0.029918585970278355
0 0.9036826679804921 0.8675571324008952 0.022617124973529856 0.02942302009906561