0 0.20906653130376301 0.3355275648827616 0.07797516664943216 0.053660853033205225
0 0.399153683797732 0.06254782805260184 0.06226493684021239 0.04750258295685983
0 0.5704015635155332 0.05647861404387916 0.055463091263900255 0.048897695267208774
0 0.5438177211864559 0.12276537048231795 0.0341637505067367 0.08567830180047309
0 0.54931640625 0.392578125 0.0595703125 0.0341796875
0 0.3801596349961023 0.22627157492699568 0.04637325309418383 0.05888257983125378
0 0.420166015625 0.01171875 0.03759765625 0.0234375
0 0.04418582513525282 0.3690102603311354 0.06952097174283656 0.04419420369577165
0 0.7228752807990857 0.29380431848249544 0.03423193435411265 0.0895845518004732
0 0.7940010442927018 0.19692509897752797 0.032496826552056435 0.046047804451951446
0 0.8287822831321346 0.221279253524305 0.03431358385730454 0.03839473664899473
0 0.8527190587005037 0.2506159059873445 0.04382104809219811 0.052335633334949616
0 0.8705820223769569 0.17970545466221155 0.02917261059219811 0.051139891857125974
0 0.8103774289827025 0.2672076450009164 0.032891355011914536 0.0407165687512121
0 0.7938660389668164 0.31671343742457103 0.02328766664943216 0.04919675151599634
0 0.851318359375 0.391845703125 0.03662109375 0.03564453125
0 0.9119729119378096 0.3576489433949437 0.03158597656198503 0.07766651155416904
0 0.97900390625 0.388427734375 0.0419921875 0.04248046875
0 0.3175757675557488 0.876483443101981 0.02817047914943216 0.04959533200860444
0 0.2472778421801457 0.8418954322091661 0.04281039366851025 0.050302792236428084
0 0.468240236913833 0.7890307731265226 0.0291640876112762 0.050651610607125974
0 0.12537440899255745 0.8783973547424896 0.034535181361276146 0.05109004914899473
0 0.15207893542340883 0.9172504992510939 0.03590022067765941 0.017558075096038017
0 0.07910317826915181 0.7279271748164103 0.04592153510531888 0.03300367358125378
0 0.15417422636134995 0.6851574733040509 0.040215573761914536 0.041314439490124144
0 0.07665435800681061 0.6441122166723241 0.03987218318758823 0.04957536269086338
0 0.009765625 0.661376953125 0.01953125 0.02978515625
0 0.5592939968044688 0.5309489290956828 0.04893645241453859 0.03812563437681843
0 0.645263671875 0.8740234375 0.02880859375 0.0517578125
0 0.6283040964925575 0.9194511454811056 0.034955278763900255 0.04722365719825561
0 0.65087890625 0.7646484375 0.017578125 0.041015625
0 0.182847561385179 0.6112176490626552 0.028292272219786918 0.028639096307865153
0 0.0148920236407096 0.45668218987063863 0.0245990967428365 0.04052726316377881
0 0.9067970865481586 0.6774543210342991 0.0606697770389355 0.06785096325981665
0 0.9212346674622707 0.5226491954665582 0.07417119242049597 0.05920136363911882
0 0.854736328125 0.98828125 0.04638671875 0.0234375