0 0.014404296875 0.091552734375 0.02880859375 0.05126953125
0 0.029970100618958273 0.17240980886689716 0.045605792371560705 0.05425192797107692
0 0.08542110173576198 0.11958088497754193 0.04202699451030134 0.07411799880827141
0 0.11126605354233224 0.3493241932799862 0.05427381763292288 0.0755208402327312
0 0.7046861307289164 0.4334295028271703 0.04255506763292294 0.07511161246524978
0 0.6916268974591011 0.5019190847806241 0.04522776958165653 0.04497458422107692
0 0.6374326200584514 0.28389917303041146 0.032422198621560705 0.0537915467326604
0 0.6598471192027364 0.18982055449559032 0.02254631516146488 0.06271081618611407
0 0.655467499026727 0.11729916214091451 0.0389795930132103 0.04719432543035795
0 0.6987711567024629 0.06257911557709944 0.034425894272724245 0.043134615017552336
0 0.8651979933948649 0.2502899524614072 0.03448392046088311 0.0684911377035955
0 0.907409036194283 0.24638525821154889 0.026063763593018763 0.06527158053496285
0 0.9507632645211825 0.20242445030471223 0.0400863099096167 0.03845641640129305
0 0.9725701067976031 0.11125846811291273 0.021938658293600533 0.059764077529135706
0 0.8860174943927432 0.14735406679867247 0.024978604253696357 0.05060609187798448
0 0.8131118761892526 0.1125357284379569 0.031127301140588592 0.04594494441870367
0 0.786985101545755 0.12971547452508037 0.03106761333165653 0.04448010066870367
0 0.779052734375 0.012939453125 0.02490234375 0.02587890625
0 0.747889456156227 0.2251674787226362 0.03902850204360031 0.060360868023379366
0 0.9590234448446593 0.33571438270010723 0.026721991112046872 0.05749318284891958
0 0.9378698452249468 0.36284731651399316 0.028774595793600533 0.06000279372683326
0 0.9189296793980473 0.4076606822697495 0.023345475855441666 0.03445870831402775
0 0.01220703125 0.7626953125 0.0244140625 0.0517578125
0 0.04228990451669906 0.7626565843320052 0.02758829515195088 0.06678757775589794
0 0.02830301777727387 0.8179114190645238 0.04040464489058876 0.04626891640129305
0 0.08280646948815701 0.7523360292042334 0.0345237123335046 0.0694677002035955
0 0.05197509320458449 0.608967348680854 0.037073715422827 0.08418434233150895
0 0.012939453125 0.973388671875 0.02587890625 0.05322265625
0 0.056640625 0.989013671875 0.0380859375 0.02197265625
0 0.1594981530198814 0.9222439645475384 0.03609881454360042 0.060258561081508955
0 0.22711886418873878 0.7627542654198376 0.04970934011389483 0.08316282866294733
0 0.22002176532905404 0.5889199381174641 0.037404490803114365 0.05640346455244427
0 0.21923828125 0.54931640625 0.033203125 0.01953125
0 0.38862718529099805 0.5791605361180312 0.043871522670978935 0.05955481709316324
0 0.34540311136050506 0.6319274576818462 0.037892772053114476 0.056420515709422636
0 0.276275293894351 0.9004061825014176 0.054883136121560705 0.05457589995366652
0 0.4601483960566033 0.7679579797985308 0.032910479871560705 0.053808597889638765
0 0.49952011387980655 0.7737336547637805 0.036865638901950826 0.06711154973848754
0 0.5320741285185472 0.754822448717376 0.018582038973306014 0.03721788424424366
0 0.5849609375 0.689453125 0.0498046875 0.09765625
0 0.5647972803724142 0.8757642940547122 0.03751308764243699 0.0710348508954659
0 0.7322453257608482 0.6346013571289767 0.06714073802272424 0.04427704253510456
0 0.615234375 0.74267578125 0.0107421875 0.0419921875
0 0.6526870092925727 0.7990529222391962 0.05839146739534573 0.04494668420949355
0 0.639892578125 0.8505859375 0.06005859375 0.0341796875
0 0.7545205968639278 0.831947591361637 0.05496271986680368 0.05652902495366641
0 0.7770594564883975 0.8068189360186863 0.03640803236680368 0.05588108098848754
0 0.8154239370967479 0.8013129887630008 0.03827079484301865 0.06569785945942264
0 0.7025754128332642 0.7147352821521435 0.05352855083165653 0.045264453889709566
0 0.6725340800858997 0.611979201163656 0.0350841217917523 0.035356217331509066
0 0.8750564080803553 0.6938647695015592 0.03856177835068453 0.03694041918035784
0 0.8958353081517104 0.7239289465655869 0.04520787364534584 0.04448630297107692
0 0.972900390625 0.75634765625 0.05419921875 0.056640625
0 0.985595703125 0.7099609375 0.02880859375 0.0556640625
0 0.9591244991210468 0.610740710402994 0.0591292786596167 0.03912141152345028
0 0.8915228313216286 0.6137587444899759 0.055591934291752354 0.03607236592460161
0 0.7978515625 0.5546875 0.0224609375 0.0302734375
0 0.97021484375 0.915283203125 0.0595703125 0.05419921875
0 0.8374828235750844 0.8959667000828557 0.040554695223306014 0.03798518630827141
0 0.803955078125 0.9853515625 0.05419921875 0.029296875
0 0.728759765625 0.990966796875 0.08251953125 0.01806640625
0 0.9201598171818272 0.5829753280307659 0.05787417305126641 0.03225137170949355