0 0.5215108516010518 0.2827457724690925 0.022478902332371042 0.03492993840704939
0 0.5729157652490312 0.35280094936427475 0.018387954399216477 0.028445872901222025
0 0.113525390625 0.384521484375 0.03076171875 0.01025390625
0 0.328581459899691 0.3378719766964926 0.01870574524938151 0.02260354905820039
0 0.32203031922127856 0.1631184426674278 0.02325655936589688 0.028128103221006118
0 0.4003249879582269 0.031835879545057844 0.02924380216577327 0.03272724835474672
0 0.5929112848866394 0.20009292276535517 0.03195515154884543 0.042089847889638765
0 0.464163607234124 0.29403515274254277 0.02436098966577327 0.03255673678496285
0 0.14442087638498993 0.2744078394994329 0.023455464832371153 0.03496404072100612
0 0.23550948869228877 0.5765066337426136 0.021976413549051554 0.0344246060000708
0 0.2668215439427011 0.5607498710390181 0.023668577832165028 0.04228825947100606
0 0.24771880942325786 0.6601499856030457 0.03191252894888663 0.040625004139638765
0 0.18297630863973213 0.669253726981172 0.024877685982412356 0.03355035044194121
0 0.1234897735215672 0.724607777853471 0.029737308532907236 0.01615978816870356
0 0.25844532157185585 0.7096307011204563 0.022208959199299105 0.025652594657049277
0 0.3025251948069486 0.6455278923644874 0.030666023315814472 0.031313558075681924
0 0.12166140517758772 0.5105871299406655 0.041711794132659796 0.025358078436184983
0 0.05076199285723726 0.6440553319583595 0.040275365449298994 0.026283487465249777
0 0.05720616620430946 0.7479398801095107 0.024275744465855675 0.029627049284962848
0 0.10261109733717544 0.7629727361674987 0.02555589028270111 0.023330546505898053
0 0.3222973267181858 0.837904502562114 0.04329029814921648 0.02931548190712019
0 0.41343771954931985 0.9129261919920466 0.03775769641556703 0.040341336773379366
0 0.2094489956529899 0.7895460726031875 0.03498951689921648 0.02902561223848754
0 0.2014674730712373 0.7336153938939066 0.050268310982412356 0.03443701060481763
0 0.17271799893548478 0.8206441679405236 0.026859226049051554 0.03459511756985467
0 0.14073818961905177 0.8134517118941192 0.015230946366103115 0.020531065959351835
0 0.15342305188478378 0.8462456091266378 0.02262620278270111 0.023228239564027753
0 0.20480477558325805 0.8987056098648418 0.030144101882041197 0.046904455761725306
0 0.12440885973309301 0.9073784257662765 0.03751616834913407 0.03204055552337959
0 0.2944300119586394 0.5856909636552066 0.01857787744950512 0.0182090178082005
0 0.3249061122241651 0.625195237986503 0.019739137882659907 0.02459077637215734
0 0.3760530007914228 0.6023917215967933 0.04097153458195879 0.05020926871524978
0 0.4169123429249073 0.5955883306606085 0.029243802165773047 0.03272724835474672
0 0.08654402047849497 0.47955414842915295 0.02826723966577327 0.03269314604078999
0 0.061375490894474305 0.5048719222490077 0.031239549765731955 0.03426029673266029
0 0.011962890625 0.92724609375 0.02392578125 0.0166015625
0 0.0412806940313199 0.9733336083305169 0.024806648315814472 0.031108944191941212
0 0.48046875 0.988525390625 0.0283203125 0.02294921875
0 0.015711242370495038 0.7664961233596526 0.02127501929925779 0.027083336093092436
0 0.28035445475336107 0.7738730099343422 0.029130141899216477 0.02882099835474672
0 0.11589185433944349 0.6818606928941902 0.02588788866618552 0.017976503912876418
0 0.14626474457268057 0.6842214899115298 0.019094573766144318 0.019202631465178976
0 0.00927734375 0.95263671875 0.0185546875 0.0244140625
0 0.8500650132368044 0.7846322485913206 0.03130536231519576 0.053286214325682035
0 0.98876953125 0.530517578125 0.0224609375 0.04345703125
0 0.9426498199969072 0.42214773571887976 0.03679534144888663 0.040795515709422636
0 0.9395481742789897 0.4667347898816853 0.042109605065608235 0.03902995343618498
0 0.9658369850219796 0.715093232259528 0.03998076454863919 0.04968688515129305
0 0.8885890947887425 0.714369346312114 0.03305958184872182 0.046518481453595495
0 0.7011054162953403 0.48630327439411924 0.03169941594909287 0.033300785389638765