0 0.0791015625 0.3074284601227615 0.0361328125 0.06313965292616142
0 0.2265625 0.3790053629430423 0.04150390625 0.039038421013158464
0 0.33642578125 0.31411510790434416 0.03955078125 0.03648325818606868
0 0.24462890625 0.25945214253112303 0.037109375 0.040247312464706475
0 0.29052734375 0.1512855783427336 0.04150390625 0.053686858513158464
0 0.388671875 0.1755565338414966 0.0263671875 0.03962165129071249
0 0.44091796875 0.10926358477864906 0.04931640625 0.06537235357151772
0 0.49755859375 0.2463515880142536 0.0400390625 0.07215622858034121
0 0.2685546875 0.0967831606004732 0.0546875 0.042735965408514764
0 0.16845703125 0.09778907352462038 0.05078125 0.03860220225433508
0 0.08203125 0.037091282488396216 0.0517578125 0.04256533054288003
0 0.021728515625 0.130859375 0.04345703125 0.033203125
0 0.37451171875 0.4111328125 0.0439453125 0.037109375
0 0.47802734375 0.3785148034933554 0.03759765625 0.059318720358978894
0 0.24609375 0.8170291773343699 0.056640625 0.05700987823560455
0 0.19482421875 0.7315235359357622 0.05712890625 0.06924534862987697
0 0.12890625 0.456787109375 0.0244140625 0.05419921875
0 0.3642578125 0.5817239502483034 0.041015625 0.07611935686888605
0 0.40771484375 0.8601339403385517 0.04736328125 0.07648906574442793
0 0.621826171875 0.831787109375 0.03564453125 0.09033203125
0 0.884765625 0.557432364640255 0.0380859375 0.05348778450325131
0 0.9189453125 0.4541015625 0.03515625 0.048828125
0 0.90283203125 0.6273322692283358 0.02197265625 0.05499069899226039
0 0.9814453125 0.9341570652062008 0.037109375 0.032434812464706475
0 0.76318359375 0.9043549239664144 0.02587890625 0.06840180589643996