0 0.05829869792716874 0.42051808938159696 0.03439881624062491 0.053427632206879405
0 0.08777198259380636 0.4721845746471569 0.04993240189094328 0.041607006613172626
0 0.16651342106576816 0.4718196739658851 0.02430981008486688 0.04393435588424488
0 0.1943359375 0.563720703125 0.037109375 0.03173828125
0 0.2504090387021981 0.2227828303111975 0.044731741605873676 0.08241806391278206
0 0.2635144989989865 0.11532645243797701 0.023870224110561278 0.05561901126751301
0 0.13629354998266718 0.05370318062671409 0.03265928661056128 0.055823578967903686
0 0.10415751617031166 0.14496713140071582 0.03261059133486688 0.04412755871239149
0 0.3872774171774301 0.08948694813906227 0.04165596827879037 0.04726181391278217
0 0.3943315977560178 0.2204486069892576 0.06790097475853574 0.05761841226946618
0 0.3622157067038767 0.14976188271818558 0.04435966517442119 0.06145606477951393
0 0.46667801319534097 0.09106380758554661 0.06456844415651031 0.0585154206637587
0 0.514473132893865 0.22352358828949626 0.05584047216663768 0.05343940533561198
0 0.350341796875 0.40966796875 0.06103515625 0.0458984375
0 0.331298828125 0.470458984375 0.02294921875 0.05419921875
0 0.332275390625 0.5537109375 0.02490234375 0.0517578125
0 0.548888106415537 0.4658925179889103 0.06055240837068854 0.05159992905805133
0 0.5679080560207456 0.3421523857820309 0.05673757272037028 0.06369331158561198
0 0.8878369700168973 0.25201839012860183 0.04508588943220482 0.06975684602951393
0 0.9696623721727425 0.10235266741328058 0.048058296006191936 0.07031331651297745
0 0.331298828125 0.111572265625 0.02294921875 0.05615234375
0 0.7845059450403351 0.1223190486104595 0.050383940268663 0.05233782924092889
0 0.6422053823049758 0.4084323974178816 0.04829070564328708 0.02841204799092889
0 0.04716960520772495 0.8168831000683154 0.0330928963831596 0.03293118457912336
0 0.10988497190173563 0.6613015862482633 0.03122520953113428 0.03386228759014759
0 0.588134765625 0.6015625 0.04443359375 0.0439453125
0 0.599501579936718 0.7446913798926212 0.04912073948518514 0.03232966286317285
0 0.6084790045067701 0.8193415867814017 0.03847594253657394 0.05547167618483073
0 0.6679643216898141 0.7778364557619355 0.04321820258017928 0.07068794904053832
0 0.7187648287879913 0.6929879422149086 0.05025578304670131 0.05087298549092889
0 0.8781034401805261 0.6687297218744136 0.05905082174840848 0.062285292196831654
0 0.8583127759194723 0.9402490080041228 0.06202920452410288 0.07404950168580737
0 0.35135731438532924 0.726981775503559 0.04961499693689228 0.04354876674092889
0 0.4183286505954851 0.9500004766458984 0.05269121309499414 0.03972207084663637
0 0.46292426805514997 0.6544186225427733 0.03380672540651031 0.05779943371239149
0 0.471021192183535 0.8700006809821397 0.05311840383486682 0.04460488334663637
0 0.69970703125 0.583984375 0.0556640625 0.0087890625
0 0.7413180662997102 0.6264108108747609 0.03734687517676494 0.048136092562586885