0 0.164306640625 0.028076171875 0.05322265625 0.05615234375
0 0.28882370100952803 0.15681586038270434 0.040530455250283426 0.08485947016278228
0 0.20581900000981151 0.07083126786777383 0.03325583422107692 0.044195747945855235
0 0.11577837348039233 0.17233531048059925 0.06485926196539149 0.08298630752497838
0 0.11982721434039922 0.3082820656809899 0.04079707145956435 0.07852317878502602
0 0.3094229508985997 0.29461386498938846 0.04836000640726201 0.08552958936868493
0 0.4833503127365739 0.07191542155232256 0.042562633732802 0.07319754452400185
0 0.9160698485748314 0.060895986297092364 0.03212581130827141 0.03977848695136721
0 0.9599609375 0.01904296875 0.0283203125 0.0380859375
0 0.8907768839644702 0.029520564445920494 0.03097873723848754 0.034872944706879405
0 0.714599609375 0.015869140625 0.05517578125 0.03173828125
0 0.724978256754764 0.14538769798318163 0.06144593976762314 0.0550974519137587
0 0.8267779172023197 0.1829419360266496 0.04576358399431468 0.03912014087419713
0 0.8397723924754157 0.23064616344396727 0.0334263457908609 0.04907856044585501
0 0.8594136867716076 0.3259068749394317 0.030581914075752836 0.05145177746239149
0 0.83231950182391 0.33211774446601594 0.032012655511795995 0.05050930957912336
0 0.989501953125 0.198486328125 0.02099609375 0.03271484375
0 0.985595703125 0.363525390625 0.02880859375 0.04931640625
0 0.743408203125 0.458740234375 0.06005859375 0.04248046875
0 0.5787806192249195 0.3716636266381512 0.05555246245366638 0.053984510946831765
0 0.5750541945973604 0.2684658098044923 0.03301711802337942 0.03735981044585501
0 0.7890190631851928 0.08872556800816 0.041289999261795995 0.05072524215175789
0 0.6887477631669316 0.3292647532763022 0.05520059045949355 0.057879396074587586
0 0.6336913400157804 0.3245625539627388 0.04948227126755228 0.033839966102148455
0 0.9267578125 0.472900390625 0.02734375 0.01416015625
0 0.07972465585929814 0.6999274546440106 0.03561818698855834 0.05595995743483073
0 0.13667684823714088 0.7203114783187936 0.037321746936255895 0.06282998955156249
0 0.05277774972022642 0.5619817066981556 0.024302462453666407 0.05325715912322049
0 0.03065627960965253 0.5937195796916668 0.03364180852920656 0.04127742531809897
0 0.020263671875 0.500732421875 0.02587890625 0.04150390625
0 0.04296875 0.97314453125 0.0283203125 0.0537109375
0 0.06787109375 0.988525390625 0.02734375 0.02294921875
0 0.279541015625 0.99169921875 0.03466796875 0.0166015625
0 0.45501294907959544 0.8963147847387591 0.04264168721532058 0.06149015939624558
0 0.5071179870215368 0.8735823150743712 0.037247340005968965 0.04672807317380645
0 0.5015934535569248 0.7239182253850049 0.025012408744385484 0.059616180245464445
0 0.4274987289061988 0.5926939497037331 0.03905940919791018 0.07067658416829425
0 0.36430581307426446 0.7510208635289501 0.038251802517552225 0.03357857404053821
0 0.33991035748138454 0.7079380565500222 0.02983786547107692 0.044116193840147644
0 0.3280939470917459 0.7384497481106558 0.03707682843618487 0.04184526067380645
0 0.3411287269811719 0.7710058919057297 0.020810086773379366 0.037075688639756965
0 0.29983252541700256 0.8340615458762157 0.04394222169791018 0.0707902328907335
0 0.20843093852778904 0.7366419169108944 0.053304821232802 0.07344757171336802
0 0.2141632180746188 0.642460460022114 0.04239676871524978 0.04050543051848954
0 0.16731302728411235 0.5846833477977216 0.04250992451172508 0.029774607890733495
0 0.18739611660979427 0.5553414215652347 0.03216611592460161 0.05490384082912331
0 0.266357421875 0.5009765625 0.01904296875 0.0419921875
0 0.294189453125 0.509033203125 0.02294921875 0.05810546875
0 0.160400390625 0.48779296875 0.03173828125 0.015625
0 0.09521484375 0.492431640625 0.0400390625 0.02490234375
0 0.7575427515922419 0.5508235097465064 0.040149127494385484 0.05996849128502607
0 0.63720703125 0.48828125 0.0537109375 0.0166015625
0 0.560302734375 0.487060546875 0.04345703125 0.01416015625
0 0.5907613388819688 0.8347730420062068 0.06192181641287642 0.02681123403049046
0 0.843267838259599 0.922748120189779 0.04679129996524978 0.04060771436868493
0 0.8422835384052774 0.8249895863395837 0.04709822079086079 0.04939677686868493
0 0.9755859375 0.738525390625 0.048828125 0.06591796875
0 0.8308035459993621 0.5100136772163633 0.04804068097690406 0.04844294411317279
0 0.625526947323414 0.9587291067857208 0.05308780274431468 0.039290613957855935