0 0.240966796875 0.6591796875 0.07373046875 0.021484375
0 0.5964816060470137 0.27226650393400337 0.03050252055047309 0.0466490034104868
0 0.5838358139102603 0.14964488890774677 0.017508312974127804 0.024540212500808217
0 0.6309205723327618 0.3520388625218212 0.03176807405416904 0.04355322727419667
0 0.765380859375 0.0048828125 0.02294921875 0.009765625
0 0.7333104290532526 0.47000978083536343 0.01803645227338846 0.025244398233155902
0 0.48704726219733896 0.4379636943330967 0.023885842614518094 0.03364148295564758
0 0.4525378391959492 0.07833650177977518 0.020926281724127693 0.02491222096057566
0 0.6043433846515968 0.05553608587817845 0.02205229176230039 0.035382031692923345
0 0.06694477688923717 0.8955648193492606 0.05286377263421049 0.06331025896712002
0 0.20950293257149621 0.8953515983967669 0.05969971013421049 0.06405427588665484
0 0.366455078125 0.9547526041666666 0.04638671875 0.059244791666666664