0 0.39373213053133127 0.12073985397740189 0.05367234105066454 0.05419775093191753
0 0.3090288228705246 0.07379610579177304 0.07363510034260812 0.0767102934480619
0 0.6821875660241339 0.08331579927109267 0.048457699721991654 0.05648287431540222
0 0.7476528560642781 0.18120606273942252 0.043336929846115035 0.06023284144888663
0 0.8270403449785456 0.28260476527480405 0.03316452855066454 0.05360103453249465
0 0.8552907705449448 0.33412627482550494 0.048983828944029306 0.04187705941536102
0 0.933997923247741 0.3333037057110514 0.02329266559962173 0.044053747649422714
0 0.879150390625 0.01416015625 0.03173828125 0.0283203125
0 0.2680057130975466 0.9005751474254637 0.047969418471991654 0.05646866678208262
0 0.3719520989121924 0.9577211968449483 0.052270078269195386 0.05513169083195879
0 0.05728368290882349 0.7726680037197732 0.027343001522702193 0.03881052169929888
0 0.29583567772356123 0.6859886008432988 0.03940594684962173 0.04452259624896904
0 0.26461415310654335 0.5117664222094019 0.04034466137758419 0.05917103374896909
0 0.7181129631552248 0.8316932048364949 0.03745282184962173 0.04446576611569064
0 0.8834919089262655 0.7329563606413194 0.06286237083564061 0.037894546631628945