0 0.171142578125 0.380615234375 0.03759765625 0.09912109375
0 0.171875 0.543212890625 0.0283203125 0.05322265625
0 0.14183481695851605 0.5472648320991551 0.02915204059962173 0.04361043105946871
0 0.12060546875 0.538818359375 0.0341796875 0.06201171875
0 0.068603515625 0.550048828125 0.03076171875 0.03955078125
0 0.08883832125553595 0.2690208939533599 0.05347223164682552 0.04228762417008758
0 0.09436943100544404 0.1293525712928732 0.039142507999954 0.07002591109207901
0 0.03342308567506366 0.18859051753902467 0.035180234519195414 0.05389558541880479
0 0.17186787284283797 0.10147257306079216 0.027805801298911192 0.06068607112340674
0 0.3379678178986708 0.04495945568481985 0.05241416419227585 0.048626758208450416
0 0.4513560543270115 0.07443846341694166 0.04196014853843677 0.03782775596420285
0 0.462981681351513 0.11407162604610072 0.027975368695782654 0.03286540282225614
0 0.4913791867501839 0.21974490912539213 0.03368410028492996 0.05339878195716752
0 0.4702579310631222 0.22157588242525972 0.02280438434962173 0.0435735014757076
0 0.3273858252064869 0.232956259146457 0.03581260169227585 0.048530173143229494
0 0.3133384643953019 0.2387360935045103 0.018585229506967615 0.03866796307800846
0 0.29824540262781396 0.23034440866371414 0.030253765036683422 0.0455692375338933
0 0.2613426945194252 0.23452588462278562 0.0505178111503323 0.026651261221238065
0 0.2566236404058223 0.2852986124111485 0.03837916987933754 0.05049750182929147
0 0.19873046875 0.19189453125 0.017578125 0.0419921875
0 0.38464869631321413 0.360778324182916 0.03502378209786838 0.05145417916880479
0 0.30348702238487346 0.3314868051068113 0.031900542681801425 0.025566750707167518
0 0.23756698701088808 0.5445617524750865 0.048507914192275875 0.0486040323107515
0 0.2060546875 0.563232421875 0.0224609375 0.01318359375
0 0.5591689543535422 0.5415481450608329 0.053347069709763884 0.04033449917008758
0 0.5838696917451075 0.4762377685237529 0.05241416419227585 0.048626758208450305
0 0.513650314720606 0.4362637174291083 0.05637718615033227 0.026685350067786606
0 0.5812193731716029 0.35752576929229296 0.03032871250346081 0.05435545929668095
0 0.5610979160264389 0.2675314602200368 0.03734002641080669 0.049515257854866546
0 0.5318388889984764 0.2820151349617187 0.03404141058739396 0.028507801156017143
0 0.6353472080334064 0.2293748298402567 0.03551206334786827 0.05145701990601714
0 0.6303922631679122 0.06278001999946056 0.04452671672549846 0.03979508465026471
0 0.7685546875 0.015625 0.029296875 0.03125
0 0.7380652105193333 0.09759887337224618 0.03496120112933765 0.05047761666880474
0 0.6852690030281003 0.13636877743937098 0.035637225284930185 0.05341014490601714
0 0.7201072876522695 0.20251400516636142 0.03380345321151723 0.03241121041880479
0 0.6980851654092831 0.23364753494065382 0.04060154273947969 0.04709373676535333
0 0.8331672588305182 0.09229060139144801 0.04351230625346081 0.0544321592014152
0 0.8338702614144973 0.18803349671242134 0.05749708609611481 0.05939451234336185
0 0.818967936461793 0.32911268911587277 0.040683047694029195 0.040748921252565684
0 0.7956563468761524 0.3651233499157404 0.04502736447374511 0.04760758465026471
0 0.7593801969303697 0.39763934206087376 0.04875242905592492 0.02956958577238855
0 0.8062806784041608 0.42038151254489947 0.047644147131090886 0.04274181657353904
0 0.9056833865125495 0.4165636509490127 0.05856752004891108 0.060865037567786606
0 0.987548828125 0.210693359375 0.02490234375 0.06298828125
0 0.14544990120316392 0.7872760910614949 0.06032634465554665 0.07307775029221153
0 0.137451171875 0.974365234375 0.06201171875 0.05126953125
0 0.023193359375 0.888916015625 0.04638671875 0.05322265625
0 0.609130859375 0.73583984375 0.076904296875 0.03271484375
0 0.453125 0.76416015625 0.07666015625 0.033447265625
0 0.3349609375 0.731201171875 0.05322265625 0.02587890625
0 0.430908203125 0.666015625 0.04541015625 0.023681640625
0 0.609619140625 0.66943359375 0.045654296875 0.0283203125
0 0.577392578125 0.8076171875 0.063232421875 0.025634765625
0 0.440673828125 0.8515625 0.08056640625 0.019287109375
0 0.334228515625 0.826416015625 0.05419921875 0.031494140625
0 0.214111328125 0.787109375 0.04833984375 0.025146484375
0 0.32861328125 0.5966796875 0.071044921875 0.031494140625
0 0.461669921875 0.943603515625 0.038818359375 0.0341796875
0 0.90185546875 0.889892578125 0.098876953125 0.040771484375
0 0.861572265625 0.763671875 0.09033203125 0.044189453125