0 0.031153961996765345 0.6475973881522143 0.035565672093806344 0.0783590696454659
0 0.07987947490653835 0.700100805007032 0.051633157920908834 0.0330403714827312
0 0.11505879366250404 0.6573661246524979 0.03454899583764193 0.03293186223848754
0 0.1803350761607143 0.6728345734376024 0.04560935667468713 0.060650737692012235
0 0.19047637534315676 0.5569305567632136 0.06797938750695987 0.05362259091301813
0 0.3009810007559126 0.5896097631473086 0.0652368529201135 0.027658428878126307
0 0.3449827878342083 0.6282707934323424 0.0542734225065622 0.05021547101762325
0 0.30820226532665185 0.6826730703159413 0.058991466671306725 0.03622582633740712
0 0.411376953125 0.29638671875 0.01708984375 0.0439453125
0 0.4013671875 0.1298828125 0.037109375 0.0634765625
0 0.28907283706636444 0.14370047265306488 0.04475779084281206 0.07135882287805534
0 0.241192182054632 0.2284893428331392 0.034367524591221166 0.059281998581509066
0 0.20781429374204585 0.07442962828069495 0.03441865959181789 0.0636765298315091
0 0.5558946162128142 0.2731027412573864 0.021388128754573632 0.0344246060000708
0 0.5878033474648028 0.2595626289609819 0.022943879172300896 0.04228825947100612
0 0.5646829945347466 0.3574281393969543 0.03122193375536908 0.040625004139638765
0 0.4996620449504853 0.36199627301882803 0.02430645292110767 0.03355035044194121
0 0.4380075870265935 0.413087534646529 0.029473006668721435 0.01615978816870356
0 0.5733808082779854 0.4075567988795437 0.021774140003380515 0.025652594657049277
0 0.6200064991198033 0.34665960763551257 0.03013741958744287 0.031313558075681924
0 0.4448906883056263 0.19937380755933454 0.04129402666991466 0.025358078436184983
0 0.423828125 0.44970703125 0.0078125 0.0234375
0 0.6319223970102874 0.540025184937886 0.042804323753778295 0.02931548190712019
0 0.7198805178330152 0.6212534955079534 0.0370756270886361 0.040341336773379366
0 0.5212022103507132 0.48389142739681246 0.034503542503778295 0.02902561223848754
0 0.5155079457750027 0.4275174186060934 0.04969707792110778 0.03443701060481763
0 0.48325797243000324 0.5123636445594764 0.026270941254573632 0.03459511756985467
0 0.45161627951446337 0.5029545381058808 0.014881385836051031 0.020531065959351835
0 0.4629486761766227 0.5365668908733622 0.02223401291971583 0.023228239564027753
0 0.5121226986692651 0.5925053276351582 0.0293426704228974 0.046904455761725306
0 0.434814453125 0.59521484375 0.02978515625 0.0322265625
0 0.6143576878779563 0.2863793488447935 0.018270946252386233 0.0182090178082005
0 0.6431829845391214 0.327929762013497 0.019321370419914663 0.02459077637215734
0 0.6951851087086383 0.3087410909032066 0.04011894792329507 0.05020926871524978
0 0.7362632320427007 0.3048022943393916 0.028689620837641927 0.03272724835474672
0 0.8719108837424436 0.06578786528751435 0.024260999587244036 0.029644100441941212
0 0.7838787674053453 0.7045759868860796 0.028155886253778295 0.028803947197768354
0 0.592644677852503 0.47319730256565784 0.028644167503778295 0.02882099835474672
0 0.432373046875 0.36962890625 0.02490234375 0.017578125
0 0.46239358328196256 0.37437226008847024 0.018770590835852197 0.019202631465178976
0 0.1462671033080125 0.7881759019317045 0.03264132417150545 0.03676990761057386
0 0.18507324412696202 0.8955311280539326 0.020916892504772466 0.035872398593092436
0 0.23240880122136498 0.81560801921688 0.027497497090823497 0.056113594883811624
0 0.2704943966323312 0.8589472481181729 0.025408012089232823 0.04432664025589794
0 0.22185308245645086 0.9251473284842905 0.02292115250536919 0.04033513447100612
0 0.19677734375 0.98046875 0.025390625 0.0390625
0 0.2956513891182124 0.9638719168450061 0.018049703338834933 0.041141185401222136
0 0.34988538204667785 0.8788164304556509 0.02922335542150556 0.036650549511725194
0 0.3777057078741781 0.9227741475603977 0.03009196625357946 0.027407308075681924
0 0.38231580037099633 0.9463821591301815 0.024323497921306725 0.03501519419194121
0 0.358154296875 0.99169921875 0.02880859375 0.0166015625