0 0.3115234375 0.523681640625 0.02392578125 0.051513671875
0 0.260986328125 0.48095703125 0.03857421875 0.03955078125
0 0.296142578125 0.413330078125 0.02392578125 0.06494140625
0 0.3251953125 0.177978515625 0.026123046875 0.042236328125
0 0.440185546875 0.078125 0.017822265625 0.034423828125
0 0.5068359375 0.20751953125 0.027099609375 0.038818359375
0 0.4716796875 0.26318359375 0.026611328125 0.029541015625
0 0.445068359375 0.5400390625 0.021728515625 0.054443359375
0 0.440185546875 0.631103515625 0.017578125 0.0419921875
0 0.402587890625 0.718017578125 0.01904296875 0.063720703125
0 0.428466796875 0.724853515625 0.02490234375 0.025390625
0 0.375244140625 0.616455078125 0.0224609375 0.029296875
0 0.383544921875 0.562744140625 0.025146484375 0.042236328125
0 0.3916015625 0.664794921875 0.03173828125 0.038818359375
0 0.55517578125 0.569580078125 0.02490234375 0.053466796875
0 0.51025390625 0.510986328125 0.034423828125 0.038818359375
0 0.2294921875 0.27734375 0.02099609375 0.043212890625
0 0.27587890625 0.121826171875 0.0244140625 0.023193359375
0 0.204345703125 0.056640625 0.020263671875 0.045166015625
0 0.104736328125 0.20166015625 0.0244140625 0.04833984375
0 0.190673828125 0.3330078125 0.0224609375 0.024169921875
0 0.61767578125 0.731689453125 0.040771484375 0.052001953125
0 0.57080078125 0.7119140625 0.033447265625 0.0517578125
0 0.532470703125 0.753662109375 0.023681640625 0.04931640625
0 0.546142578125 0.463134765625 0.02197265625 0.051513671875
0 0.508056640625 0.11181640625 0.0302734375 0.067138671875
0 0.3994140625 0.19140625 0.0244140625 0.0390625
0 0.345703125 0.051513671875 0.030029296875 0.0546875
0 0.900390625 0.017822265625 0.0546875 0.03564453125
0 0.8699093090521302 0.06835306995623958 0.05412362089028294 0.08051032568957395
0 0.8061404938633356 0.05600609070546003 0.04456501876985758 0.06423510780205632
0 0.9423860440383036 0.42128776988467864 0.031897746550070605 0.037654845779006685
0 0.119140625 0.812255859375 0.0517578125 0.04541015625
0 0.4176354981757475 0.8179506206834691 0.05153979530205621 0.044343421265885974
0 0.45183606534390486 0.9572617192526177 0.028034111454680488 0.04002806818163096
0 0.498779296875 0.9892578125 0.03076171875 0.021484375
0 0.05049555575525155 0.8647810412419832 0.04210051491453859 0.03490414087836835
0 0.13112903688404665 0.9462910270368761 0.039974458958651926 0.05292793222375858
0 0.37715818334269857 0.8983234697097107 0.04645243125992882 0.03253944145666621
0 0.2153641586368119 0.8774274337936128 0.04856749289744644 0.04185087713035418
0 0.7371528896125561 0.904122074874676 0.04223688260929048 0.04271664087836835
0 0.733642578125 0.979248046875 0.04736328125 0.04150390625
0 0.754638671875 0.799560546875 0.05517578125 0.02001953125
0 0.857259082794187 0.8788664552005614 0.07214741223567289 0.07838426973368728