0 0.3700874360831965 0.12461574300799638 0.03979547635929037 0.04472370359154332
0 0.4716796875 0.008544921875 0.04296875 0.01708984375
0 0.5154223176273098 0.09640858326814161 0.03526457741453859 0.0366039080312448
0 0.3023018255427018 0.32004071330904293 0.04448831194155978 0.062120842901842055
0 0.24597297053078726 0.36201906123949223 0.046424390979715735 0.0612808562064191
0 0.24896095652837485 0.2467163983372037 0.041513538199502764 0.08727246024383195
0 0.7573659780863147 0.15275796099476713 0.0171981711645387 0.03534058183890587
0 0.8161277163673072 0.11109717455859636 0.016778073761914536 0.039212687887761666
0 0.8490240140541159 0.1263535108807845 0.014225868759928817 0.032694311882040195
0 0.9444775012699314 0.10602356540764754 0.012641703277020966 0.0257559425286073
0 0.7284064420171661 0.1913594039111361 0.015545821834255014 0.024495962485473033
0 0.22357365843411714 0.663828430895758 0.04505577135730454 0.03875163080413058
0 0.6220703125 0.695556640625 0.015625 0.05419921875
0 0.4746940026412101 0.721859601904159 0.041663371550070494 0.039977466896120584
0 0.18460022194965037 0.8011548522315799 0.03967615462638263 0.03788776609154343
0 0.976318359375 0.646240234375 0.04736328125 0.06005859375
0 0.818603515625 0.53955078125 0.04150390625 0.01953125
0 0.6729499091973117 0.8234234006760677 0.05900038174680802 0.05533266143617066