0 0.24800996297114075 0.5022333428596493 0.04294070971978692 0.027603242898804226
0 0.2506523404572405 0.5465674838764122 0.03989170048687929 0.02068206019888663
0 0.3408203125 0.42529296875 0.017578125 0.03515625
0 0.10129385171709548 0.21221829197204112 0.037166564529006796 0.03231556499896904
0 0.0667171644197902 0.18003810937105147 0.03952274096978703 0.027503790165567032
0 0.01611328125 0.232421875 0.0322265625 0.03125
0 0.04560780058035738 0.15917886583711338 0.041305406351347385 0.01779499529884543
0 0.09342279981922239 0.13192182885511333 0.030733678469786974 0.027248054565814472
0 0.00830078125 0.039306640625 0.0166015625 0.02490234375
0 0.060757731585887986 0.018184469970804057 0.03614738712439691 0.029845743682329895
0 0.32114604099376365 0.3663841880283091 0.03328588347177275 0.03366674848241247
0 0.01318359375 0.54345703125 0.0263671875 0.03515625
0 0.1802516325100026 0.13427570042422665 0.04172303241652442 0.04172077654884543
0 0.5583028596800719 0.05232511666220599 0.060933989447516934 0.07985831906498969
0 0.458740234375 0.0341796875 0.07080078125 0.068359375
0 0.5648990447456756 0.149739838595773 0.0830344904113467 0.08782187681437115
0 0.8259703015958906 0.3749353042532368 0.07377419262319074 0.08852849618129899
0 0.09624577567383552 0.9514520928596493 0.05231785790340371 0.061550384748556564
0 0.119384765625 0.9951171875 0.03955078125 0.009765625
0 0.21435546875 0.982666015625 0.0322265625 0.03466796875
0 0.2674766094297928 0.9274364874477936 0.043625019530992626 0.038847919182123825
0 0.018310546875 0.6845703125 0.03662109375 0.0478515625
0 0.4831712951531246 0.8834830141944947 0.054708126267871804 0.05869173491515467
0 0.6170029725577345 0.8771487438149276 0.038509615208651926 0.053340073815608235
0 0.7057629416117766 0.8247867003174018 0.036573536170495746 0.05425980618232984
0 0.67431640625 0.62109375 0.033203125 0.0224609375
0 0.8505859375 0.626708984375 0.044921875 0.03369140625
0 0.808919239044187 0.7305229396369275 0.033811836951488594 0.09175800969909287
0 0.358642578125 0.89453125 0.01806640625 0.0849609375
0 0.377685546875 0.649169921875 0.05615234375 0.05029296875
0 0.949653928827592 0.8040252661909275 0.04492545530602765 0.05743102174876291
0 0.9755859375 0.6279296875 0.048828125 0.0361328125
0 0.4205541913573784 0.7242540111593194 0.04855044693560251 0.04143140076531959