0 0.2918708404553517 0.232421875 0.05237549138421049 0.057942708333333336
0 0.598388671875 0.0390625 0.05615234375 0.078125
0 0.8979282823976049 0.048828125 0.05432861638421049 0.057942708333333336
0 0.9458690621376699 0.23372395833333334 0.030572251990124144 0.052734375
0 0.990234375 0.291015625 0.01953125 0.05859375
0 0.5769174203802186 0.3723958333333333 0.036312052842341735 0.05078125
0 0.5360618722670313 0.11979166666666667 0.04429396969825539 0.045572916666666664
0 0.43702073637421635 0.025390625 0.05236558731156116 0.033854166666666664
0 0.408447265625 0.23404947916666666 0.01708984375 0.047526041666666664
0 0.6246298423458012 0.2265625 0.04332731127090472 0.06966145833333333
0 0.6372351317435244 0.3606770833333333 0.045589396592341735 0.05078125
0 0.8654822185748964 0.15690104166666666 0.048489210701951446 0.042317708333333336
0 0.44857989300473083 0.08658854166666667 0.047313357955647506 0.0390625
0 0.701898095752247 0.1328125 0.05119963863790655 0.0546875
0 0.9701033201917798 0.40625 0.05939074981277348 0.07682291666666667
0 0.41357421875 0.435546875 0.02734375 0.08072916666666667
0 0.008056640625 0.8551432291666666 0.01611328125 0.035807291666666664
0 0.01806640625 0.7288411458333334 0.0361328125 0.038411458333333336
0 0.05059121913657594 0.7532552083333334 0.04219139716008269 0.03515625
0 0.011962890625 0.7685546875 0.02392578125 0.038411458333333336
0 0.09263300758604376 0.841796875 0.060237834092341735 0.05078125
0 0.08583676696286213 0.90625 0.06067627263421049 0.057942708333333336
0 0.16905401554047894 0.837890625 0.050442335701951446 0.042317708333333336
0 0.13135723797776455 0.62890625 0.03510632670564773 0.0390625
0 0.15633921724006505 0.662109375 0.024344250474127804 0.022786458333333332
0 0.07109943456768186 0.59375 0.02800136751969262 0.026692708333333332
0 0.0542588043583383 0.5579427083333334 0.03802611013299817 0.014973958333333334
0 0.2060546875 0.9925130208333334 0.0546875 0.014973958333333334
0 0.180419921875 0.513671875 0.05224609375 0.02734375
0 0.25634765625 0.5185546875 0.02734375 0.037109375
0 0.23161440701102898 0.599609375 0.04260986638421049 0.057942708333333336
0 0.20383205729671783 0.65625 0.030482551232732025 0.059244791666666664
0 0.3857421875 0.9557291666666666 0.0283203125 0.052083333333333336
0 0.3137346324924304 0.8802083333333334 0.046625705873122314 0.06770833333333333
0 0.24522589054047894 0.837890625 0.038783332482732025 0.059244791666666664
0 0.23727416941984036 0.7239583333333334 0.030811480871910213 0.024739583333333332
0 0.017822265625 0.8883463541666666 0.03564453125 0.038411458333333336
0 0.6082978656353044 0.7102864583333334 0.02374629914899462 0.044921875
0 0.6388404054074808 0.6907552083333334 0.025848871687167208 0.055338541666666664
0 0.6249190751081608 0.822265625 0.033990220740124144 0.052734375
0 0.5605356815478119 0.8313802083333334 0.02659627055047309 0.043619791666666664
0 0.5038450526672382 0.90234375 0.03053247452708452 0.020182291666666668
0 0.6382619398827616 0.888671875 0.023517135512300502 0.033203125
0 0.6790585470773802 0.8053385416666666 0.03225635530416904 0.040364583333333336
0 0.4907817583410112 0.6171875 0.04296866941377886 0.031901041666666664
0 0.42675668429290353 0.7916666666666666 0.04158354176230039 0.033203125
0 0.43866441753545227 0.9303385416666666 0.02578912490638674 0.038411458333333336
0 0.4849414662103192 0.9524739583333334 0.02673581401599645 0.029947916666666668
0 0.593017578125 0.9869791666666666 0.03662109375 0.026041666666666668
0 0.5824383645994973 0.91796875 0.05198689555047309 0.043619791666666664
0 0.6678083507683027 0.7252604166666666 0.01950129602338846 0.0234375
0 0.7004134438569485 0.779296875 0.02099601316377875 0.031901041666666664
0 0.7504573602387343 0.7513020833333334 0.04353658617607925 0.06510416666666667
0 0.7910345466968657 0.744140625 0.030911085701951446 0.042317708333333336
0 0.4539714395897989 0.57421875 0.029934523201951446 0.042317708333333336
0 0.43008543580283853 0.6067708333333334 0.032983784849733855 0.044270833333333336
0 0.404541015625 0.953125 0.00927734375 0.03515625
0 0.6635825916844469 0.9752604166666666 0.03059222130786532 0.037109375
0 0.4939898880822885 0.8450520833333334 0.026785656724127804 0.022786458333333332
0 0.5245423319271141 0.849609375 0.020069293371910102 0.024739583333333332