0 0.215303205480485 0.2446977547296707 0.03501662594825544 0.03549281929650938
0 0.2058263297255175 0.1759785912553039 0.048210204357125974 0.0301905305132103
0 0.24925316524024255 0.08515082321830861 0.04089588967977531 0.04789880990961681
0 0.3730174851269368 0.07134798476800028 0.03895274933864579 0.041979747100684583
0 0.2841796875 0.0107421875 0.0478515625 0.021484375
0 0.3748516806689238 0.2635028248108134 0.04055713655416904 0.0318253205322383
0 0.24815783445467188 0.32511743388850023 0.03747792092977531 0.047759538355441666
0 0.04108720992273818 0.47711877716279916 0.04806067623273211 0.04624412395427813
0 0.0146484375 0.253662109375 0.029296875 0.03564453125
0 0.311604684736724 0.3765511174913063 0.03446851733125378 0.046663600237577096
0 0.3729388166492905 0.38232511482984144 0.044473290626818374 0.04999120646379196
0 0.42726703010239514 0.21756791867973868 0.03299368892238319 0.052443391492334124
0 0.4168638374866648 0.2734707324154676 0.03300367358125367 0.04660391242864481
0 0.44102804175623894 0.05495036649342788 0.04098559043716732 0.043035893345927556
0 0.038096405676197556 0.08450831582717294 0.0465360857019515 0.03352891551796722
0 0.21801460045109422 0.5214951972915118 0.05367091827829684 0.04939266675369636
0 0.490234375 0.408447265625 0.041015625 0.06689453125
0 0.50732421875 0.53076171875 0.0751953125 0.0810546875
0 0.04244262535626864 0.8907643585801148 0.04104533721794801 0.055691413973306236
0 0.06001100745606158 0.9557472183235097 0.044064725475339905 0.05094787302748127
0 0.24705251901023084 0.9179531168980473 0.06270911373273202 0.04684100204360053
0 0.20178158388086942 0.8346327633332972 0.04707412907386166 0.05204381114534584
0 0.015869140625 0.7734375 0.03173828125 0.060546875
0 0.7116261997034005 0.807150507320054 0.06114458456646954 0.05748370986204665
0 0.9736328125 0.906982421875 0.052734375 0.06787109375
0 0.6080610543401539 0.9014020380232711 0.04598789649872853 0.06854589396379196