0 0.19935178757152147 0.0900790721891668 0.035950130127584135 0.0599824522719819
0 0.16697233622877544 0.22245580907028073 0.046423818244739845 0.026053901273065616
0 0.15264261258190395 0.2493493485592898 0.04470865062061652 0.02206233384024836
0 0.19776235155384964 0.37651072352399617 0.04988544397725181 0.03452531738870057
0 0.14086484519195414 0.3843853732498468 0.052583731589147364 0.0234939226486075
0 0.45906138909076283 0.10392411965248302 0.03326495749123304 0.040854166089164534
0 0.4987570047411411 0.0629412939541864 0.029358707491233038 0.04062665293498491
0 0.4307229010820418 0.07162668711177056 0.03197549014857892 0.03591447530061964
0 0.32763671875 0.003173828125 0.041015625 0.00634765625
0 0.5997315430278705 0.04449945175140152 0.03936228986710977 0.03731762496470642
0 0.5880309685365914 0.07446487446177283 0.05949461655592492 0.03265269402414944
0 0.275390625 0.05029296875 0.01171875 0.0361328125
0 0.288818359375 0.181396484375 0.03857421875 0.05712890625
0 0.3820482345941777 0.22299914604907622 0.04687425152270219 0.0406738996287932
0 0.39973184906792275 0.27121560162724984 0.03483603919227585 0.05018838812770943
0 0.42875142176541287 0.3672788039080551 0.03206280411360296 0.05245915951207469
0 0.4023340197951286 0.3725505884730702 0.033465066895072115 0.05156791444489217
0 0.5546742062165476 0.24472847483297966 0.03865497522725181 0.033871217070434056
0 0.6123088207479708 0.31667599780867695 0.02499546672549835 0.04085898188653281
0 0.5672035148982572 0.40988129391006944 0.04753135169227596 0.0509278058787932
0 0.3267980755467901 0.4994949931582082 0.06159763648947969 0.050287697312694224
0 0.6860939948320419 0.0865003595662634 0.024181914134597804 0.028163669386532808
0 0.7586730943440858 0.38406225918623327 0.08134136239156531 0.06992307229504746
0 0.33505612709948385 0.12734853918019018 0.042742410645072115 0.05210825818606868
0 0.2783203125 0.364501953125 0.017578125 0.06005859375
0 0.6601858647217618 0.2970874138801947 0.04209767697374511 0.04963841279179626
0 0.6341795511028068 0.407458239569668 0.0706428318740775 0.07756975322678095
0 0.511962890625 0.5244140625 0.02880859375 0.0302734375
0 0.755126953125 0.531494140625 0.05126953125 0.01611328125
0 0.1789204194928945 0.6764417924334415 0.029096017118863116 0.028936342079257327
0 0.2317304904369697 0.6503301015919563 0.028732897805924695 0.030861027934984908
0 0.13453479478128533 0.780877557284834 0.033490548368863116 0.029192294377709427
0 0.8874418159087776 0.6009598102910302 0.04716748390203973 0.09079623351315846
0 0.3226909676656532 0.7456242762995359 0.03824745045450367 0.06546730259907174
0 0.5371017114191141 0.8121092053752355 0.06979143131113896 0.07946599993823611
0 0.63623046875 0.9599609375 0.0771484375 0.080078125