0 0.03488050791135938 0.2443968404255282 0.02941327788957282 0.06179420668544052
0 0.08719348157253615 0.26547625285922444 0.031138982242367108 0.055465891091543394
0 0.11257071611569847 0.30529007144197634 0.02793638996572012 0.04738023948238901
0 0.14009909519943303 0.24172484082930534 0.026040793269013984 0.06277761314142705
0 0.1661813337489333 0.26135636774539056 0.03665722627155832 0.04624656930985201
0 0.15485720417408105 0.320815097841046 0.039133418760131655 0.06140262871595503
0 0.191650390625 0.3597005208333333 0.04931640625 0.060546875
0 0.2607421875 0.017252604166666668 0.0556640625 0.034505208333333336
0 0.24250978300901926 0.06864833772721224 0.03811137213069049 0.060009494846236855
0 0.18888712120193174 0.12685943282227216 0.03214898469795546 0.042581633562787324
0 0.043038177731123006 0.15019158774360428 0.05805063301267599 0.04564551444365043
0 0.66162109375 0.24348958333333334 0.0234375 0.06640625
0 0.7529308890369613 0.16053210504647927 0.04798000956342552 0.07780155827522546
0 0.7333984375 0.0244140625 0.0595703125 0.048828125
0 0.03641492413850611 0.8632601555992561 0.04956791524491133 0.03966325155104652
0 0.08154296875 0.9892578125 0.0390625 0.021484375
0 0.23873998539734276 0.7139630469813382 0.04024643364845515 0.06539992925233973
0 0.28424911523112306 0.7765588623651508 0.03079919755454341 0.07360400722182536
0 0.36875251887074145 0.8374657812935721 0.06332006061292583 0.057168475458907686
0 0.568257636477238 0.5320415605682582 0.04766162065733748 0.06868697494189226
0 0.34749017938600746 0.9445734409484982 0.05269292971951378 0.08732586902229045
0 0.027534965752635643 0.6298274983193229 0.05306615436292583 0.05621244482686757
0 0.7807119786525684 0.7755522383023354 0.04836527838069049 0.06096552547827727
0 0.8456413407287156 0.783774769031222 0.03777158744286657 0.07814761097651868
0 0.663818359375 0.8880208333333334 0.02783203125 0.07552083333333333