0 0.535400390625 0.28173828125 0.02880859375 0.107421875
0 0.450927734375 0.007568359375 0.05615234375 0.01513671875
0 0.11661101080276207 0.08182891639503398 0.07515627790141793 0.05500643060014121
0 0.6700918278178686 0.27952316177858016 0.04164632558822662 0.03684874289744644
0 0.9497845936465931 0.1672534217705633 0.03322622260531882 0.029867914721772748
0 0.980224609375 0.010009765625 0.03466796875 0.02001953125
0 0.09876151278212497 0.882082850546452 0.06104725953694984 0.0576889516534036
0 0.07526793222169895 0.9343910765003529 0.042098043577091626 0.06272764914744644
0 0.0107421875 0.766357421875 0.021484375 0.07080078125
0 0.45663041649638136 0.7741064749859521 0.035424042714609305 0.0718856711645387
0 0.45084033431233794 0.8618692552721223 0.04879761338234001 0.05503447088035418
0 0.4900658799184363 0.955787243553115 0.03253697011921908 0.0742759395290068
0 0.54443359375 0.658447265625 0.0107421875 0.06494140625
0 0.7812142923071602 0.7244142020070897 0.0383902934757443 0.046066425780992626
0 0.8442474063989317 0.8958726849104934 0.06874648944751693 0.07930117136723347
0 0.9669901788234729 0.6568777224502085 0.05529016030801359 0.06344605088233995