0 0.30363261490255034 0.10553144631619815 0.03439881366652453 0.04209654621572012
0 0.2090534144156711 0.0903894148072702 0.03209377511127609 0.049795335892117154
0 0.22729744089616644 0.2117092391714911 0.03623261693361668 0.03535157697460245
0 0.14629994292517323 0.246757163979828 0.025044763088226674 0.037269915736029
0 0.30989836824907285 0.35251079055731593 0.035332761261914536 0.039700624095161174
0 0.3812522876907064 0.1009388955256259 0.036275231838226674 0.03779298322460234
0 0.406005859375 0.11669921875 0.00732421875 0.05859375
0 0.37096070921099056 0.04326552600531691 0.034708112317162865 0.03186538203044065
0 0.17819632710637745 0.3943184213465931 0.03816017299085073 0.03397770148348478
0 0.343994140625 0.434326171875 0.03173828125 0.01123046875
0 0.70654296875 0.027587890625 0.0458984375 0.05517578125
0 0.43727789569545744 0.05922245011426652 0.043400950689574 0.05471293463069049
0 0.44298965528205114 0.2744635131053841 0.03584661145468049 0.04118820990988192
0 0.6988600246004202 0.23518017912707945 0.034586319246808106 0.05283873371572012
0 0.6769373972673713 0.1550806583453438 0.038381770494822276 0.04667301398348478
0 0.940094059705739 0.2532652162198332 0.049723037996808106 0.053543737722058005
0 0.9677734375 0.4052734375 0.0546875 0.0693359375
0 0.7712095170407738 0.34860454055731593 0.042765307426453236 0.07419870050124944
0 0.8720703125 0.40478515625 0.03515625 0.0703125
0 0.99365234375 0.260986328125 0.0126953125 0.07373046875
0 0.5111857312756672 0.3739096548033852 0.063394912996808 0.05418051553423431
0 0.6241408900634704 0.1819736058998871 0.04163780260730465 0.03755486468652869
0 0.3798828125 0.63427734375 0.0595703125 0.0791015625
0 0.2451628759100667 0.7075247716359161 0.06727312271659502 0.08070689748727844
0 0.12957547838623762 0.636674539780532 0.04645848290340371 0.062173605769013984
0 0.20602639381950144 0.4811348565457979 0.03952879261326192 0.05648412311292583
0 0.3721698635333312 0.48072677329080055 0.039228016943545496 0.0672035685482053
0 0.3684921182490729 0.8019596537704916 0.05571878069155978 0.06162914249870499
0 0.2501732797236109 0.9105815454417543 0.07255293501390025 0.047776677263925205
0 0.14711678672481712 0.8577174494683557 0.0466800804073752 0.0748689182690141
0 0.024658203125 0.7724609375 0.04931640625 0.060546875
0 0.6084553736287213 0.5259817739367114 0.04633063818957406 0.054849387019013984
0 0.675376582790068 0.6083835560141536 0.04767616020666621 0.048081675713175676
0 0.6550111896282946 0.6454942772971386 0.034466997513900255 0.04600279621572012
0 0.628389421669216 0.7161265124862116 0.05372304078694978 0.05909676798982266
0 0.5718156181477255 0.8345782165026813 0.03949470068957406 0.05453099811292583
0 0.5619974928933273 0.9440107448059751 0.044718432426453125 0.07428966876013154
0 0.4295044302940395 0.6325408691333261 0.01954335328694984 0.057504823459382015
0 0.7094232295010586 0.8511369150661983 0.03472268694155978 0.06065123371572012
0 0.656139803416024 0.7661452301765797 0.02512146991652442 0.041664446986029
0 0.7112215784755966 0.9541642588161983 0.03891019531198503 0.07694645148348478
0 0.5956052851032593 0.6296913796283288 0.030404862519857634 0.06484108638323482
0 0.8869299553536122 0.8018204364431863 0.042370778966595024 0.07954705218652869
0 0.9539014468321956 0.6071393291234227 0.03539847377184335 0.07141616328044065
0 0.9652501283465225 0.5293995979406876 0.031372902038935724 0.06439828926267599
0 0.989501953125 0.80322265625 0.02099609375 0.0712890625
0 0.99072265625 0.84326171875 0.0185546875 0.0380859375
0 0.9679225106497112 0.8224820582642905 0.03354157289943216 0.048886999586278845
0 0.9071185838531854 0.9225610112985249 0.04025818866652431 0.04236945099236711
0 0.888916015625 0.97216796875 0.03271484375 0.0556640625