0 0.28478387709220143 0.4739113120953806 0.05311787452367134 0.0680667298715607
0 0.385009765625 0.513671875 0.05224609375 0.0517578125
0 0.5626127420544595 0.40077933954250666 0.04376383086893698 0.05450511333165653
0 0.42529296875 0.01025390625 0.0400390625 0.0205078125
0 0.22360538177946457 0.1111523413017802 0.04725849952367139 0.06782797863583179
0 0.26750589358512533 0.273059433697126 0.05446624804796385 0.04810688643049299
0 0.20785101006981285 0.42391265009459334 0.05021091292137042 0.07185360425369636
0 0.5311007431298616 0.18665516649124025 0.04223649090026482 0.043703238022724245
0 0.4382537720128692 0.2541441051558876 0.030671140709733313 0.06959292305126641
0 0.637451171875 0.21630859375 0.03564453125 0.0517578125
0 0.6723762719514967 0.25030167526026836 0.032025195708450305 0.05060964211019847
0 0.7125286383894626 0.18749991297406032 0.03988314750384858 0.058740477091170584
0 0.781069169469996 0.05360638593018649 0.04710509971420285 0.04146079113583173
0 0.804327703025616 0.023799672123102356 0.037328111765353444 0.03910974740961681
0 0.860107421875 0.0087890625 0.04541015625 0.017578125
0 0.9452143763996845 0.15841605584428686 0.0305376260607515 0.04664370430126641
0 0.9006135047046835 0.2117614109536981 0.028612908432875228 0.051446933056023325
0 0.8293383203402159 0.12733353143863974 0.0554456512851762 0.048634959553114476
0 0.8227978195103035 0.17783623833028928 0.05054011288747717 0.044529750190007045
0 0.9714572225633986 0.3059350195324457 0.041325265356149554 0.05489391490010276
0 0.9691922675710957 0.42007345641458116 0.03647086022827328 0.05957776803699533
0 0.9123502757795461 0.4670620381162238 0.03401240955499896 0.056548600855441666
0 0.8362292084988395 0.3887828554880579 0.04426631580499896 0.05696641551796722
0 0.638671875 0.433349609375 0.0380859375 0.04345703125
0 0.6619642610691918 0.4744335477888104 0.03341333955371617 0.03748573616913076
0 0.96826171875 0.527587890625 0.044921875 0.02392578125
0 0.00439453125 0.65380859375 0.0087890625 0.060546875
0 0.11131205722831405 0.6141425256646142 0.04708805529092852 0.03853110363583179
0 0.1499260462992874 0.6225502421331632 0.06282668477942377 0.05869902359777568
0 0.24646653767588078 0.6025638562726913 0.04732951795398077 0.08003500988583179
0 0.18048355752052547 0.6726119151844296 0.05632846945716752 0.03256147017573596
0 0.2701571888383121 0.7309403715292964 0.03588599391305225 0.04295630960068464
0 0.817626953125 0.558349609375 0.02978515625 0.03759765625
0 0.8927050707405215 0.7513959952703293 0.05621232478198945 0.09650641798942505
0 0.665784312301232 0.5966763642584532 0.05312071526088375 0.0685550111215607
0 0.960562286354989 0.8356846032312124 0.06670736814451228 0.05446365983826151
0 0.8126585194003871 0.837468634529056 0.07071872542137042 0.07268923357874768
0 0.816650390625 0.971923828125 0.06103515625 0.05615234375
0 0.658804473854989 0.8233889145911706 0.04925139484464469 0.07474349988107454
0 0.995849609375 0.704833984375 0.00830078125 0.05224609375
0 0.7289746114438406 0.717875387856229 0.03395559481075139 0.046782975855441666