0 0.006591796875 0.309814453125 0.01318359375 0.05615234375
0 0.18109633720623686 0.06419800290877709 0.04295836866791447 0.04922066669497627
0 0.312273170370059 0.11404664532116887 0.03435051058617811 0.042780844525523276
0 0.3505859375 0.1494140625 0.0185546875 0.0478515625
0 0.6591534758745476 0.33107697311260087 0.03940622243877301 0.07426985218353321
0 0.7031458153136695 0.3145503908132986 0.04680928666312423 0.06700365540184205
0 0.48014511568642515 0.13723334547090404 0.06287138844116813 0.06715384328960372
0 0.416385042473748 0.47484412656334063 0.048657976452794904 0.0744303060052749
0 0.698486328125 0.52978515625 0.04248046875 0.0400390625
0 0.057861328125 0.992919921875 0.04052734375 0.01416015625
0 0.07667199195902819 0.929024015413243 0.026256523490419514 0.03686344755721471
0 0.09172223470798146 0.772763749479263 0.027107213576946343 0.02524712941064755
0 0.15957604378767176 0.8152439907428968 0.025847087714770733 0.0290509475572146
0 0.2554347834699572 0.8283180053683223 0.034301407380638915 0.03256108222666754
0 0.2159365834193575 0.9461134041905104 0.035766251130638915 0.0326635140801006
0 0.349365234375 0.96923828125 0.02099609375 0.0380859375
0 0.3419912642052374 0.7290054325082749 0.031578514034880545 0.027019268720946066
0 0.030785959408032304 0.6356935215202064 0.033169230198353605 0.0388063066232347
0 0.362060546875 0.56640625 0.00439453125 0.033203125
0 0.36228397748532754 0.6185242470616173 0.004841392470655022 0.0563844316232347
0 0.363037109375 0.976318359375 0.00634765625 0.04736328125
0 0.4364868971919606 0.8499231353723415 0.043981958107036395 0.06875191669497616
0 0.4386827874142656 0.9015341061337845 0.052771020607036395 0.06936650781557363
0 0.43267952814201144 0.7168477496971671 0.03727396928692664 0.07071530762895617
0 0.45208558026751117 0.6177402680303516 0.03951688644835355 0.03925017798811048
0 0.5276585100079305 0.5877397546531398 0.029538238494860813 0.07163384816064733
0 0.5574768865206041 0.7388063388912502 0.025431423139870568 0.04896804695378165
0 0.5760633925558335 0.7675499908881662 0.028636368936377832 0.08227360380721471
0 0.6040434079614234 0.6264059118362264 0.01782364102769496 0.05232799373547303
0 0.6830315556464528 0.6995590520796118 0.028851468156287696 0.039963854812936184
0 0.98974609375 0.6728515625 0.0205078125 0.0703125
0 0.9708449856553356 0.65009489414559 0.022427042698353716 0.03805513969806018
0 0.945369286381733 0.6125383016315096 0.03645509773562905 0.05509030762895617
0 0.9549744696276405 0.700442538714694 0.02579175570998027 0.04656078465492586
0 0.934326171875 0.9892578125 0.05615234375 0.021484375
0 0.9573059390565313 0.8990841876944455 0.03519497187345344 0.05889412577552333
0 0.9575092552169115 0.7736403163295698 0.05089674108138764 0.06145157596214057
0 0.907741213323948 0.704000656904842 0.05200955732694634 0.026988470919006247
0 0.8654211863280403 0.6138087750949899 0.04426967400204629 0.04639341104840922
0 0.8174838750154649 0.6869076944920036 0.030776927153892575 0.04885534916636902
0 0.8212890625 0.559814453125 0.02734375 0.02001953125
0 0.7125926330719017 0.7339708274528465 0.01936525398562916 0.05389526933890609
0 0.747997877093458 0.8158380499955342 0.03386015306976087 0.0519899003732347
0 0.7355155875469508 0.8482900080703597 0.04496682567270471 0.03184740540184183
0 0.7798703358225996 0.8435504636733461 0.04120996155573886 0.05299034089039911
0 0.8204530115773898 0.864030824520611 0.018386615219212032 0.06307018123547303
0 0.8580527440938069 0.8759713964598657 0.027224780924751002 0.07390453465492586
0 0.890774491182031 0.7939673706262347 0.04822295094116802 0.0661295247552749
0 0.8545884229436579 0.7831057930404127 0.022864144476397508 0.03711272114920461
0 0.776611328125 0.983154296875 0.04345703125 0.03369140625
0 0.7490234375 0.991455078125 0.0458984375 0.01708984375
0 0.6774626999963511 0.9647879367490648 0.04866212898562905 0.055943906407563526
0 0.6181676457928583 0.9273168178560283 0.03059572273562916 0.054680580215224595
0 0.5574485459792362 0.8422092661038374 0.05171976516551935 0.0585901763644292