0 0.017822265625 0.089111328125 0.03564453125 0.05322265625
0 0.007080078125 0.139892578125 0.01416015625 0.06591796875
0 0.015625 0.3095703125 0.03125 0.0576171875
0 0.04931640625 0.24344925209144397 0.0556640625 0.029611886739425275
0 0.1357421875 0.455810546875 0.0537109375 0.04833984375
0 0.2587890625 0.2935076454141334 0.05322265625 0.059297563307871504
0 0.30859375 0.32761107241043713 0.0400390625 0.04606506052748127
0 0.341064453125 0.23876953125 0.01708984375 0.056640625
0 0.42724609375 0.06834778716755616 0.0595703125 0.052720272979911165
0 0.41015625 0.20283320743843236 0.044921875 0.052123394890588814
0 0.370849609375 0.223388671875 0.04248046875 0.02490234375
0 0.35693359375 0.462890625 0.0146484375 0.0341796875
0 0.4951171875 0.2706603770203623 0.05078125 0.06408089612631773
0 0.53369140625 0.17094406680181323 0.0537109375 0.07005964674418219
0 0.62548828125 0.14816066202539274 0.03564453125 0.07274146585068453
0 0.6416015625 0.2046330023771381 0.0439453125 0.03352891551796722
0 0.64599609375 0.056504720200341335 0.03955078125 0.04409203959117053
0 0.6025390625 0.012451171875 0.046875 0.02490234375
0 0.7802734375 0.21949036896488583 0.04541015625 0.0423776658268995
0 0.86376953125 0.14479910135574803 0.03564453125 0.05955787210068453
0 0.9892578125 0.02734375 0.021484375 0.0546875
0 0.92041015625 0.3500107039937014 0.0615234375 0.06354204422515419
0 0.93310546875 0.3826965346496219 0.04638671875 0.05218308269952099
0 0.94189453125 0.39552200154602846 0.044921875 0.060912457390588814
0 0.989990234375 0.413330078125 0.02001953125 0.04638671875
0 0.7802734375 0.42310365021488583 0.06494140625 0.03389615952932945
0 0.763916015625 0.4716796875 0.04150390625 0.0166015625
0 0.70068359375 0.35505762533353763 0.0380859375 0.0845596955322383
0 0.62646484375 0.4386482139027712 0.06103515625 0.06498699203884328
0 0.373046875 0.432373046875 0.046875 0.02880859375
0 0.5888671875 0.3181098884986988 0.05078125 0.05919808362631773
0 0.60546875 0.2866717079141334 0.0361328125 0.03906995553699533
0 0.64697265625 0.3020703970777199 0.041015625 0.05294078990010287
0 0.047607421875 0.504638671875 0.03173828125 0.04931640625
0 0.09033203125 0.5710909557037641 0.03466796875 0.03022120522806304
0 0.26513671875 0.5542025855045165 0.03564453125 0.05028052835068453
0 0.2197265625 0.4873046875 0.0400390625 0.0146484375
0 0.1044921875 0.7819397548007525 0.0390625 0.0484666749048599
0 0.12451171875 0.8548544901620119 0.03759765625 0.05963745584592761
0 0.170166015625 0.969970703125 0.03369140625 0.06005859375
0 0.193359375 0.9511702568921965 0.021484375 0.05898088994767292
0 0.23779296875 0.8795355079379183 0.04833984375 0.07570016644476407
0 0.240234375 0.9351000907563647 0.025390625 0.047909588688158866
0 0.25048828125 0.98974609375 0.04296875 0.0205078125
0 0.65283203125 0.7115029378335377 0.0966796875 0.09671283288952792