0 0.71826171875 0.17598767740495702 0.07861328125 0.04705917097786494
0 0.972900390625 0.04296875 0.05419921875 0.064453125
0 0.91845703125 0.15883913280666262 0.04638671875 0.060807187455883094
0 0.01318359375 0.39567180900851695 0.02197265625 0.05401413649226039
0 0.056640625 0.5481052365987653 0.0302734375 0.05059135194489217
0 0.0751953125 0.5931312365811185 0.0341796875 0.04642433384907174
0 0.0615234375 0.7192880655414898 0.0244140625 0.046343832213622704
0 0.02783203125 0.7456460770866906 0.03857421875 0.05888731739752373
0 0.08349609375 0.7806264207837501 0.05859375 0.044428322312694224
0 0.111328125 0.82130995200728 0.0263671875 0.04108649504071238
0 0.15185546875 0.8568735259818936 0.02880859375 0.0700372845120747
0 0.2099609375 0.7337929404003155 0.0380859375 0.04811669075325131
0 0.24072265625 0.79173695023948 0.05224609375 0.06066017593715234
0 0.23779296875 0.5996717841238453 0.0341796875 0.06400245884907174
0 0.3349609375 0.5643155488340634 0.04150390625 0.09079623351315846
0 0.34423828125 0.44766839257524 0.0341796875 0.08109230259907174
0 0.292724609375 0.36083984375 0.05908203125 0.0625
0 0.396240234375 0.35693359375 0.04736328125 0.0546875
0 0.43896484375 0.6045527740640959 0.044921875 0.09099530752306562
0 0.431640625 0.6695558744000091 0.0224609375 0.06722616938653281
0 0.390625 0.714530267531123 0.0234375 0.06728304767507765
0 0.45361328125 0.7089215733922695 0.0263671875 0.06989508879071238
0 0.33203125 0.6950042889684287 0.0732421875 0.10289868414086789
0 0.32666015625 0.8113906771314316 0.06982421875 0.10953554763096074
0 0.439453125 0.9410069944583683 0.048828125 0.07120328942724541
0 0.32421875 0.978271484375 0.0556640625 0.04345703125
0 0.3642578125 0.99267578125 0.0302734375 0.0146484375
0 0.255859375 0.9434974699619261 0.0380859375 0.09694481575325131
0 0.49853515625 0.49658203125 0.017578125 0.0234375
0 0.560546875 0.804299242972917 0.05517578125 0.03495190455278707
0 0.6591796875 0.4975439501159524 0.052734375 0.06410658383142492
0 0.8212890625 0.6022005897644068 0.056640625 0.08044737823560455
0 0.95068359375 0.4412799317466068 0.05908203125 0.06447629270696681
0 0.951171875 0.7567380583908793 0.0400390625 0.05946091608034121
0 0.77978515625 0.8190215437512482 0.052734375 0.05434095883142476
0 0.7197265625 0.8340782165057365 0.048828125 0.05606657067724541
0 0.532470703125 0.988525390625 0.03173828125 0.02294921875