0 0.19743462272748163 0.1349775200842053 0.03441689639857892 0.04807556136264246
0 0.18674115274317027 0.04370508804746668 0.04771328558739396 0.041324789415480755
0 0.35742861129568015 0.15628054441196274 0.04002594752445554 0.04332225433766842
0 0.2317286026208923 0.2412810925027804 0.03666400225521427 0.0644653596063991
0 0.027185409762595494 0.44850592778142184 0.04728102781815258 0.06269540783839093
0 0.00537109375 0.15169270833333334 0.0107421875 0.048177083333333336
0 0.2961264526174314 0.30827599609761913 0.03367173378668342 0.06293576311888611
0 0.35760623313491946 0.3145280093341505 0.04362510169227596 0.06760039029948484
0 0.4090728798795673 0.09389490850896909 0.03209409459786827 0.07059658768276626
0 0.39964638967331023 0.16856868481732823 0.03220689003668342 0.06282200654179615
0 0.51220703125 0.01953125 0.0458984375 0.0390625
0 0.6205024035160563 0.3304343210732579 0.02658547241256004 0.057196565759133566
0 0.5927344501891827 0.4324769241143314 0.03512421103843666 0.05267077188833902
0 0.5558746505860083 0.37955876836242314 0.03038548446151723 0.04516804382373637
0 0.5224095836909362 0.44831598762227926 0.04269875366256004 0.058447888107121614
0 0.20502096218046173 0.5034484477479818 0.052839864473745 0.06701876528772033
0 0.73681640625 0.18196614583333334 0.0341796875 0.050130208333333336
0 0.7543371896225537 0.21958386903466565 0.04621059386535631 0.06066644512033115
0 0.8334831575823636 0.25300288010236277 0.06063344048772623 0.0773531731731693
0 0.8511354815718433 0.18936531433146464 0.04256703423772645 0.07595017538906168
0 0.8203154939091912 0.061387772617739866 0.059995264304171236 0.05395359203219926
0 0.7525884860822716 0.07378203349720451 0.05638955264857892 0.04978191001898965
0 0.9282649950858244 0.17364642846376452 0.035549911319906036 0.05140660741403572
0 0.9454895521698494 0.3921881784990581 0.07814898451919539 0.07741616876491368
0 0.8321028126961043 0.4639088823064905 0.0755511258478685 0.07397136613643074
0 0.8299016092538745 0.6210438581904946 0.07310316211009615 0.09388822578988787
0 0.8894085923080459 0.5671281850173253 0.07222702855066476 0.0756590591232212
0 0.7819661175595235 0.02934086905819472 0.05858063502445554 0.04476317098080603
0 0.42626953125 0.9817708333333334 0.0283203125 0.036458333333333336
0 0.777587890625 0.9820963541666666 0.03955078125 0.035807291666666664
0 0.7633184858919331 0.7594011010957655 0.04674253209786833 0.07173415345366448