0 0.0479124309660251 0.08592916373901022 0.05516190311446756 0.08313421248179387
0 0.021345415209570118 0.37278656043830916 0.02477483612597231 0.0627220954159795
0 0.042724609375 0.40234375 0.02294921875 0.0546875
0 0.19615042826009954 0.2837300960432163 0.059176101128538106 0.10180256024835055
0 0.3427061472409385 0.18329063733065953 0.05493180340026482 0.04358343123179376
0 0.38636738601970055 0.23084008433189673 0.05297867840026482 0.04352660109851536
0 0.4057367139985948 0.2581038142491132 0.06379756580499896 0.05702276058154654
0 0.47116388631191186 0.172718118567608 0.04770132897827328 0.059483599481999994
0 0.32698139588797576 0.28480528961356677 0.05849464974809615 0.06858522771503095
0 0.817138671875 0.4072265625 0.04150390625 0.044921875
0 0.89794921875 0.413818359375 0.0322265625 0.03173828125
0 0.9282459440312052 0.30147706811727804 0.03399820586893698 0.05371469479905144
0 0.9362945507703623 0.17675223636748427 0.02611468743862755 0.04128034301593808
0 0.251953125 0.97412109375 0.0419921875 0.0517578125
0 0.4172039405888107 0.6470448107192986 0.03933521077238855 0.04801160266556703
0 0.40609464688735475 0.8782859926356904 0.02618570586893698 0.05348737426593808
0 0.322265625 0.988525390625 0.0400390625 0.02294921875
0 0.23501472775629184 0.8305384618308658 0.03355821715154761 0.062001268515732066
0 0.046896423695581224 0.6905289647255463 0.036814263880441844 0.03426868999896904
0 0.036977073335583255 0.8011504703586184 0.04866652852942377 0.05755888954863919
0 0.06192738406766424 0.8760952723759998 0.03642824917008758 0.05183260746564944
0 0.013671875 0.903076171875 0.02734375 0.05126953125
0 0.06811474604920581 0.48389176835944314 0.04225921679796374 0.04712028536548457
0 0.0730136263208917 0.7327305079262885 0.05490339602814087 0.03870061873179376
0 0.55419921875 0.88427734375 0.029296875 0.0751953125
0 0.5859181767230195 0.8794444929403711 0.03309834327367134 0.06686987348241225
0 0.647168903450631 0.9245293437421029 0.03511680522955607 0.07815717236569064
0 0.6961898730305435 0.9738756328768245 0.05145133843159244 0.032741790998556564
0 0.7311135081296577 0.9289215855111339 0.03436433541880479 0.03273280858237104
0 0.7964664957249235 0.940201369796309 0.045265604202697984 0.06038912431540222
0 0.80593165368147 0.8237346966965565 0.06768108990729993 0.05323017084810311
0 0.9166038939359396 0.8493181803830101 0.06508912458504379 0.027280226931505336
0 0.9608215916577987 0.8851346698509275 0.0539921704840256 0.04990267241515456
0 0.9243649351155871 0.941850089816577 0.05879260160486677 0.03588459149835055
0 0.8547269920370393 0.492292648497876 0.03402945397827328 0.059085788549051554
0 0.563232421875 0.46923828125 0.04736328125 0.0625