0 0.08444436256950147 0.03221585065220939 0.046492574827091626 0.06227590731075139
0 0.3217752211802771 0.5105989376548159 0.02704655463631145 0.06704509032225614
0 0.6393872985968754 0.28111527236645295 0.054708126267871804 0.057441387343361905
0 0.7731337461922655 0.27945222811264525 0.038509615208651926 0.05246483051535322
0 0.8601550271382234 0.23015887331087376 0.036573536170495746 0.05343003006650382
0 0.82080078125 0.01806640625 0.033203125 0.0361328125
0 0.98779296875 0.026611328125 0.0244140625 0.05322265625
0 0.960123729705813 0.13944115290104891 0.033811836951488594 0.09100780115601714
0 0.97265625 0.50634765625 0.0546875 0.046875
0 0.986083984375 0.558349609375 0.02783203125 0.02294921875
0 0.736328125 0.544677734375 0.0361328125 0.05029296875
0 0.5042612370607051 0.2876526069086236 0.04004017146858074 0.08420879323977803
0 0.5209873173687924 0.043145852358755954 0.0657851813612762 0.04871766179924664
0 0.5711450273926215 0.11960180107999396 0.04855044693560251 0.04031745474681325
0 0.4468205608226196 0.3254004966803503 0.04292119242049597 0.0534669596502646
0 0.005615234375 0.917724609375 0.01123046875 0.05224609375
0 0.14300402064581352 0.670319016326227 0.03247978059021239 0.04266511666880474
0 0.092529296875 0.574462890625 0.03662109375 0.00927734375
0 0.089119043221346 0.6040942479572899 0.041671894530992404 0.037836278175839955
0 0.2874000119196427 0.7473232273294546 0.017411245687588117 0.04648330381522092
0 0.11250873224155655 0.8532284742085728 0.0394179938612762 0.048564261989778146
0 0.03530063387510263 0.8493616689790167 0.0325309184757443 0.04559480416880479
0 0.384765625 0.877685546875 0.009765625 0.03564453125
0 0.4277668511545361 0.8749192463734883 0.014166207893474891 0.028399853141946707
0 0.4134618042288624 0.8665360837443292 0.02623687144872322 0.02065837157225614
0 0.39893515979921723 0.8454576086151702 0.023358321834255125 0.023571014648981925
0 0.5539273389287919 0.8302476817987071 0.024968056259928817 0.03188031811061909
0 0.5969618014387206 0.8622331071861843 0.02489134943163096 0.027485786860619088
0 0.6176936827801391 0.8472185401363166 0.02352025847177286 0.032848358398981925
0 0.6035189519057422 0.81833040574437 0.02693822722177286 0.03286824355946849
0 0.47725618836042283 0.857142595319151 0.018526647219786918 0.026472294776858085
0 0.48964825385325933 0.8957849917622482 0.015707758471772748 0.03280290660358376
0 0.6666812730802099 0.8846091481203423 0.036198525009928595 0.03194565506650382
0 0.7762487213353875 0.8403292797303403 0.025112946935602398 0.04018109936061909
0 0.8375909582988643 0.6624816007923745 0.030929707030992404 0.0377737819571676
0 0.7772373871223374 0.8969699047303403 0.03403232548687929 0.019727260867654195
0 0.7628872539546068 0.9139745263639689 0.02821556539148906 0.022134578271105765
0 0.7585754811763794 0.9466609627418451 0.02526030894872333 0.02065269009783144
0 0.7955484884816277 0.9390643587699861 0.019452071834255014 0.023548288751282787
0 0.8261397476131881 0.9294777002143659 0.026895612317162865 0.030426837309468602
0 0.8046504299382939 0.9850110888025965 0.033629274046099056 0.024607232630441844
0 0.75244140625 0.989013671875 0.0205078125 0.02197265625
0 0.7433510612797125 0.9695192779010489 0.03150568942765952 0.01483024468159233
0 0.6673666918599961 0.9798183103959175 0.031761378855319045 0.02947868218159233
0 0.6171869931994289 0.9580441802002547 0.024076723569148584 0.036757449136194276
0 0.5233773323329751 0.9540807899054777 0.012650226257942876 0.025461643430309544
0 0.49072265625 0.994140625 0.0302734375 0.01171875