0 0.05146464110556679 0.27858566500684184 0.0398036365278963 0.06344269068713763
0 0.06454252985686179 0.3516235364612366 0.034068669742367 0.052984359874689226
0 0.096923828125 0.4222005208333333 0.03076171875 0.055338541666666664
0 0.297607421875 0.4205729166666667 0.02392578125 0.05859375
0 0.24084826600143194 0.07231616664713243 0.04219955864845515 0.06215954560188693
0 0.03847240785422615 0.07725849637256503 0.05414438301267599 0.04077364949191612
0 0.6149640180432993 0.0753870823513747 0.03681776700758732 0.07578596880648887
0 0.59326171875 0.010416666666666666 0.048828125 0.020833333333333332
0 0.714599609375 0.011067708333333334 0.02978515625 0.022135416666666668
0 0.7180943742260343 0.05925540543750792 0.02524482100379366 0.0379460114978755
0 0.7754293053415044 0.025836818476739614 0.04316407697460223 0.04784799188406982
0 0.6194213179825093 0.4231721124383359 0.027652787298205306 0.05098199542967485
0 0.6952761503594062 0.4048752021459447 0.03501044600379366 0.03802176449020559
0 0.91162109375 0.4225260416666667 0.0380859375 0.0546875
0 0.943482292185462 0.16454743810764993 0.024575949519014095 0.06072110688235929
0 0.9353113042818726 0.06289403451685367 0.05521326005454319 0.07137260782524946
0 0.8667338602425496 0.11055220985272547 0.027211336460631452 0.08026750748082545
0 0.127197265625 0.4733072916666667 0.03076171875 0.046875
0 0.21201423762074145 0.5309508946370328 0.06332006061292583 0.051909535518346615
0 0.17681243111828848 0.7696748655747916 0.04122299614845515 0.06215197030265399
0 0.19075189813600746 0.6362832892508385 0.05269292971951378 0.0830686319275505
0 0.10285454172108266 0.7756133471493657 0.05205615190733748 0.06483946526088384
0 0.6316739057349623 0.8457393841834117 0.038975570590072506 0.08166049440495489
0 0.7762011168860075 0.9308676293675968 0.043209561104043503 0.049150075217403145
0 0.8893847395852121 0.8366677671979778 0.04114272578044065 0.0458797162856038
0 0.7998848131219908 0.770200480736741 0.038883256048205306 0.05106911137085449
0 0.8509456993135625 0.6227700614673592 0.04389182304566086 0.06868132521740315
0 0.9482260321041804 0.6482709623736106 0.028141068548205084 0.05098578307929132
0 0.98876953125 0.5559895833333334 0.0224609375 0.08333333333333333
0 0.8314519281181059 0.5516360755679498 0.056529607242366886 0.05315859175704881
0 0.7310358829620176 0.5599741907298991 0.05244142072460223 0.04791995722678344
0 0.6472026970901639 0.48508502674777726 0.053599919742367 0.05313586585934978
0 0.4926315710305319 0.5197029964348606 0.06497888505454319 0.07144836081757955
0 0.5777128778960477 0.6147896026821151 0.05463266426267599 0.04077743714153259
0 0.48091005609155013 0.8133114251526777 0.04435601594795546 0.040046854832919365
0 0.92236328125 0.9700520833333334 0.046875 0.059895833333333336