0 0.318625 0.23116666666666666 0.04625 0.034333333333333334
0 0.3255 0.2788333333333333 0.0415 0.03166666666666667
0 0.179375 0.30583333333333335 0.03575 0.057
0 0.18825 0.3455 0.0365 0.04633333333333333
0 0.114 0.2835 0.039 0.033
0 0.10125 0.37316666666666665 0.0265 0.06766666666666667
0 0.1185 0.3963333333333333 0.026 0.05266666666666667
0 0.2305 0.43383333333333335 0.047 0.03833333333333333
0 0.40525 0.383 0.0265 0.05533333333333333
0 0.493125 0.3388333333333333 0.04225 0.041
0 0.47625 0.2035 0.0395 0.029
0 0.3125 0.3825 0.047 0.043666666666666666
0 0.17775 0.5481666666666667 0.0455 0.050333333333333334
0 0.214875 0.6301666666666667 0.05725 0.050333333333333334
0 0.180625 0.6723333333333333 0.04225 0.06066666666666667
0 0.1445 0.7053333333333334 0.052 0.05533333333333333
0 0.109625 0.7345 0.02675 0.061
0 0.12925 0.8871666666666667 0.0345 0.025
0 0.155 0.9195 0.0235 0.050333333333333334
0 0.17375 0.9195 0.039 0.037
0 0.247 0.9115 0.028 0.058333333333333334
0 0.330125 0.7523333333333333 0.03525 0.054
0 0.459 0.7423333333333333 0.039 0.06066666666666667
0 0.523125 0.8626666666666667 0.03825 0.06066666666666667
0 0.440375 0.9293333333333333 0.04375 0.06466666666666666
0 0.3525 0.5033333333333333 0.045 0.05266666666666667
0 0.5335 0.45966666666666667 0.049 0.05266666666666667
0 0.529625 0.3685 0.02675 0.058333333333333334
0 0.572375 0.3388333333333333 0.03125 0.065
0 0.638625 0.32566666666666666 0.02725 0.059333333333333335
0 0.6615 0.19283333333333333 0.035 0.03966666666666667
0 0.659875 0.4075 0.04225 0.06233333333333333
0 0.6075 0.4155 0.039 0.049
0 0.575875 0.49466666666666664 0.03325 0.06733333333333333
0 0.65 0.504 0.032 0.056666666666666664
0 0.823 0.3165 0.039 0.03833333333333333
0 0.78125 0.41283333333333333 0.0195 0.08566666666666667
0 0.88125 0.4161666666666667 0.0435 0.045
0 0.988875 0.3395 0.02075 0.042333333333333334
0 0.976625 0.15116666666666667 0.03775 0.04633333333333333
0 0.8715 0.7186666666666667 0.041 0.074
0 0.813875 0.714 0.03125 0.07266666666666667
0 0.74875 0.6473333333333333 0.0405 0.09533333333333334
0 0.628 0.7133333333333334 0.054 0.066
0 0.63225 0.9306666666666666 0.043 0.07533333333333334
0 0.699125 0.9353333333333333 0.04425 0.06066666666666667
0 0.83475 0.9353333333333333 0.056 0.082
0 0.896125 0.7906666666666666 0.03075 0.062
0 0.94075 0.7648333333333334 0.034 0.10033333333333333
