0 0.27984803814910997 0.04816801928103043 0.05420044351946629 0.0876692969808388
0 0.07448375006056818 0.2185776731888834 0.06702036135766054 0.06775719414271524
0 0.04635541561924872 0.29337092049394015 0.048692563046050186 0.051520808834464894
0 0.4521484375 0.2799479166666667 0.03515625 0.12890625
0 0.041259765625 0.0419921875 0.03173828125 0.083984375
0 0.6879277825803818 0.18567055159972876 0.03858640013522141 0.0592678378937462
0 0.3079381954088104 0.9469779968541543 0.04036905205156249 0.049638691485629195
0 0.2449190855939885 0.729647180292811 0.04462720483463545 0.04213326831736571
0 0.020263671875 0.92578125 0.04052734375 0.053385416666666664
0 0.4440663803086151 0.9433179900703207 0.0198385098070748 0.04690358293752528
0 0.3720703125 0.9892578125 0.041015625 0.021484375
0 0.2612828022898436 0.6862376432244144 0.03090987034565973 0.03857375150751855
0 0.2534228015184242 0.8291910843520923 0.02012222335668401 0.035218952585495934
0 0.10555272861764292 0.8629327180392528 0.02170071582912325 0.04183172819607458
0 0.5345376478209634 0.677575819765666 0.046909911129709214 0.06114995524258197
0 0.9610092972324216 0.8038346491993944 0.058208569113172626 0.06584095714590872
0 0.8665887697700301 0.8487970799431079 0.044536694113172626 0.06488560700272838
0 0.8218081723148218 0.5085955233320638 0.054302319113172626 0.06556799996214287
0 0.7630037307671003 0.9438187113689903 0.05823129885766065 0.06714304047924206