0 0.489990234375 0.28515625 0.03955078125 0.0546875
0 0.50439453125 0.16650390625 0.0107421875 0.0712890625
0 0.5048828125 0.3525390625 0.009765625 0.0556640625
0 0.2784081375789925 0.024350538436314267 0.029904799864221898 0.041985768467274254
0 0.34547556818158753 0.04987618252202042 0.04488175139910222 0.06808424628891774
0 0.1337136423700116 0.19299504609432905 0.04866005271921203 0.06598459263081591
0 0.03693221781557378 0.6581365011191842 0.028367339439121897 0.02192351814328708
0 0.4085772642465581 0.11204726799557377 0.04061516882899252 0.07014118087303234
0 0.38771872067056395 0.6500105816443005 0.02938470007899252 0.06915864217132528
0 0.5595328344054953 0.6639668807726855 0.053385174270509594 0.08195134522271408
0 0.74951171875 0.6953125 0.0625 0.029296875
0 0.27952572824685973 0.9694111523025766 0.06343851516551924 0.06047294642442114
0 0.12395284444181864 0.8275271563967315 0.06153656963747545 0.06127863262847211
0 0.062399664673006394 0.8510616041171016 0.057602653635080436 0.0696832234625866
0 0.3617845350652722 0.8636199068088557 0.06148539016551924 0.06030207012847211
0 0.389892578125 0.738525390625 0.03955078125 0.05712890625
0 0.6107070153488042 0.744114286639613 0.048794230198353494 0.04072212485277771
0 0.6496394904024969 0.7475754172946188 0.06544281963747545 0.06162038522037028
0 0.744873046875 0.73291015625 0.05126953125 0.0458984375
0 0.6824719015003016 0.7937549597074083 0.057738907380638915 0.03518613100853574
0 0.7746934206798429 0.8406248691677383 0.03781965880813409 0.04462239865107054