0 0.02099609375 0.003173828125 0.03125 0.00634765625
0 0.02176036048497859 0.02273373531346068 0.03342720382455111 0.033334887703595495
0 0.008544921875 0.3828125 0.01708984375 0.033203125
0 0.03153709400553545 0.301178052464541 0.03856383741791447 0.047648504366401
0 0.018055403028440137 0.23292718670878476 0.03566181592030965 0.038774186081509066
0 0.08698190475279138 0.23831842241785306 0.04088144752085843 0.026771768715249777
0 0.1555695111101767 0.2222764365978565 0.029672415974002275 0.04538845854078999
0 0.20776857792105485 0.23994911048721174 0.0313696436142219 0.04057385066870356
0 0.23296071383248174 0.27074957810340017 0.028132879282485312 0.03461216872683326
0 0.2607567740144182 0.22396448044052375 0.026305626695958484 0.04624566294194121
0 0.28674219174116455 0.23962822930671213 0.03684517257455111 0.03345424580244427
0 0.27516177175314027 0.2838975137893016 0.03938686150204629 0.04475291918035784
0 0.311970298720655 0.31624187863800857 0.04974312669595837 0.04706411847690406
0 0.2755574008523407 0.4437468429636906 0.032113822224002275 0.045473714325682035
0 0.38253174009271285 0.048638944428515074 0.056039603474002275 0.04630922101762314
0 0.3638850749808862 0.09754147635880206 0.03835911953009008 0.043742254366401
0 0.3100289041306863 0.13938796149851163 0.03232269264466092 0.030859379139638765
0 0.16413724559101556 0.15179342502807258 0.058227188630638915 0.03225137170949355
0 0.10314288748088613 0.10664679418526357 0.04514595382455111 0.03374411547107692
0 0.049668486403939865 0.1319087679819516 0.04221419005813404 0.04290210112222814
0 0.07284801277774228 0.12671283235396713 0.018390767752046178 0.04401971943028693
0 0.317626953125 0.01904296875 0.04833984375 0.0380859375
0 0.8033292203762449 0.25814416794052375 0.029546543560529215 0.033686759697768354
0 0.7880437902821836 0.16851123412663782 0.017008922009231764 0.01765253193028693
0 0.5661510798286908 0.14311753902274155 0.036461326534880434 0.02613002705244427
0 0.8394233110027913 0.31342070038225234 0.030883438630638915 0.03129650691870356
0 0.9661861993303882 0.033620028027222054 0.022456784967165744 0.019304938407049277
0 0.9441389027883696 0.38920813612607086 0.017522792995209757 0.018157864337265295
0 0.697761589426194 0.393912720400159 0.023200963576946343 0.024204802064027642
0 0.6555044723122738 0.13073688470267414 0.020426890759231653 0.017771890029135706
0 0.8064539189709566 0.09622235566728604 0.021324607784880434 0.02560144118611407
0 0.04618340258961984 0.5834247155272221 0.03571299539226569 0.03975074858150909
0 0.212286230779138 0.9665596110614761 0.029751261448353494 0.037593009697768354
0 0.21692695259580586 0.8036100828173033 0.0507985346703097 0.039302771947839266
0 0.2121513261115251 0.7087362622068711 0.048355052153892686 0.048477808755968854
0 0.2911740431371739 0.69817852593335 0.04056814188987046 0.04869327149431457
0 0.3187335668960566 0.6280070817414087 0.025793831976397508 0.03648003794194121
0 0.35970424122335176 0.6553322248342885 0.029542391027694848 0.052207344883811624
0 0.38509486622335176 0.6544455646714122 0.019674407083782874 0.04991319674424377
0 0.4213577036696592 0.6600026653980328 0.039953988226397286 0.03697452149431457
0 0.7375253936296868 0.8263454359754865 0.03316507766551935 0.0562329529826604
0 0.5823819810759941 0.838586590237637 0.03653394320998038 0.04611545598848732
0 0.5971514112681617 0.5753688941736802 0.038615016889870624 0.048625066866401
0 0.517578125 0.703369140625 0.03515625 0.04150390625
0 0.8287433588458059 0.6481878728531166 0.03157020896921203 0.06300068585474672