0 0.07861328125 0.44775390625 0.063232421875 0.024658203125
0 0.07568359375 0.341064453125 0.066162109375 0.0302734375
0 0.108642578125 0.307861328125 0.0634765625 0.024169921875
0 0.161865234375 0.111572265625 0.05126953125 0.0185546875
0 0.15283203125 0.06640625 0.0478515625 0.03564453125
0 0.1708984375 0.390625 0.060791015625 0.02099609375
0 0.013916015625 0.4541015625 0.02783203125 0.02734375
0 0.77783203125 0.57958984375 0.0400390625 0.0400390625
0 0.767333984375 0.21435546875 0.03466796875 0.0400390625
0 0.76318359375 0.1416015625 0.0263671875 0.048828125
0 0.936509183185676 0.5354853107346352 0.04619166987933765 0.05079295542249973
0 0.75732421875 0.46875 0.0146484375 0.0595703125
0 0.8495316124319394 0.17202327366628228 0.029277202536683422 0.04571696625357935
0 0.989990234375 0.13916015625 0.02001953125 0.0595703125
0 0.0786737955945454 0.704900967064177 0.08337599234611498 0.060008142927471086
0 0.30851598743193936 0.6739273161998887 0.049578348145072115 0.05034444583963038
0 0.6393473294862027 0.7725403469874192 0.04380047809962173 0.043934291255567914
0 0.65478515625 0.984619140625 0.064453125 0.03076171875
0 0.8940221569479038 0.7020558203871037 0.037058412052418 0.045319591671306725
0 0.7796596034514565 0.7887720508185518 0.042742410645072115 0.05026490250536897
0 0.7901718880179476 0.8759868995663644 0.04724392832341276 0.0215301704228974