0 0.06005859375 0.013671875 0.0517578125 0.02734375
0 0.07496213571560806 0.24297346753302773 0.05644493968287523 0.054876644414991294
0 0.10403142618808814 0.122357933537936 0.05163314561318466 0.06668509517238319
0 0.4306997790991959 0.06654329529266684 0.039463043946945664 0.07203630019086338
0 0.17278566366060905 0.1958091541844469 0.0460575187838933 0.031090406630514433
0 0.7473528476861435 0.09001211923503838 0.02853336779092852 0.038932860607125974
0 0.80078125 0.021484375 0.0419921875 0.04296875
0 0.886334363042293 0.15455446147510338 0.0472670217353085 0.07120918522903608
0 0.7621922656804319 0.2918117383643405 0.04759338096420285 0.04341701202829684
0 0.54833984375 0.322998046875 0.0390625 0.01318359375
0 0.7104117272827328 0.28368053514269653 0.02867256391433526 0.06285864185712597
0 0.051287877875392074 0.5705209690429627 0.04683839596676853 0.08142323342977531
0 0.12467526852375299 0.6853465371328207 0.05313207820973331 0.0726640443201656
0 0.0979533144227348 0.7061035631734771 0.02230218176663623 0.058434237216735685
0 0.07007615692786623 0.7799636713163511 0.0520333640096009 0.05158823447164407
0 0.011474609375 0.881103515625 0.02294921875 0.07470703125
0 0.135986328125 0.97705078125 0.02880859375 0.0458984375
0 0.13861482392277563 0.9002500339136014 0.018449905773671338 0.06739271657264934
0 0.30049978068299754 0.8749086875181844 0.03213598445973331 0.07095014820195145
0 0.287353515625 0.986083984375 0.01904296875 0.02783203125
0 0.3064304996638365 0.9715385323100532 0.01934124615729993 0.05282399517117087
0 0.3962114278946347 0.8841857089232996 0.018449905773671338 0.06739271657264911
0 0.38731977330445955 0.7819456220858662 0.01707596561446767 0.08289814242486693
0 0.3790442331388415 0.7017180495476935 0.03117646638300764 0.07380011960342991
0 0.39727223585941784 0.6470803116696036 0.01937249426663623 0.05819508892117087
0 0.513427734375 0.706298828125 0.01220703125 0.06689453125
0 0.46089684224499106 0.7615970000242458 0.02382099952367156 0.0678311551145181
0 0.515625 0.584716796875 0.0078125 0.06396484375
0 0.48461743931464074 0.5605047605365462 0.028144512343361683 0.0559828463078651
0 0.42602587895079413 0.38832104197377276 0.04192433535743234 0.07565355918716732
0 0.331298828125 0.3505859375 0.02783203125 0.0419921875
0 0.31698040446743037 0.43603346393935527 0.0275823719258399 0.04324767575860439
0 0.20652089395335982 0.4084708573064162 0.029947078271105765 0.030263372254908327
0 0.178955078125 0.335205078125 0.03076171875 0.01123046875
0 0.6432741056170332 0.4344592724591069 0.03838421490729993 0.054378459092341846
0 0.6788451032500408 0.508618114505884 0.025643450611901875 0.04552964981156121
0 0.8101927595000409 0.5193399297570371 0.027502831283893414 0.029575800758604387
0 0.9593322471420282 0.7360067624330572 0.03827342615601714 0.035335490342341735
0 0.9712214413747711 0.7662602306153161 0.039653047789645735 0.020806626990124144
0 0.989501953125 0.56494140625 0.02099609375 0.0498046875
0 0.9043120553376502 0.5904692377151092 0.0364083640096009 0.05031277689529867
0 0.841721802847913 0.7376314413112062 0.04368713096420285 0.04309814763421049
0 0.8087942293575139 0.7822843752114723 0.0417737762851762 0.04977465293716743
0 0.7390811249093262 0.8795721598679183 0.030066389234025603 0.05077118475490838
0 0.7184334651848606 0.6860833066474865 0.04179082070845053 0.05270434043716732
0 0.6545967801599473 0.786779075395062 0.03237428083504379 0.028021256251212323
0 0.5402540710941053 0.8467483713187758 0.029969804168804792 0.03416962225490838
0 0.675206208098534 0.6381422045625368 0.044081667886194165 0.02702472443347137
0 0.7424662177973427 0.4547574877090478 0.040203825258318115 0.031588672539384965
0 0.8549978387238037 0.4190428220882908 0.03442115016305225 0.04429396969825544
0 0.99560546875 0.82763671875 0.0087890625 0.0380859375
0 0.5860477268677766 0.9163731386500296 0.03292789904092852 0.0392915830504732