0 0.440277741440949 0.21868555138437562 0.054933974250212625 0.06421568745234385
0 0.5361328125 0.057373046875 0.02734375 0.04931640625
0 0.23354874501613476 0.33115662940314716 0.06757193097690406 0.04889753900292981
0 0.2047835466845549 0.3852190614297314 0.04911334811640122 0.0372465699799045
0 0.51904296875 0.551513671875 0.0537109375 0.01611328125
0 0.039794921875 0.5546875 0.07470703125 0.009765625
0 0.20212205184217114 0.1955500038570968 0.032473036750212625 0.06369290332912325
0 0.31336183025518927 0.13070155786749185 0.06100881198855834 0.0565509307915148
0 0.05702348780784616 0.026510914583724288 0.0584309964827312 0.05258785643029518
0 0.608642578125 0.007568359375 0.02294921875 0.01513671875
0 0.5806515999403111 0.11900914561093773 0.03037109788963871 0.03144361108463545
0 0.8559926272195177 0.08485749518977909 0.03223432055251507 0.05685696582912325
0 0.821044921875 0.016357421875 0.02490234375 0.03271484375
0 0.994140625 0.066162109375 0.01171875 0.03369140625
0 0.8052609749403111 0.12423698684314277 0.026703564087336318 0.03818862960668401
0 0.928466796875 0.00927734375 0.02783203125 0.0185546875
0 0.8325101553527623 0.22553891129450987 0.022564800192012013 0.045410564506488615
0 0.776106690800318 0.25941093073094657 0.03323258076172508 0.02955867531809897
0 0.7342958637247069 0.26723397909021296 0.0249829529826604 0.03083031623995236
0 0.684405920439815 0.26851616837133274 0.032676094883811624 0.027594185445855013
0 0.6648157589163647 0.3257242204705515 0.02218967473848754 0.03466837700648884
0 0.553955078125 0.2939453125 0.00830078125 0.0302734375
0 0.7540177672535592 0.3321985233411896 0.02072483098848754 0.034634282389756965
0 0.6037681980616179 0.35264665368454895 0.031870043953595495 0.03245426820136732
0 0.6422804144860778 0.34132608246957497 0.02065662636057386 0.032681157389756965
0 0.7086680575789576 0.3853862684614804 0.020151293953595495 0.03218151126751301
0 0.7455774652474485 0.4199641347465064 0.02027065205244427 0.03559948001751301
0 0.789198805764859 0.4302643169984596 0.02166729117453059 0.03368044963424488
0 0.8431810267245652 0.3117946277173398 0.02648189904661713 0.03184097335668401
0 0.9335052999220501 0.3700949323214415 0.04077846455244405 0.036076804651757666
0 0.9023668999683836 0.4221474149868061 0.03754805852920651 0.041368344296050186
0 0.8393166163928435 0.40846295034509594 0.0264477967326604 0.03086441085668401
0 0.7525033464809593 0.13766938301304288 0.029104665721006118 0.023120100090147533
0 0.99560546875 0.2587890625 0.0087890625 0.0244140625
0 0.599178366730534 0.2601796594786461 0.01705109488381157 0.027230509534049485
0 0.5650560350038426 0.24374775354932754 0.022309032837336207 0.038086345756488615
0 0.555419921875 0.357421875 0.01123046875 0.0302734375
0 0.6341873379219083 0.4051545477526479 0.018891064087336207 0.038006791650781135
0 0.670143436549751 0.42504988192094206 0.020014884697768354 0.02827526126751323
0 0.14236106511512525 0.6995341749368493 0.03781467473848754 0.035032052918294365
0 0.3202613051326776 0.6709334149391498 0.03527096154661713 0.03204554105707469
0 0.5127045642080761 0.7296558528422317 0.0371109307501416 0.04282182317380645
0 0.14026375210858943 0.9135263760315325 0.03453311524431468 0.038858748812586885
0 0.07457520645182364 0.849446658789627 0.044145279831509066 0.034691515007465146
0 0.2963091589230422 0.769088902804905 0.044219686761795884 0.05079343138522141
0 0.57080078125 0.576416015625 0.015625 0.03369140625
0 0.6869108847654969 0.7265008428703561 0.01950955229078999 0.02777561514526905
0 0.5807600884863612 0.7435772804656686 0.018498887476833203 0.026776322900781135
0 0.7978236003938357 0.6010486975195316 0.028974458767552225 0.033362641467903686
0 0.869384765625 0.986572265625 0.02099609375 0.02685546875
0 0.7684677931721918 0.811963059518555 0.021292165721006118 0.02293826213424488
0 0.6982715397707571 0.8909611133988935 0.02683377104078999 0.027946088228927968
0 0.6278675816834918 0.9059374991680124 0.02404049279661713 0.031784148995464445
0 0.9931640625 0.98681640625 0.013671875 0.0263671875
0 0.9307740240034175 0.8660746253425136 0.025744052744314683 0.038654181112196095
0 0.553955078125 0.71484375 0.00830078125 0.044921875