0 0.35670352242137116 0.3978948954305935 0.06308528786421475 0.06833253434642221
0 0.2924959796329021 0.29812576588866563 0.03461697640151096 0.06264601187025425
0 0.40185546875 0.018229166666666668 0.015625 0.036458333333333336
0 0.1512577065530612 0.255913700996925 0.05248323807109345 0.03547489949749657
0 0.05514643113640105 0.3588974555469348 0.04704600609556664 0.06788086351228066
0 0.121826171875 0.4459635416666667 0.03857421875 0.02734375
0 0.25732421875 0.44921875 0.05078125 0.020833333333333332
0 0.414306640625 0.3349609375 0.00927734375 0.046223958333333336
0 0.4933415649534189 0.25160999871141354 0.02870545578379724 0.03547500694579142
0 0.6779713076923455 0.21339866334866966 0.03654767090326061 0.04538675126434052
0 0.6893710526340748 0.27750640564589024 0.03080657974650114 0.03829174987518232
0 0.3911809377506159 0.5291274608216049 0.029815448004075762 0.05500625694579142
0 0.11068434853733544 0.6489444638657207 0.03802037590908558 0.07983881553199297
0 0.07200526191729556 0.7489124269986992 0.021803380058270427 0.06772153876353244
0 0.392333984375 0.59375 0.03466796875 0.0625
0 0.2484026681701983 0.5737829708034301 0.02737404175407554 0.05474053661738617
0 0.1973478507430413 0.5670464500989555 0.03150957481934391 0.05066154154184899
0 0.11135207377333955 0.5091166248509366 0.05194338783799202 0.051591508967120024
0 0.6325084291900193 0.5808767902613444 0.04547744774475149 0.05735790871425195
0 0.8556523838054069 0.5992929819166964 0.044775029306521 0.08769114671918003
0 0.9096805964598402 0.6561730238329985 0.04370932144813122 0.0604005407848609
0 0.5413965202127626 0.8178954657703135 0.06157615975232611 0.07593245808369797
0 0.6812299564161424 0.7994410546521981 0.06295185814393645 0.0489075724777844
0 0.992431640625 0.6839192708333334 0.01513671875 0.048828125
0 0.5259503875641544 0.7225244105945988 0.03679938446677938 0.05835444053199268
0 0.4671570696183492 0.7153361116076878 0.0502492610227237 0.05593622437106246
0 0.421630859375 0.73046875 0.02392578125 0.08203125
0 0.993896484375 0.7903645833333334 0.01220703125 0.08072916666666667