0 0.08557670970839004 0.42548238243954817 0.05176334587068854 0.05084409042309623
0 0.09914986566394546 0.5191698841054857 0.04974913036056128 0.05569849458943166
0 0.25240355428312955 0.47193023116747534 0.03701707498828122 0.06628159542090906
0 0.330833121171729 0.5247832369907998 0.05725662064094328 0.04115232709062466
0 0.244140625 0.53125 0.0517578125 0.037109375
0 0.4950007592488994 0.40116716905040306 0.05165356008486688 0.044013834589829326
0 0.549072265625 0.242919921875 0.02099609375 0.06982421875
0 0.32415323117968675 0.21937450740474873 0.06118721827879048 0.047051473757755424
0 0.23292365654493552 0.2492739811674754 0.04751534327879048 0.04689238708923271
0 0.451606589833101 0.2403752565543802 0.05267881786056128 0.055732584589829326
0 0.159423828125 0.007568359375 0.05712890625 0.01513671875
0 0.13663995028321663 0.31637941826466226 0.06127265642676494 0.04802803625775531
0 0.53271484375 0.47802734375 0.0537109375 0.0458984375
0 0.980712890625 0.32373046875 0.03857421875 0.0595703125
0 0.9665972227560178 0.17182578368676427 0.058464707116000936 0.07726241292369285
0 0.904296875 0.015380859375 0.04296875 0.03076171875
0 0.7219944354679394 0.0241282687181833 0.06057077980682868 0.04558094834102233
0 0.595947265625 0.011962890625 0.07275390625 0.02392578125
0 0.8675290291593449 0.3523601941190079 0.05460161902100691 0.038682512506959865
0 0.6685772175136271 0.4973984808143759 0.05905679795011559 0.0728792450071587
0 0.34879416994609314 0.7312203066070766 0.03723708939094328 0.04091937875457363
0 0.25284712573660245 0.7127856182865362 0.03547918832473951 0.048703470420908834
0 0.27964017548341935 0.8346684357843488 0.0385921473551214 0.03410616792150545
0 0.2008312274686045 0.8668672741287518 0.027575273975057768 0.036416895836647534
0 0.3723631463836506 0.9782678924401448 0.03800005652100691 0.038489335838039596
0 0.42634545054811857 0.7293403590965373 0.03880574272505788 0.03654757417150545
0 0.46450443096166016 0.746492359091566 0.034783287906510196 0.05747548792071
0 0.5196934931081303 0.6510271799162822 0.0432673406868922 0.04294068375536908
0 0.4119845369936338 0.6713428420144634 0.03682827008721068 0.030671154171306614
0 0.023514747791174406 0.6167209191498303 0.044530984301388854 0.023931805005766804
0 0.01123046875 0.722412109375 0.0224609375 0.02490234375
0 0.554931640625 0.980224609375 0.00927734375 0.03955078125
0 0.592513137576909 0.8330147286760261 0.04150346341898148 0.039505670005170135
0 0.9287109375 0.9912109375 0.0400390625 0.017578125
0 0.886148349817621 0.7254881890515962 0.03805472799840848 0.06141582792110778
0 0.8600507576580148 0.6339015357207154 0.0432916883247394 0.0487943770886361
0 0.9315888299071754 0.7420666827956306 0.028954236746064677 0.07448010666971583
0 0.6183395865046004 0.6142302965865946 0.030681813972714078 0.049623216253579405
0 0.6845685411759257 0.639364904494578 0.04574548980917248 0.03223826792249973