0 0.017578125 0.1142578125 0.03515625 0.0439453125
0 0.1792839417586488 0.13546423817245057 0.028857260298084775 0.032411189117802275
0 0.07179857218588154 0.26529589946114873 0.028496823761914536 0.039706968723529634
0 0.10057665431822149 0.3211161494346785 0.035443560013900255 0.04645277299334416
0 0.25534390903808224 0.04965403086177056 0.038833488483687284 0.0729905953589789
0 0.05322265625 0.02001953125 0.0498046875 0.0400390625
0 0.4845839874164506 0.10446745663127849 0.02772481280404193 0.05136884043498491
0 0.3542821864824073 0.1846795126777162 0.03371203251787169 0.059034328916254264
0 0.34636272143673486 0.03837058834071927 0.039460608765886196 0.05302794239752373
0 0.2033873432391441 0.25881431216471096 0.031886752231701454 0.06624479108916459
0 0.022076643157654285 0.29508151135108607 0.03662467405602787 0.05822840128188922
0 0.483154296875 0.585205078125 0.05322265625 0.02880859375
0 0.3030797301112024 0.10170059496192607 0.03503198559219811 0.05081886509907174
0 0.30161105265488897 0.2411215193077464 0.048127878195531215 0.07450750160015551
0 0.223570173495528 0.15755501115697135 0.04463320261723336 0.06991389634024836
0 0.00634765625 0.84619140625 0.0126953125 0.0595703125
0 0.09949670707857688 0.8644147150114618 0.044840225496807995 0.05382905423452078
0 0.1492684116234697 0.9492614402944347 0.050938243962623364 0.06784219896579025
0 0.103986353487585 0.7583391113870037 0.05354405818758812 0.04945814633142487
0 0.20702716289340106 0.7092208678670362 0.04637325309418383 0.057820621667338035
0 0.180419921875 0.61083984375 0.05810546875 0.0224609375
0 0.3084761394036828 0.9321938529715268 0.042603370788935724 0.06540560851315846
0 0.6990406229689337 0.8368014766007796 0.025319969815177146 0.025376177607895123
0 0.6765992027682247 0.8086662463585192 0.03138636769475167 0.009632605233437008
0 0.668560162589359 0.851123091761615 0.0196395774145387 0.035288814126625656
0 0.6796553726131881 0.9278637496470642 0.0392585285612056 0.01350560029179615
0 0.6144387596362376 0.9362599355645554 0.029808253855318823 0.031003223656347112
0 0.8723133918401386 0.926890180384683 0.02405967760730454 0.037009610175077756
0 0.5248168605404947 0.7481207382783313 0.015716281452694714 0.034084738472446086
0 0.55512166522645 0.9752423895690437 0.02878907645070894 0.028504939117802275
0 0.9607170114646093 0.6540017444407216 0.02871236962241097 0.024110407867802275
0 0.7783516796859553 0.7975201837614618 0.01855221616255287 0.028884279588080708
0 0.726725292205813 0.857925318680037 0.024695320870425364 0.017535238463622704
0 0.5580430831458135 0.7793230359445856 0.02441159116255287 0.029225549319350175
0 0.9198292311784391 0.6589370750718355 0.031769901836240955 0.03160526148343698
0 0.7598041527980111 0.9086304272020189 0.03027096616255287 0.02956681905061964
0 0.8102359605802097 0.891568566956354 0.040678286069148584 0.03895310358034121
0 0.8461983134617702 0.8839074386325154 0.027057548954680488 0.04108649504071249
0 0.889271810570281 0.8644658662227638 0.040951021458651926 0.0545781035803411