0 0.24837781929470748 0.58174442973707 0.07580308731156116 0.02796534970373732
0 0.12278985262844488 0.5754184918944736 0.06932587225490833 0.032121164756039766
0 0.022705078125 0.6611328125 0.04541015625 0.0576171875
0 0.18504917319467773 0.12287167548159722 0.0425400543583383 0.06185981408733621
0 0.29026854848157896 0.04470325936498354 0.06082572017238319 0.05324746545949352
0 0.98193359375 0.1064453125 0.0361328125 0.0634765625
0 0.9490399931749853 0.1433918304917631 0.0262175787893848 0.04084046687798443
0 0.98388671875 0.179443359375 0.0322265625 0.04248046875
0 0.9668668481983147 0.026402742073130432 0.04799094479308108 0.03916636269201211
0 0.8949412657034597 0.39456836032327214 0.03752776363790655 0.04220920598848754
0 0.9391456958167653 0.40178871638126007 0.027702311270904723 0.05306454928496285
0 0.9476957711936429 0.45212663629982186 0.039181912975339905 0.05054408955244427
0 0.7677692840705206 0.5090463028120431 0.04439357452829684 0.04877852727920651
0 0.6681599090705206 0.5125247388356352 0.04644638494455933 0.03813864672107692
0 0.7022799303759611 0.5478499446552774 0.03843451411203436 0.059281998581508955
0 0.6012656195791841 0.5864334772079343 0.056271756725340016 0.05114088004668793
0 0.546119550547132 0.5343144996092981 0.044214173013512714 0.05851004996524978
0 0.9145615717710822 0.20789146241046663 0.0322663399630394 0.02547123423266029
0 0.5663384526296572 0.8154451208122557 0.028987834092341735 0.03898964881985467
0 0.6426896485582201 0.7986590863875833 0.036003173107125974 0.029496842331508955
0 0.8585797730840924 0.8081611652821987 0.03974991032386166 0.051537703209422636
0 0.8490336494068009 0.889318159724069 0.04284901467977531 0.04775081130827141
0 0.976806640625 0.735595703125 0.04638671875 0.05419921875
0 0.6571092447664106 0.9023498695095988 0.04830980918716721 0.043072612692012235