0 0.3759164947318936 0.2136740999653306 0.049073990063778106 0.07390546377306562
0 0.38535139287523545 0.09159415587059394 0.044888164418421805 0.060522796013158464
0 0.36850396531145735 0.01956567561951017 0.05130714634907174 0.037052041071517716
0 0.10751799470542339 0.22577928443266415 0.045551896331424924 0.05520858055170341
0 0.35153913605109055 0.34656274144334864 0.040214057523065616 0.047111689108978894
0 0.23581394220340907 0.09748333693467848 0.05012187824442793 0.05012187824442793
0 0.6339333401791064 0.17371326090109285 0.038052226918421805 0.06012464799334416
0 0.29931640625 0.3642578125 0.04296875 0.03125
0 0.8146354734181155 0.19709843901192148 0.05427008879071249 0.02943861508142498
0 0.7488491575148664 0.312489912765326 0.0597168683787932 0.04776097362987697
0 0.9730420325854536 0.251580682284834 0.0460449933787932 0.04696467759024836
0 0.2815465606351426 0.5455390752571267 0.041527073956966865 0.06130028450325131
0 0.1550918041198166 0.47150631879474114 0.05449760194489206 0.03334486508142487
0 0.07737458373436754 0.45724730899969357 0.044319381532972824 0.050757171013158464
0 0.14155893536161734 0.8240077661956695 0.06251399175216754 0.02894551803405676
0 0.40170780534938944 0.9209126886501622 0.04771372693606857 0.042195621667338035
0 0.39162544524489884 0.8230004863517102 0.04822563153297299 0.050984684167338035
0 0.51728045684304 0.7412667082667276 0.05163396868823611 0.06772844238870035
0 0.5802923614399441 0.7536959812336015 0.038322626608978894 0.039702152926161416
0 0.3508496988334392 0.5072391607151774 0.04914531574442793 0.05006499995588304
0 0.31005859375 0.390625 0.0576171875 0.021484375
0 0.05402357184505435 0.8500534027938106 0.04386435522461363 0.042944671013158464
0 0.18778809971827548 0.9493297727374657 0.05397606575325131 0.04110048679287992
0 0.5348468682905592 0.4663735404715268 0.03430262003188922 0.037521514771981845
0 0.97900390625 0.875732421875 0.0419921875 0.03662109375
0 0.9030288270602204 0.5664792019984566 0.039247126617802275 0.030510126608978894
0 0.98095703125 0.47412109375 0.0380859375 0.046875
0 0.8966898911250822 0.6498094766801902 0.029978958822601598 0.06354743254071238
0 0.9191070308088303 0.7756910901526363 0.0445136397455117 0.062447481868886046
0 0.732666015625 0.38818359375 0.04443359375 0.0166015625