0 0.32440545857554637 0.34620208305918654 0.03329280259024836 0.06081080022945399
0 0.27910469874520527 0.2888104427915896 0.047111689108978894 0.05431853300703319
0 0.19101935989272906 0.33182055984266423 0.03427899668498491 0.038857484635556716
0 0.2044728976933487 0.3726267079459482 0.029258804260990923 0.02412484055515855
0 0.088134765625 0.021158854166666668 0.05419921875 0.042317708333333336
0 0.29132754430712227 0.05652960512843952 0.03132087004071249 0.03793329135973574
0 0.24776111663746336 0.1056356465850216 0.041683717070434056 0.05251567172358351
0 0.34097513305371774 0.1577686634036651 0.03768733384024825 0.06122052764318534
0 0.46854864779040595 0.2617344729230064 0.057308717070434056 0.05397248030573998
0 0.48842162316161275 0.20458384359318957 0.03283777628188922 0.05039413356278718
0 0.4460225673269367 0.08003017321056798 0.042735965408514875 0.07660421339025025
0 0.4151046611034068 0.040189282119024596 0.05260617103080545 0.03537911149353427
0 0.614782797569197 0.12494221520055764 0.04002461510789512 0.03679962118719882
0 0.022032072136226433 0.2149160444618289 0.04384073187770943 0.04623288139787881
0 0.0307305457661034 0.2915886974119452 0.025745886483437008 0.04389740480809371
0 0.1140048534391668 0.14957472175934491 0.03062388318606868 0.055374840555158546
0 0.5288868171857624 0.28486668064247783 0.03611354931052668 0.047457602106800646
0 0.5240604273343699 0.3524976513513996 0.04108167924334416 0.04986597978872457
0 0.4954889783332861 0.33297562773110007 0.03669196379071238 0.03843406930985201
0 0.4854167054634695 0.11352906079624103 0.02959525819489217 0.04295952362029953
0 0.11848906227941508 0.2076995311654478 0.03080896544380829 0.026214541359735815
0 0.09570084680031321 0.23151045969068731 0.03769696543498491 0.03917616151290352
0 0.807066300884212 0.06700487834496187 0.036620638110062664 0.07019853517194156
0 0.6869910886407147 0.15695843495590256 0.039503078916254264 0.04712523731748064
0 0.15665550141486417 0.4537293031378544 0.049553095358978894 0.05454615934799515
0 0.025390625 0.4202473958333333 0.05078125 0.041015625
0 0.333251953125 0.416015625 0.02783203125 0.032552083333333336
0 0.464599609375 0.4169921875 0.02880859375 0.034505208333333336
0 0.6245982068606868 0.7016011802387007 0.039962921021981845 0.04651972091900639
0 0.6337890625 0.7415364583333334 0.0322265625 0.02734375
0 0.64208984375 0.4729817708333333 0.015625 0.06575520833333333
0 0.5621800754159479 0.5083968338026787 0.03889140949442793 0.06651991151290353
0 0.5075765259289533 0.7056035489376681 0.04576060193606857 0.056786123869122594
0 0.4771319979233811 0.7656588723672524 0.044205624955883094 0.06571860612968654
0 0.41282015736486866 0.8964730254142149 0.03260063153297299 0.06723016635973582
0 0.38211232366579473 0.6387926396865193 0.04437625982151783 0.06962485612968639
0 0.323830492972917 0.7740593459517905 0.03370539800216754 0.036858834367364444
0 0.21312275770960531 0.8558088245932457 0.03163370062770943 0.04509474969306915
0 0.33655561153700153 0.5755416244189223 0.045310391425077645 0.03534727413731501
0 0.26237219843638643 0.9479332995351379 0.034847779570433945 0.05187831796889005
0 0.8095868418498491 0.5082927019846307 0.038052226918421805 0.08070625237499307
0 0.7832380062594475 0.5953138853567025 0.03823730917616164 0.05154595317957019
0 0.7876701526085192 0.6411144283643312 0.04917857068606857 0.0571048007464694
0 0.7115131806405615 0.5341617972733833 0.06660968416733815 0.06651068513320298
0 0.658935546875 0.6529947916666666 0.01806640625 0.08984375
0 0.9064511559676514 0.5549305459488133 0.04652364303405676 0.08538643193426365
0 0.9495380227021721 0.6173028932087816 0.043627210475697176 0.07474213892663488
0 0.9814453125 0.5237630208333334 0.037109375 0.10611979166666667
0 0.992919921875 0.6490885416666666 0.01416015625 0.09244791666666667