0 0.22868857716754454 0.08363437111247723 0.041978324047157844 0.0703297846703097
0 0.22431728195944212 0.1748938616569382 0.036513358844361576 0.06858345382455111
0 0.2888431089943262 0.30090914603039165 0.06815121115379319 0.08386748219116802
0 0.14526443697513075 0.23985395430469214 0.04343080129891119 0.0626196436142219
0 0.2790259513773543 0.05658731661212835 0.04785081402270219 0.040465782945958484
0 0.364013671875 0.0107421875 0.03564453125 0.021484375
0 0.39655689822697604 0.10605793581696943 0.037965836096115035 0.060873312768463306
0 0.3719273659156992 0.23810689627046222 0.04575360309962173 0.045708928016068295
0 0.4881695938999646 0.2446855346832375 0.04557166920450362 0.0656516900581341
0 0.449462890625 0.3310546875 0.03076171875 0.0576171875
0 0.550537109375 0.35302734375 0.05322265625 0.013671875
0 0.5335900500242258 0.04218989675060325 0.023661593923034463 0.06547671443912195
0 0.5537109375 0.140625 0.0517578125 0.0703125
0 0.9037196040224724 0.02893783885833745 0.06895314572374511 0.05081789560703642
0 0.8803686695101987 0.08221790337954488 0.05016705833564061 0.03864060662584867
0 0.92138671875 0.336181640625 0.052734375 0.04736328125
0 0.98388671875 0.303955078125 0.0322265625 0.06298828125
0 0.7338368951411977 0.25605573517265756 0.07535757393180154 0.029254675132685204
0 0.610107421875 0.23828125 0.06103515625 0.033203125
0 0.29445233892811085 0.6993155020341353 0.03780938367478792 0.058431906518463306
0 0.26692815198758835 0.641909261221211 0.049365872242986386 0.03373220438987057
0 0.38777157811346497 0.6443492657437667 0.03036656047549835 0.04100939620074873
0 0.3961778488372101 0.6919940340895252 0.025740629337394072 0.029574209562924336
0 0.45070308740540865 0.6695462287270006 0.04378811160137519 0.03781965880813409
0 0.5490441644806667 0.5486599474202151 0.039819280632844345 0.03663837842030965
0 0.481062520723745 0.43706279292295913 0.02866375934962173 0.04481328725683653
0 0.38437627573597277 0.4470815644773496 0.04398822100521427 0.04853625657215599
0 0.2778348463512832 0.5539121247444645 0.04038250934962173 0.04542744092030965
0 0.06050172106289242 0.43546107353792607 0.02788730625346081 0.055478705548902385
0 0.32776302002584123 0.9609277405573888 0.02831956402270208 0.03944219350683653
0 0.4020509084821444 0.9507084036480082 0.03550625433739407 0.030086004282485312
0 0.548977841125647 0.7374733290207639 0.02826279206464566 0.06133808054890233
0 0.56689453125 0.4287109375 0.025390625 0.05078125
0 0.33246126233734796 0.47988563503378634 0.032995709631090886 0.044067032380638915
0 0.7050335407322822 0.722260568251301 0.06018300720976377 0.04305865134540965
0 0.6924931836990137 0.7999526190060914 0.043086605971991654 0.0572485498642219
0 0.588623046875 0.70556640625 0.01806640625 0.0478515625
0 0.9453125 0.993896484375 0.0576171875 0.01220703125
0 0.9206603013162153 0.7077690945115322 0.051769430520948845 0.04845741109780477
0 0.8575468581291537 0.7025148935703641 0.04746877072374511 0.049691947224002275
0 0.7281480148232748 0.5969451863538962 0.053854274945782654 0.03542735576367306
0 0.6766660076711892 0.5757547560481573 0.053616317569905925 0.03930801602769496
0 0.6337517841973522 0.6654809387003524 0.03586281616256004 0.04324400829650721
0 0.589599609375 0.6064453125 0.02001953125 0.0419921875
0 0.98388671875 0.50146484375 0.0322265625 0.04296875
0 0.902241824104836 0.4659163373456639 0.04746296171327069 0.026819497681936477
0 0.8240411281607607 0.4910164956452641 0.04658027066606696 0.02823316195998038
0 0.75828616931986 0.47491774826018385 0.0397566996643135 0.03566181592030965
0 0.6784649256817555 0.45954174228174016 0.04135326283914731 0.02260617085019989
0 0.6412129617132707 0.38702644872121095 0.033584419821659384 0.030471926588573076
0 0.6991612295646458 0.42558820987270835 0.03870518969753611 0.0268471636843316
0 0.6569434511870157 0.43505506310664016 0.040833691104881886 0.022092299864221843
0 0.8996722620085831 0.6156672189462127 0.041440576804171236 0.039156553878243794
0 0.8022925658337952 0.5541133646384276 0.043713164134597804 0.029056186044112087
0 0.9951171875 0.630615234375 0.009765625 0.04541015625
0 0.99169921875 0.4345703125 0.0166015625 0.0400390625
0 0.985595703125 0.404052734375 0.02880859375 0.02392578125
0 0.9548896336171098 0.41417165698313935 0.033021191104881886 0.02168286408857309
0 0.7590139049003323 0.3951467000919204 0.029427845947536113 0.026360958700748713