0 0.200439453125 0.347900390625 0.04541015625 0.04345703125
0 0.00439453125 0.207275390625 0.0087890625 0.03955078125
0 0.23861203048680546 0.1448715520796119 0.037379639052056324 0.04601782758582185
0 0.53662109375 0.28662109375 0.0341796875 0.044921875
0 0.53759765625 0.354248046875 0.0361328125 0.03076171875
0 0.546630859375 0.173095703125 0.05419921875 0.04345703125
0 0.652018260955813 0.26797553910245564 0.07214741223567289 0.08209931041592244
0 0.7891427871343257 0.04932751598315609 0.08231608867645335 0.0779335208899525
0 0.21826726359290388 0.7212105731997626 0.03572728972177275 0.03517320823238901
0 0.2612395938989317 0.7802992967481717 0.0326697575079431 0.02764412577552333
0 0.3373177161087899 0.7802546593766813 0.020059674817162865 0.03163919554577177
0 0.371337890625 0.992431640625 0.02880859375 0.01513671875
0 0.21339927911758627 0.5540818098951854 0.032772033279006796 0.03350350077552333
0 0.05330874162751509 0.5745867312187132 0.02967188616056715 0.023533012068657544
0 0.1195709565201366 0.850373244062894 0.025833820007943098 0.027166110459503123
0 0.5833484783365936 0.41481633061528034 0.0558807173290774 0.07218349752816078
0 0.9399505313989317 0.7001763068903151 0.0430465657968786 0.09128114209726479
0 0.92529296875 0.381103515625 0.0537109375 0.02294921875
0 0.5787730953177948 0.9070585064343845 0.0662624682929071 0.08022473925219087