0 0.06853170491776356 0.5745486010671657 0.02411230021379207 0.04065801766176946
0 0.09617973139161651 0.3545468126080942 0.02379396523282007 0.03284551766176946
0 0.12959425615403944 0.3239867862001732 0.01593089458165653 0.04353941262915906
0 0.25687564234668187 0.4765467577788436 0.01966885993340184 0.027451698014070658
0 0.15220272979911176 0.4954644085409694 0.018652505560780352 0.026469454039645512
0 0.04424366451872158 0.4816558526042456 0.030052920579808406 0.018725131732742817
0 0.006103515625 0.221923828125 0.01220703125 0.04443359375
0 0.1694277563208083 0.12748783469698644 0.02347563025184818 0.025033017661769463
0 0.24378577787498346 0.1313375955032683 0.020925627162525773 0.010373217212920005
0 0.35810821953326605 0.3492363509911425 0.02916505898282007 0.032876765771105765
0 0.34475050370581967 0.5605342990665854 0.021423025570294407 0.02258024846292006
0 0.029490762474847693 0.5508895235645999 0.02423167583165653 0.04358770516176946
0 0.0146484375 0.412841796875 0.029296875 0.04931640625
0 0.11786553642939915 0.46743920716052745 0.020365217704278016 0.044541541764070436
0 0.04097327542676371 0.36545343731588276 0.02590625772330607 0.03676313061061898
0 0.7075692058213221 0.38072464736645295 0.05603876204835745 0.057441387343361905
0 0.8412587886397684 0.37906160311264525 0.03972652143525002 0.05246483051535322
0 0.9271200281360722 0.32976824831087376 0.03781318830787139 0.05343003006650382
0 0.7932696597193364 0.06391566378335387 0.061619593940007045 0.050639538689910446
0 0.8827320636878855 0.10300121523158237 0.03442423265195105 0.06610261666880474
0 0.5726137386159833 0.3872619819086236 0.04199631979544849 0.08420879323977803
0 0.5836419682742989 0.14275522735875595 0.06691110394476396 0.04871766179924664
0 0.6355738593387755 0.21921117607999396 0.04948302927748127 0.04031745474681325
0 0.5160601528982216 0.4250098716803503 0.044160844557871504 0.0534669596502646
0 0.4150390625 0.775146484375 0.009765625 0.05322265625
0 0.36843838628696224 0.7712025801324681 0.029693132105441666 0.033856169008318115
0 0.26075287925260243 0.8359902610224701 0.047340062072142475 0.0476274698107515
0 0.21523659683795515 0.9289650653140197 0.04132151958165653 0.04368713096420285
0 0.6761376717198503 0.801657499263531 0.03648761611204665 0.05683947660486666
0 0.6499238577941143 0.7453659593901244 0.048636621173887784 0.0315255515096009
0 0.7708584403036283 0.7421642122187948 0.029443602091170362 0.039712703271105654
0 0.7781594398757707 0.7895587415781309 0.025079745556023436 0.028459508623406626
0 0.8332771949376119 0.7644948013575548 0.04295630960068442 0.03588599391305236
0 0.9345694599331285 0.6386492383198537 0.03901026772806304 0.03488670551535333
0 0.6629043598855583 0.6565953569553453 0.03936839458165653 0.04367576801535333
0 0.98388671875 0.7919921875 0.0322265625 0.0537109375
0 0.9300820519716984 0.8280313448895441 0.026861262666221908 0.06020063061061909
0 0.978759765625 0.68798828125 0.04248046875 0.0322265625