0 0.1711159612807882 0.4205821960501732 0.03606211962021999 0.07260697942380645
0 0.21397108179229296 0.40005083729270785 0.043829167824821935 0.06497631737970933
0 0.014404296875 0.088134765625 0.02880859375 0.05517578125
0 0.8450258165588883 0.07626272766851083 0.04041972128645899 0.06636160702400185
0 0.20102610996813297 0.7465945545822695 0.0188245575351762 0.04681858389526905
0 0.11756694580189386 0.7548856039859806 0.03242541410486666 0.03492976906809897
0 0.060302734375 0.602294921875 0.02978515625 0.02490234375
0 0.193359375 0.594482421875 0.0224609375 0.00927734375
0 0.08012520454804539 0.6986204280265187 0.01827093932929147 0.035576750273025204
0 0.2311386020986156 0.970045120869878 0.02560368029092852 0.03721206710668401
0 0.9611344875192427 0.7466489294045567 0.05890054961893698 0.054098159669270895
0 0.9414927743184892 0.8120562954165577 0.046094448367654195 0.03475970424092889
0 0.8919636383280902 0.8605787936354379 0.03441830942584012 0.04181116605707469
0 0.77587890625 0.979248046875 0.0380859375 0.04150390625
0 0.6976848411228672 0.9588633776607636 0.030495015002565684 0.03879055957912336
0 0.7572453292091123 0.6200290600080292 0.026588765002565684 0.038699640601171925
0 0.49550701959915505 0.7066984026530163 0.029955600482742817 0.02999013220687935
0 0.5302441426938406 0.9695974663404295 0.04555787458504379 0.026447558118684933
0 0.619384765625 0.981201171875 0.05615234375 0.03759765625
0 0.47509765625 0.995361328125 0.037109375 0.00927734375
0 0.8793614190550398 0.7089960818192921 0.06415801388044207 0.03469192326395404
0 0.9643760050115455 0.6323001979266054 0.05989983801663623 0.0580271394137587
0 0.4865049018082265 0.670281876603407 0.0347844389757076 0.020826437179318646
0 0.8369188565403891 0.9683197015712453 0.035962693817786606 0.05551713567380645