0 0.036865234375 0.016357421875 0.04541015625 0.03271484375
0 0.03376428876593354 0.07625661891023883 0.03305857295269804 0.06156101387528834
0 0.246826171875 0.03076171875 0.03955078125 0.0615234375
0 0.037454317187263164 0.19768336657632235 0.03207632897827328 0.060510451893936334
0 0.061913505932131796 0.27574222835079554 0.034415468688627604 0.04311732559731607
0 0.379638671875 0.435302734375 0.02685546875 0.02880859375
0 0.29578634654659935 0.21188513564389722 0.0334786765096009 0.049879263615964176
0 0.61181640625 0.036865234375 0.0458984375 0.07373046875
0 0.624648310469171 0.14051190586827078 0.04619387417008758 0.0542592256235388
0 0.70744022694103 0.18391123678318144 0.0691232077596009 0.05258024468530831
0 0.48388671875 0.030517578125 0.0478515625 0.06103515625
0 0.6104505735343512 0.3138293191200203 0.06353654353198945 0.09901124779719694
0 0.7369239394959883 0.32194740820509005 0.05332808907738751 0.10604675324300206
0 0.8190969008060779 0.38777067687932476 0.06782312676791902 0.08078955796328025
0 0.072509765625 0.99169921875 0.05908203125 0.0166015625
0 0.31645924735544684 0.5925460959673168 0.04125992840026482 0.04510016571677933
0 0.013671875 0.66015625 0.02734375 0.076171875
0 0.46728515625 0.818603515625 0.0146484375 0.05126953125
0 0.4963083438260231 0.6587740552505374 0.02910687115729993 0.05345251594988076
0 0.4901251247838117 0.7139941208624261 0.02956106356075139 0.04763014069055671
0 0.5967099589577478 0.6141129083391061 0.04412996041880479 0.03506825791083501
0 0.6697479389289859 0.570797744699822 0.03002661891305225 0.04376089043123266
0 0.8295465815907553 0.560435722400856 0.034432513111901875 0.04604701309731618
0 0.8717347799584096 0.5299262938489873 0.03973258843159244 0.03424697899475154
0 0.8288420787620849 0.6815294724008559 0.0388440887851762 0.04930969826339959
0 0.9052124798164223 0.7371431191869793 0.03741333388172485 0.05505807404137186
0 0.9382704016680614 0.8485828200436195 0.04581922240858294 0.07375347588286285
0 0.5951914667512421 0.5392578781264024 0.04328975330499896 0.05843175842948317
0 0.49774259056774584 0.4962133987412134 0.03783911891305225 0.044352886282047754
0 0.7188332688131946 0.8661496239801203 0.02416724391305225 0.04331689354312118
0 0.6954465765324881 0.9396059486683508 0.03293358051535322 0.04007663887528823
0 0.6561400986827528 0.8946167821735993 0.028507801156017143 0.03437254745920493
0 0.6255769059870899 0.9421274857516907 0.04028052516305225 0.044537884985427434