0 0.6096412260423675 0.10321751089539383 0.035815354336177885 0.0426863871643135
0 0.5143793553532456 0.08972532435861852 0.033783383861826666 0.050342434742986386
0 0.5368900705977574 0.21076305087785985 0.03741022303248531 0.03597561160137519
0 0.45698484495035246 0.24723856175018388 0.0263077029623755 0.03769733671327069
0 0.6245427574472595 0.3501626614583322 0.036663968156287696 0.040307561882844345
0 0.6872267653204114 0.09726576139719323 0.0375381717123755 0.03841701785137519
0 0.7247690895656211 0.1124971000772872 0.032779155359431655 0.05903762579019012
0 0.782958984375 0.01806640625 0.04150390625 0.0361328125
0 0.6749042429890237 0.03975481184823604 0.035766251130638915 0.03246377139857892
0 0.49408658942365696 0.3942869139442591 0.03928657882455111 0.03463592978843688
0 0.6620684715611325 0.43986307401254954 0.032631845742814525 0.028369778492986386
0 0.8134765625 0.462158203125 0.0390625 0.03564453125
0 0.8179512356527985 0.3480568264234941 0.02954239102769507 0.052990507884597804
0 0.8844619208631277 0.33644581132913254 0.02887705789226569 0.040295195384597804
0 0.14498075672704802 0.5481239830772413 0.028770546415519238 0.05683417691606696
0 0.11930656836487241 0.5536886287433082 0.04133998650204629 0.04596026999123304
0 0.21486721082006244 0.6102747272171452 0.04473444178248531 0.03644496886535631
0 0.17729099177320629 0.6317896442241128 0.038461478474002275 0.04674908958564061
0 0.21453314252490352 0.7254275972625955 0.037173686609431655 0.05931924014857892
0 0.361572265625 0.50146484375 0.06298828125 0.04296875
0 0.3899831276846333 0.5863148403815965 0.04809707852769485 0.05417954628668342
0 0.3566714149414697 0.6144153710144409 0.04023339905573886 0.05270233603843677
0 0.29481946340658927 0.593393047313352 0.05046379183617811 0.04362510169227585
0 0.12518872964596195 0.796802476773024 0.055114220445958484 0.04878952855066454
0 0.20126930157310818 0.8556167571174774 0.052593968721607265 0.056414285645072004
0 0.1654311083063421 0.9196434333587105 0.05131032938987068 0.05049232967654138
0 0.09955601396262981 0.9620787481716029 0.0433975467123755 0.03879250366256004
0 0.408203125 0.802978515625 0.04296875 0.05419921875
0 0.0205078125 0.674560546875 0.041015625 0.04248046875
0 0.6778926878381768 0.8310054003149215 0.04489005646477062 0.03012860309962173
0 0.453369140625 0.683837890625 0.04736328125 0.02978515625
0 0.7619386236422184 0.7800568283499435 0.03005833828009008 0.04426402635312854
0 0.8944267621401722 0.7279636234426895 0.03262561694356325 0.05610793829019012
0 0.6083513579113796 0.7193505070194253 0.045785697224002275 0.04721844684962173
0 0.6729220502591844 0.7642047405177178 0.0477153087544413 0.037609274270948845
0 0.7622111311333357 0.7104705669758202 0.036917789249651056 0.05443642764857892