0 0.021728515625 0.2109375 0.04345703125 0.05859375
0 0.15032934176589274 0.21269500618507242 0.03790161513172463 0.053340073815608235
0 0.2385097219615555 0.16544767468259824 0.035954171606149554 0.05425980618232984
0 0.34060343982027075 0.07709424786307251 0.03275493962150278 0.09175800969909287
0 0.353271484375 0.43017578125 0.07177734375 0.01953125
0 0.4822416063535022 0.15886535880907254 0.04427199727942366 0.05743102174876291
0 0.55322265625 0.01171875 0.03125 0.0234375
0 0.5544099951872223 0.16407312574195887 0.039437477312034286 0.06558972766556703
0 0.6582655320011197 0.3604871204056703 0.04026916221420285 0.04071579898220623
0 0.769810529680849 0.07462131540257755 0.03927555529092852 0.03775769641556703
0 0.2787671956763794 0.7859737695050105 0.03975531432929147 0.03630706019888663
0 0.21284135581580116 0.6175234311902269 0.04411575673274282 0.03057555299876291
0 0.005126953125 0.74658203125 0.01025390625 0.0390625
0 0.23186313720319673 0.9574898238729692 0.028496438207167518 0.031097474432536076
0 0.48679992371023184 0.9556288125157941 0.02416440317584012 0.04171179413265991
0 0.41497209779146793 0.7943322025511755 0.019241820354866768 0.03473378129946392
0 0.34393837609005273 0.8323111727198352 0.04071199166880479 0.03291750651552583
0 0.2286510037346059 0.5862397910064537 0.030432518783893303 0.028224617065814417
0 0.15886841939120322 0.8288796425917115 0.02462143631650382 0.036354907915979395
0 0.22265778853509455 0.6930171018899383 0.01967896833504379 0.025958926332783516
0 0.07509458449544887 0.7063045518274228 0.021172219457167574 0.030884361432742313
0 0.6484983684660252 0.6840201515072785 0.04512924881650382 0.036951624315402
0 0.7218399817684584 0.6690614377552166 0.04123436176535333 0.03879108904884543
0 0.8035366758784563 0.5610683257862683 0.036845511989778035 0.03963978374896904