0 0.19687167881990103 0.3086608498329577 0.024118641209204816 0.02921562963398361
0 0.15851830524473193 0.24576459272751616 0.01991639328379724 0.025150212143497663
0 0.12303634219986115 0.2336097937494531 0.030821148988926517 0.014885527114955555
0 0.10433365573715736 0.2309006231696447 0.0175047021532605 0.03186677402563315
0 0.10614548976105392 0.1905722387827522 0.025502200856640234 0.034626515256605095
0 0.1253880264568591 0.1811340659214928 0.016158142246501028 0.026944169653011663
0 0.09270232119170996 0.15448999693391574 0.0347352602447516 0.04084401711019858
0 0.11516268205709757 0.12327812718576384 0.020700672459204816 0.029076358079808406
0 0.15411764264274397 0.3161674552513012 0.036348102957455275 0.04285682991913076
0 0.18095183416371818 0.36837209550790634 0.028143175052445346 0.024511880560780352
0 0.15383008260777387 0.37018761057450444 0.022209800571093452 0.023296566825051324
0 0.13705866728143196 0.38654130468100684 0.008123643802445346 0.023696147172039717
0 0.12580576803318144 0.3729398962684811 0.02309779434731607 0.035015316825051324
0 0.10216870008737627 0.3821990057029438 0.026426617738926406 0.014706463688158866
0 0.09624318686184946 0.40678301447197185 0.029948301089741558 0.022638339306023436
0 0.08609299521266459 0.4141578038731354 0.02413321045163025 0.016560109006605095
0 0.0740199703175553 0.4603961339111915 0.023230647432982143 0.01749687963398361
0 0.09652576881405633 0.4875989507362428 0.030480866701630194 0.01681875617864481
0 0.13505570320216764 0.4950102087684811 0.027551179201630305 0.01669938056078024
0 0.11997113006988142 0.5143532781839157 0.02149952087703777 0.020346983388740636
0 0.08785556679190926 0.5145049901374064 0.024266640171908604 0.03116875463398383
0 0.1181962957866608 0.5551699438208082 0.018555264134612393 0.03288312839825469
0 0.21806409233678004 0.5305196007597545 0.03227142349650103 0.02760073555126641
0 0.22230218673363877 0.47081913386334795 0.02613848106934391 0.036599536192915894
0 0.19786511710077592 0.42455345235198577 0.028283889393936446 0.032792765874469665
0 0.1540010887033405 0.41741162027032924 0.024118641209204816 0.02921562963398361
0 0.23452991857805222 0.3880790856931563 0.022550082858389664 0.021363337761362122
0 0.21679535672491096 0.3274833016627662 0.020811671681232657 0.03054120182980835
0 0.21956860737176975 0.2677231469574274 0.019872108921908604 0.030989691207186976
0 0.24269554020393674 0.2774274225277217 0.013154455265149134 0.025848231535147148
0 0.2625822183682708 0.29576159310753014 0.028624171681232657 0.030859536810780464
0 0.2919530928496227 0.29793191178617495 0.018865831302445346 0.024133857770876177
0 0.28547258351395666 0.315191701805203 0.02006439224650114 0.027103337143497663
0 0.2799293303991653 0.20349467117306747 0.023896642765149134 0.02628594213398361
0 0.30176127230767424 0.19610910299336187 0.025968051608389775 0.02150260931553738
0 0.2776056313577935 0.1664051921093782 0.025139488071093452 0.023415942442915894
0 0.34326171875 0.1845703125 0.0126953125 0.0458984375
0 0.33549025493296253 0.23009728666724968 0.025923767246501028 0.027342088379226637
0 0.31983113836534843 0.3896077495475371 0.02479920578379724 0.025349171506605206
0 0.30171258649763466 0.3689117564629717 0.02294979538461228 0.033062191825051324
0 0.391029902237734 0.18475930213846714 0.06336671654719694 0.06537579360728962
0 0.377685546875 0.11767578125 0.05615234375 0.0234375
0 0.368408203125 0.303955078125 0.03759765625 0.05712890625
0 0.3564453125 0.503173828125 0.013671875 0.05419921875
0 0.5711088885022673 0.5698332923947989 0.04668329331001997 0.03792344676796722
0 0.5359183103059051 0.3045680808691657 0.050019977957455275 0.04341391613583179
0 0.6224029451602192 0.2895946619051002 0.04985740975232611 0.05411631176321019
0 0.8502027357487879 0.3986653854312473 0.03554925453962232 0.05158620461019847
0 0.75410105149179 0.447321093487544 0.0456108774650299 0.05589037333641356
0 0.6288729216957464 0.5098799722425745 0.03670353112178937 0.06039516304650938
0 0.627197265625 0.574462890625 0.03955078125 0.03076171875
0 0.5457466137237577 0.08738074267994606 0.04305118737178937 0.06065381021854904
0 0.7274466689626842 0.10841411411492258 0.03652581703962232 0.05162599648282007
0 0.8440270272348313 0.08590507663843416 0.04626172692015906 0.04520787364534573
0 0.8227955190675749 0.15902955014134307 0.04615801231934391 0.03741526958165653
0 0.17602971538459278 0.8404621421334367 0.0502122612820477 0.039527562072142475
0 0.03866682391606391 0.8071189365253597 0.06345528527097422 0.05369683547991122
0 0.11515597407049724 0.7630185888303223 0.031169292532047754 0.038751620556023325
0 0.3113110302156065 0.7242810267814179 0.041970910270974215 0.0528214142822383
0 0.343505859375 0.796630859375 0.01220703125 0.04443359375
0 0.341796875 0.926513671875 0.015625 0.02490234375
0 0.6954478712528636 0.7412490242388783 0.06071059647435395 0.05601886611204665
0 0.6379253838286288 0.6566404196762499 0.062123871241252626 0.06824579329835745
0 0.8596219471095037 0.7815259854077357 0.05295024209206778 0.07566037457214247