0 0.35693359375 0.011962890625 0.0419921875 0.02392578125
0 0.24210090664287043 0.12092981689689797 0.0381033245892326 0.046306011282047754
0 0.032901654574119754 0.029454830128230254 0.025044727507357645 0.056049205783797254
0 0.3025689224866768 0.039267411034432674 0.030767742505766638 0.04477445267190859
0 0.8483362057159429 0.07867747794294155 0.05019706459360762 0.07942056755827043
0 0.046811133309802216 0.19235136747669968 0.03852910750517022 0.04097191727272376
0 0.3190501437181833 0.2327036686888464 0.04932243000576686 0.04618044281759448
0 0.14175223078951907 0.33443948132286255 0.03002412834181778 0.06471998444055671
0 0.21312480784534416 0.5314892392307948 0.056760624179459596 0.09845625168705774
0 0.007568359375 0.40283203125 0.01513671875 0.0703125
0 0.2795587820009413 0.6079262437675145 0.06700850667369285 0.05678977723192857
0 0.13151865658321407 0.6269496651923259 0.07112497834281206 0.07515218140733593
0 0.13330030531412404 0.7673156670075941 0.061308218342215504 0.07001765534381721
0 0.3529734720371328 0.3359967186101783 0.03917647542369285 0.05468079201339959
0 0.33188544535230413 0.4712657707372162 0.037211987090226994 0.053556230550695805
0 0.4052734375 0.394775390625 0.029296875 0.08154296875
0 0.406982421875 0.673095703125 0.02587890625 0.05810546875
0 0.3456511719744937 0.7975704988228821 0.055023060426278025 0.0749077524650299
0 0.16656524447011883 0.8433389664102781 0.050287629172300896 0.045277879798946374
0 0.021728515625 0.876220703125 0.04345703125 0.07177734375
0 0.3651891299083281 0.6697366646678722 0.04053336750576675 0.045514447485427434
0 0.049863080765656514 0.5170286836072364 0.03421980125616447 0.047963138356640234
0 0.8548480799699729 0.28883185203675876 0.024397359588834933 0.04234033104312129
0 0.7990306124681833 0.3062334162238165 0.028547921258351927 0.06363242271852887
0 0.8146656074455139 0.4718936130594825 0.01950318375536908 0.040993771136361934
0 0.8037355828542927 0.5307760763636773 0.023318527087641816 0.0334772690617694
0 0.865519350756907 0.6295187348164804 0.03907988708923271 0.04638001076339959
0 0.9645605590836117 0.6707989127185876 0.02235332792110789 0.034379832080417394
0 0.7500043133105976 0.2431128585227629 0.0180326583386361 0.04039449066433404