0 0.38037109375 0.43603515625 0.037109375 0.02734375
0 0.39514220438389436 0.32489935125572866 0.028239355224613627 0.04112968197892797
0 0.4773012027131517 0.2956803973354812 0.034918649611146435 0.06371563307361117
0 0.48844108259302876 0.23836965312957836 0.03880609206161045 0.04673943804605041
0 0.4898857518736808 0.10472833396874942 0.02865631079396369 0.06503273348444016
0 0.527587890625 0.032958984375 0.01611328125 0.03759765625
0 0.591552734375 0.015625 0.02978515625 0.03125
0 0.620658638762994 0.1440384779286239 0.02570781574442793 0.047897430245464445
0 0.6390855779337365 0.17091626816662298 0.029106521304954724 0.0811346498621961
0 0.6678976205612929 0.027860818532378318 0.018122828898607557 0.05162184228956157
0 0.7464925499016943 0.09332296762315506 0.029073722003251312 0.03871100547341588
0 0.98388671875 0.384765625 0.0322265625 0.072265625
0 0.9712677439699609 0.07687602251319392 0.05214632892507787 0.02461944671336802
0 0.92919921875 0.006591796875 0.044921875 0.01318359375
0 0.8810730926439547 0.06824770125056379 0.031050470350155512 0.047534162590147755
0 0.7758655663797125 0.124822178299544 0.01967299008142498 0.05312078065629322
0 0.8108092062575751 0.20300318614778612 0.034150792715790246 0.050532039323611055
0 0.7981331569470482 0.23645633833715252 0.04513494076207469 0.029820067379709325
0 0.8425334957554076 0.22762099983519923 0.041503450610062664 0.05119079365726997
0 0.8830135928115992 0.24423311069446574 0.018748490072601487 0.06236402978956157
0 0.9205591865704226 0.2526239944094397 0.027646493352323054 0.07281113886770818
0 0.9537710318852846 0.16798045681929208 0.048590524611146435 0.06403384949644098
0 0.9176334035879162 0.16053204098758633 0.023072151281888997 0.036133220756488615
0 0.838657051819492 0.3778979761127601 0.04359877133142487 0.05367765939624558
0 0.8110337261741358 0.39170663783617576 0.04590279765743088 0.043003661129709325
0 0.8374534318052498 0.4320517353737844 0.03128761509907174 0.03486157983463545
0 0.7393793149560249 0.35777820229500834 0.04896986508142498 0.05380267299092889
0 0.6802780205165517 0.3259956863254989 0.03090345883142498 0.053382172717903575
0 0.6200290730715063 0.2469408080839408 0.05204174830278718 0.05631226847439241
0 0.31591770935200525 0.5374640692690534 0.059536601918421805 0.05941242905805133
0 0.47673814690494565 0.589309534695095 0.05898662658250875 0.06671391806356342
0 0.443493046648443 0.6661519371574864 0.05641747200325131 0.0393474383190755
0 0.3620835533049434 0.7494791908497827 0.052715111810526794 0.03438507171336802
0 0.2171165401860573 0.7938133585450085 0.05896736339303543 0.09987158357458759
0 0.5068359375 0.91064453125 0.025390625 0.0498046875
0 0.30676167181608754 0.8453649703186628 0.09749433544922714 0.0832140132263457
0 0.12017263571268078 0.9345536402934025 0.06607851638096074 0.07126755752497838
0 0.7452017898948853 0.7810376754263234 0.07990703449442793 0.049158931064539946
0 0.9470394787656324 0.48864445134587625 0.06399764305170352 0.04391244265273442
0 0.9213137667515434 0.6540585546299258 0.048623779552787294 0.05623271436868493
0 0.5784091320447298 0.8317312725002819 0.07109434864752373 0.040176665736393335