0 0.019775390625 0.034912109375 0.03955078125 0.06982421875
0 0.42578125 0.3447265625 0.0283203125 0.0615234375
0 0.2109375 0.3532071976284157 0.0810546875 0.0649246873772551
0 0.2021484375 0.30345364339823844 0.05078125 0.05010012417008758
0 0.475830078125 0.374755859375 0.02392578125 0.02978515625
0 0.5029296875 0.38623046875 0.03515625 0.0068359375
0 0.76025390625 0.16889441556315393 0.03759765625 0.03293358051535333
0 0.7568359375 0.13424633197364055 0.0322265625 0.03876170740601714
0 0.72607421875 0.15590967341802053 0.03955078125 0.03392150596420285
0 0.7744140625 0.10777687793399487 0.0322265625 0.03387889490601709
0 0.681640625 0.0234375 0.0537109375 0.046875
0 0.6328125 0.03047569172558523 0.03369140625 0.04560616711765425
0 0.5751953125 0.052783554966646135 0.0322265625 0.029972644906017115
0 0.503662109375 0.02294921875 0.02099609375 0.0458984375
0 0.519775390625 0.01953125 0.01708984375 0.0390625
0 0.5888671875 0.21090713932469948 0.0537109375 0.04474607484336185
0 0.57275390625 0.259340727402708 0.0361328125 0.04269068330371617
0 0.52099609375 0.29968090804722036 0.03076171875 0.02996412269437998
0 0.5224609375 0.17906691708558323 0.04638671875 0.037867526285176145
0 0.58740234375 0.12253675528633662 0.0341796875 0.04072619535486666
0 0.546875 0.06271394272496421 0.025390625 0.03139771833504379
0 0.779296875 0.007568359375 0.0517578125 0.01513671875
0 0.841796875 0.17379110619868637 0.03662109375 0.03683414904092852
0 0.9931640625 0.301513671875 0.013671875 0.05322265625
0 0.275390625 0.7501688164800955 0.02783203125 0.048501765771105654
0 0.24072265625 0.8158001963221746 0.02587890625 0.04849040282225614
0 0.21484375 0.48001325539443074 0.03369140625 0.04023507336765425
0 0.38525390625 0.6919124631073099 0.0029296875 0.000993606923274326
0 0.40478515625 0.7118183648688148 0.02392578125 0.030412633623406626
0 0.35791015625 0.7028137318912033 0.0234375 0.028456667886194276
0 0.1572265625 0.5697039311354917 0.01904296875 0.023548288751282787
0 0.931640625 0.8154731859922214 0.03564453125 0.07198471756650382
0 0.974609375 0.7956919511175319 0.04345703125 0.06421766936190187
0 0.7431640625 0.6359056480562002 0.0595703125 0.06333485118991045
0 0.7548828125 0.4800757516131031 0.0732421875 0.0536487668318571
0 0.697265625 0.970458984375 0.044921875 0.05908203125