0 0.006591796875 0.251220703125 0.01318359375 0.06787109375
0 0.22879966359819004 0.322265625 0.03954347528492996 0.05322265625
0 0.2183289693902256 0.43994140625 0.05503750433739385 0.0283203125
0 0.3103570654704221 0.10107421875 0.044896393526209 0.0224609375
0 0.41591387791274403 0.12255859375 0.04771328558739407 0.0283203125
0 0.2980066967746394 0.1337890625 0.05382298446151723 0.0322265625
0 0.4988903999284786 0.123046875 0.04293671103843666 0.03759765625
0 0.39178592063491946 0.3466796875 0.05253932612933765 0.05029296875
0 0.587890625 0.201904296875 0.0439453125 0.03857421875
0 0.501708984375 0.009033203125 0.04248046875 0.01806640625
0 0.10341836877653077 0.35107421875 0.04793231897725181 0.03173828125
0 0.02939391916989542 0.36328125 0.048376943244739845 0.0234375
0 0.3349007807712705 0.32763671875 0.05253932612933765 0.05029296875
0 0.7196669754406604 0.10498046875 0.02302997522725181 0.03173828125
0 0.6761168212151619 0.14453125 0.018478991555924695 0.029296875
0 0.8761912838339792 0.04736328125 0.02767483035137497 0.03564453125
0 0.8317773625472957 0.0927734375 0.02207233671327069 0.0244140625
0 0.8439414852920815 0.13916015625 0.02708031115033238 0.0263671875
0 0.8852263581522235 0.142578125 0.023111480181801536 0.025390625
0 0.8540936444548254 0.376953125 0.024776433335640613 0.0361328125
0 0.6777047602782382 0.35595703125 0.018767163402085618 0.0185546875
0 0.7083536835894231 0.35009765625 0.02207233671327069 0.0244140625
0 0.910932133426771 0.251953125 0.02304889921327069 0.0244140625
0 0.9220447462047794 0.30712890625 0.021033193244739845 0.0234375
0 0.864501953125 0.479736328125 0.02783203125 0.02001953125
0 0.7433083272309884 0.28466796875 0.026454501465023927 0.0166015625
0 0.1282369621400877 0.51953125 0.037227230971991654 0.05517578125
0 0.18463382075373658 0.53857421875 0.03913014150170735 0.06201171875
0 0.0835459173588024 0.7978515625 0.03034107900170746 0.06201171875
0 0.10764126600567386 0.82568359375 0.029020321174787922 0.056640625
0 0.07554717140780548 0.876953125 0.04673016559962173 0.04345703125
0 0.2451765625057658 0.96533203125 0.04122735242478792 0.056640625
0 0.34326171875 0.989013671875 0.0419921875 0.02197265625
0 0.3192737141472851 0.830078125 0.036263034970238195 0.06298828125
0 0.42406063098121827 0.85595703125 0.04807565642303446 0.064453125
0 0.4980573536821691 0.70703125 0.04440736379891108 0.060546875
0 0.5508601186611743 0.68310546875 0.038585836770948845 0.0458984375
0 0.5496928193463908 0.53369140625 0.026735367346114813 0.05908203125
0 0.41152234057193515 0.56396484375 0.039205837445782654 0.03271484375
0 0.38836570645302604 0.521484375 0.03110516559962173 0.04345703125
0 0.3756522184443051 0.55224609375 0.03827293192829462 0.041015625
0 0.3877472027327878 0.58447265625 0.021878036319905925 0.03662109375
0 0.3445856492940187 0.6484375 0.04597844549995411 0.06982421875
0 0.25596073122577423 0.55322265625 0.055412241671281115 0.072265625
0 0.620361328125 0.505859375 0.02099609375 0.0322265625
0 0.683837890625 0.499755859375 0.04248046875 0.02001953125
0 0.773681640625 0.501220703125 0.05419921875 0.02294921875
0 0.6810680236941672 0.6279296875 0.050147385872324035 0.08154296875
0 0.74758051164521 0.61865234375 0.025151919146825463 0.0419921875
0 0.7556135419896635 0.69140625 0.030178817569906036 0.03662109375
0 0.7321659209233102 0.8134765625 0.042492086770948845 0.0458984375
0 0.6978355900124575 0.79296875 0.02424374662583073 0.06591796875
0 0.9396003836401796 0.9443359375 0.028544406423034463 0.064453125
0 0.9139892282957262 0.87158203125 0.03927422742478792 0.056640625
0 0.8561828009355381 0.79833984375 0.03936809887758408 0.05810546875
0 0.8946507817344952 0.8076171875 0.029534083898578922 0.0341796875
0 0.8864446204145893 0.84423828125 0.03685830264857892 0.0341796875
0 0.842041015625 0.968505859375 0.04541015625 0.06298828125
0 0.867533940758813 0.56787109375 0.05205029640203973 0.08837890625
0 0.8778307555140272 0.521484375 0.03828529842654138 0.048828125
0 0.977783203125 0.5771484375 0.04443359375 0.0458984375
0 0.9558517629948777 0.64501953125 0.04852608970099692 0.0791015625