0 0.3440785771384338 0.31588817383168927 0.07016215108747792 0.08312122731497051
0 0.8396747113875833 0.3796385929007522 0.043317531192083036 0.06806750657215588
0 0.8816808592424719 0.3113988615149741 0.027942096244385484 0.06043828725683653
0 0.9243938211896023 0.47506505787680076 0.0413411527327312 0.053342299864221676
0 0.964383285968809 0.43655930326906656 0.028782249488558342 0.05658321672879252
0 0.982666015625 0.508544921875 0.03466796875 0.05126953125
0 0.9306640625 0.583740234375 0.0302734375 0.03173828125
0 0.9755859375 0.279052734375 0.048828125 0.05908203125
0 0.940673828125 0.024169921875 0.04345703125 0.04833984375
0 0.601806640625 0.572265625 0.04052734375 0.0546875
0 0.5248433494337752 0.45803890384675794 0.03168868352920662 0.042113907380638915
0 0.8342013313939066 0.22819671245923523 0.040307234459422636 0.037691710128243794
0 0.7966858401267087 0.15383272910903534 0.033965780511796106 0.05149361007455111
0 0.1441343854408781 0.7166405331292433 0.04912575272114783 0.06690973965389257
0 0.1478158588998755 0.8073308206829359 0.028078505500212625 0.06434453725683653
0 0.30944471070239066 0.7595463205977574 0.030298246709493437 0.05812482968672672
0 0.42745377773763693 0.6581124438166206 0.03729849347690406 0.04923133197639751
0 0.445068359375 0.75048828125 0.02978515625 0.0458984375
0 0.3861885669871409 0.8031914596042451 0.034880340686255895 0.06372623106052921
0 0.4039526989637614 0.8408105530573888 0.027646024273379366 0.038002939492814525
0 0.403076171875 0.986083984375 0.02197265625 0.02783203125
0 0.44677734375 0.98681640625 0.0263671875 0.0263671875
0 0.08880203227778907 0.8022813376295922 0.02593161547107692 0.04473651804890233
0 0.477294921875 0.855224609375 0.03466796875 0.04052734375
0 0.6854305456086602 0.8508604159585373 0.03809369555251507 0.0580459842123755
0 0.49981237517865684 0.773137273856989 0.03775267241294733 0.0482803592123755
0 0.5183453442712531 0.9008048351979574 0.030575711773379477 0.03815647790868271
0 0.5447249570741935 0.7197251081230572 0.028724893715249777 0.04098380646477073
0 0.601012154329879 0.7608306344684669 0.054473593011795884 0.05256837898562905
0 0.49038775262003104 0.9169499349831867 0.02599361779661713 0.032555076534880545
0 0.5793107608413914 0.7939355530573888 0.03791698168035784 0.039028605198353716
0 0.4797975111790821 0.6458812245580867 0.018850759471006118 0.02340775773118775