0 0.07614927768130314 0.11904618387781396 0.047842210892117154 0.03422259600521427
0 0.08207021983355195 0.19359676270648685 0.03623851749870499 0.0568465434143135
0 0.14319365177646437 0.14952122773624865 0.0403614902550431 0.07220229555417146
0 0.19741022745924508 0.06230156635866446 0.04821812810149928 0.052745993020948845
0 0.357421875 0.03173828125 0.056640625 0.0634765625
0 0.3267299458461823 0.30476055965070004 0.05905263014336648 0.07632102145625708
0 0.33985742994888524 0.49197894529231134 0.06100440886038161 0.05551267061184939
0 0.20650577943750414 0.4153099861226457 0.06446786173982266 0.05670826650170735
0 0.222412109375 0.009521484375 0.03564453125 0.01904296875
0 0.5862279788284633 0.4001520979547335 0.06383243021063145 0.06396990428317662
0 0.47028194078021235 0.46586115438122877 0.05298723027789631 0.05061749161360307
0 0.4267406726862548 0.5719862560735047 0.03284329081342563 0.05711579127445576
0 0.7512135518741242 0.44100189794435096 0.07447025899491133 0.03106076013981185
0 0.8670378742738744 0.42525398143918275 0.06427522733119018 0.06302463226744204
0 0.9604092644985224 0.3585428810388964 0.06267527747585167 0.08093458609611504
0 0.85986328125 0.595703125 0.044921875 0.0283203125
0 0.797607421875 0.60205078125 0.07373046875 0.015625
0 0.5752102663588583 0.5316183586540228 0.07566354425124933 0.046228769374077494
0 0.68701171875 0.600341796875 0.072265625 0.01904296875
0 0.977294921875 0.084228515625 0.04541015625 0.06884765625
0 0.3058221277890947 0.8772815690579998 0.02763004523348478 0.03925605191606685
0 0.231201171875 0.98291015625 0.02001953125 0.0341796875
0 0.106201171875 0.985595703125 0.02197265625 0.02880859375
0 0.12919410863550523 0.9649996327519372 0.0214415834365288 0.042267244370616464
0 0.2848434633448873 0.9736352367398013 0.02437127093652869 0.042454987276209
0 0.319580078125 0.990966796875 0.02001953125 0.01806640625
0 0.645751953125 0.62255859375 0.02880859375 0.025390625
0 0.5654177880721709 0.6570746009424597 0.027299612153543762 0.02170921740033227
0 0.6032670256900942 0.8598495966050659 0.018022268403543817 0.02111469819928935
0 0.8869864867637427 0.7476382108884722 0.02369970688577916 0.017583934010474422
0 0.6924110844426841 0.7444355331418411 0.024324440524102653 0.020544911994739845
0 0.6258684544273725 0.9245159459844492 0.022292391439073134 0.02917752207341273
0 0.5731179964045648 0.853945816145256 0.017477805133234825 0.030329460980758505
0 0.7822214668601076 0.9272295940037826 0.024983960400999372 0.034705068244739845
0 0.7619570132840974 0.6498669200177638 0.02524482100379366 0.029853546229005268
0 0.6110580575353467 0.701164747842838 0.024858205903543817 0.021552764979005268
0 0.7877329794743742 0.8142365158499435 0.020804805624352496 0.028595369370616464