0 0.21963679577807893 0.1990007048987167 0.06376555029945452 0.1070515850108708
0 0.09804675920318107 0.131263437698943 0.040031057175102136 0.07024477611791635
0 0.07763671875 0.010416666666666666 0.044921875 0.020833333333333332
0 0.43973396272853305 0.04527683541538526 0.06054956756596974 0.05689865001060553
0 0.3452855453910961 0.4020182787635664 0.029299567565969742 0.05641381444939375
0 0.1811936442844626 0.30761148601610283 0.06426318315733748 0.06541522056677973
0 0.11387763932262751 0.5721848521377311 0.07030314839211715 0.04273482001246146
0 0.5671820280204459 0.3209892827021246 0.0215218538045433 0.07125898833678009
0 0.7006607069392558 0.3976517443441334 0.03096908989845515 0.06229591611632553
0 0.6649519883440488 0.3162189632400043 0.03967788203044065 0.04616381000689351
0 0.8260447018465475 0.20310255098932375 0.018193507030440648 0.04583048555856051
0 0.5707940498350752 0.06391115548087463 0.04170993111547017 0.03448293778511332
0 0.31494140625 0.9853515625 0.037109375 0.029296875
0 0.372802734375 0.9697265625 0.02978515625 0.060546875
0 0.462646484375 0.9879557291666666 0.03466796875 0.024088541666666668
0 0.018310546875 0.9915364583333334 0.03662109375 0.016927083333333332
0 0.19403341449768396 0.8849215188375403 0.06222978778932298 0.049116452233181285
0 0.8293555469418457 0.8337070938097005 0.03553351349236711 0.05325708833943151
0 0.7915143870218322 0.9390550910381096 0.034238562086278845 0.04412735389481052
0 0.9660208074875066 0.7632644410076184 0.030286827956837792 0.04276466611632538
0 0.9166027350877565 0.7529694393499664 0.03663448420683779 0.04286314833969662