0 0.24986234655362832 0.14479410334750314 0.0730979310835046 0.0720442969808388
0 0.13622377875393665 0.2740592841901687 0.04349183826030134 0.07487785433617788
0 0.08017257630626377 0.255466549355688 0.057532618892436854 0.07269026917954136
0 0.11502288821163745 0.4983020978208076 0.08391058517097894 0.062378954658333985
0 0.16259765625 0.546875 0.0390625 0.025390625
0 0.028076171875 0.31640625 0.05615234375 0.1142578125
0 0.6866071100277217 0.3098393946467544 0.03425428638292294 0.07536821185259501
0 0.6958023558448337 0.48747141070284217 0.04168876359301865 0.0665003038782439
0 0.7801001244764554 0.2746015483670132 0.043164386121560705 0.05488391282215599
0 0.9067465023279273 0.38050880187250136 0.040554695223306014 0.038668272628243794
0 0.339792283268995 0.9349341757134696 0.0614604264495211 0.049508666539321844
0 0.4228971047758736 0.8248848629733991 0.027071000807871393 0.054527732784880434
0 0.4003333643527731 0.8715745060223015 0.0428659470768995 0.04755969407215599
0 0.26619695377772173 0.8580526914443084 0.033060530204278016 0.046071336852595124
0 0.36561154522303263 0.6439012660431599 0.042627195841170584 0.04170031907215599
0 0.1198949654460652 0.8221702220438105 0.05169646307029441 0.025122270041716965
0 0.03191977183850209 0.8967541316857273 0.045386937072142475 0.04964076775204629
0 0.10858406038395063 0.9769000462890202 0.03737547770903493 0.04434851947639751
0 0.24560546875 0.981689453125 0.0498046875 0.03662109375
0 0.642333984375 0.774169921875 0.01513671875 0.03857421875
0 0.982177734375 0.617431640625 0.03564453125 0.02490234375
0 0.7747887185353877 0.6677060019514939 0.059295901687098085 0.08009125713747545
0 0.704590609290932 0.746251493598201 0.0706979783268995 0.049018309022904716
0 0.73193359375 0.970703125 0.0361328125 0.05859375
0 0.80029296875 0.9755859375 0.0341796875 0.048828125
0 0.8520938093382286 0.8476404197066331 0.06493642138767974 0.07502724021921203
0 0.7847176433213221 0.7552639603837792 0.04845589612631773 0.05321227491791447