0 0.067138671875 0.028971354166666668 0.02783203125 0.057942708333333336
0 0.218994140625 0.0166015625 0.04345703125 0.033203125
0 0.47216796875 0.015299479166666666 0.0498046875 0.030598958333333332
0 0.5958162600982817 0.10044033173127982 0.05148654973848732 0.04791460889169922
0 0.5615668122202264 0.15751084504121007 0.04093192496524978 0.05457589995366637
0 0.5289434265574918 0.13382945680850253 0.02593161547107692 0.05907945213189284
0 0.7310313967838997 0.27621333959237343 0.047012965005968965 0.06331226013198747
0 0.62451171875 0.4140625 0.0478515625 0.01171875
0 0.5338262183592981 0.3393850142038975 0.04009177172107692 0.059738763535057395
0 0.5059585290451996 0.3954489975681199 0.049970552517552336 0.04589327926378569
0 0.475830078125 0.4108072916666667 0.07177734375 0.018229166666666668
0 0.779296875 0.4137369791666667 0.046875 0.012369791666666666
0 0.8142314185628936 0.31007165492608485 0.03657769833157998 0.07453084286062121
0 0.8985630190048348 0.2820582770504916 0.04982949670949344 0.0777488511785099
0 0.733642578125 0.025390625 0.05029296875 0.05078125
0 0.6748046875 0.005859375 0.044921875 0.01171875
0 0.98095703125 0.095703125 0.0380859375 0.0390625
0 0.349457428940949 0.8140068352050315 0.054933974250212625 0.08643974160488854
0 0.14272843251613476 0.9608218616769877 0.06757193097690406 0.06622024992277738
0 0.11130173934217114 0.7794519808551197 0.032473036750212625 0.08539393731021387
0 0.22254151775518927 0.694678108196695 0.06100881198855834 0.0763186283258473
0 0.856212736510095 0.9024430420331572 0.06119017241294733 0.06462261320181846
0 0.9472981301674277 0.765887584832 0.026760919860644883 0.0721230203411974
0 0.9212983100684373 0.8252977160334405 0.0426013825989906 0.06245660458157998
0 0.7887136774115298 0.7917473448933058 0.03280165528503365 0.06069982372882284
0 0.9039046776913033 0.5187769608162721 0.04239676871524978 0.05464410458157998
0 0.6456999803826067 0.7270751132725003 0.05156560322100612 0.03231234376767045
0 0.5524413524346966 0.8159453846751923 0.04511099347690406 0.06517444562810255
0 0.6227507409344131 0.9313347827375374 0.03712798190712019 0.05830027094589685
0 0.7589920585390181 0.9559297146761372 0.049130399273379366 0.051056142845176566