0 0.37839734659739643 0.15771671291943734 0.0422771258190755 0.05491514914744644
0 0.45959977743656744 0.1626495543363884 0.03256791692380645 0.036198525009928595
0 0.48623727233148917 0.04788036298106957 0.03491881245234385 0.05332246068361668
0 0.054768345184614264 0.12575274705886685 0.03296609570883252 0.07427593952900668
0 0.6229791603324658 0.12608020063992997 0.042027506886197996 0.06516053241652431
0 0.6044921875 0.29052734375 0.029296875 0.0625
0 0.6662223002922749 0.22106739524248364 0.031444019341124174 0.050821393567162865
0 0.6998796119255432 0.21901446580886685 0.026436601502929757 0.06635264077702097
0 0.6894564573613504 0.27488307985099447 0.039619786996440975 0.045595190492836446
0 0.739645917491689 0.20659683137326446 0.03332936336414938 0.06891336875992882
0 0.6997176459187071 0.06514621119241304 0.0356234345314671 0.08359589818361668
0 0.884302181086372 0.20944512277035798 0.04828465241473534 0.08235265193758812
0 0.8661074951897791 0.036352445467095484 0.036440480563563415 0.05578943587638263
0 0.987548828125 0.072509765625 0.02490234375 0.05615234375
0 0.94189453125 0.33349609375 0.0537109375 0.0322265625
0 0.32501837362196206 0.5629670528141184 0.047772824907270195 0.03939242491851025
0 0.2717478083440539 0.4359152323490825 0.028866234624197018 0.044919403662552926
0 0.11478998652246136 0.8279732021125562 0.038699640601171925 0.027031980011914536
0 0.053619268318511715 0.8651884331896478 0.030330670117708403 0.023957401836240955
0 0.09629375640963589 0.9147569485612794 0.030444318840147533 0.028840214336240955
0 0.2024678786922961 0.39755766842815987 0.03860872162322049 0.023125730011914536
0 0.062744140625 0.365478515625 0.03271484375 0.03173828125
0 0.49561567516221827 0.8408650499743328 0.049839598629709325 0.04430932934219811