0 0.2530257339495673 0.2812419237100303 0.05465239199814431 0.06653158875715892
0 0.3544162757316498 0.32451077577977516 0.05370424456478351 0.06749678792369274
0 0.5288881431852785 0.19353071742224792 0.04499144484851536 0.0532400433392326
0 0.5582136087596086 0.5131219878361969 0.051566421631628945 0.06112640500676103
0 0.23108736403853625 0.08123410621221766 0.0555347268820412 0.046529102507357645
0 0.17500165450088684 0.23525894538710368 0.051836364764701104 0.07040374875676125
0 0.37308022004395913 0.4791311636945196 0.04694456984851547 0.05326277000616453
0 0.4260045180942478 0.4682579557706279 0.04724292804822694 0.06351667625616453
0 0.4012328022725981 0.05336661660568465 0.03226249216474231 0.06871163833744309
0 0.820556640625 0.00830078125 0.04150390625 0.0166015625
0 0.90234375 0.02734375 0.052734375 0.0546875
0 0.66162109375 0.12939453125 0.0234375 0.056640625
0 0.18546474094393822 0.627564350383922 0.05667655466474231 0.06899572167409057
0 0.052734375 0.579345703125 0.0595703125 0.03955078125
0 0.5451023449865982 0.8842100561694639 0.04407546978084542 0.0888618479223009
0 0.5263671875 0.567626953125 0.0546875 0.01611328125