0 0.04511471902824482 0.23171114067773324 0.06554215780104655 0.06551849761524764
0 0.070068359375 0.32763671875 0.08642578125 0.0244140625
0 0.4962209698160621 0.20077154829695243 0.039444775760996365 0.047993981838226674
0 0.426025390625 0.323486328125 0.01220703125 0.03271484375
0 0.7263929176761096 0.27770963601163545 0.03265659429532519 0.06250605164347489
0 0.017578125 0.724609375 0.03515625 0.0712890625
0 0.13276610888386853 0.738236670558514 0.0549024021544795 0.06679583578496406
0 0.12276170371222472 0.8115640878677339 0.0622438066232347 0.03229832665340382
0 0.0474025912412786 0.8431159725060311 0.0752020047984091 0.04325358867645335
0 0.3348500596035169 0.8541921720311401 0.055127797729304984 0.056070694246808106
0 0.3592815353086384 0.9581303657712114 0.06288227576099636 0.04840308492248169
0 0.41064453125 0.77734375 0.0185546875 0.0869140625
0 0.395751953125 0.48583984375 0.04833984375 0.0751953125
0 0.08490314301805757 0.38354956346588925 0.06651872030104666 0.06553554357709163
0 0.19873046875 0.992431640625 0.052734375 0.01513671875
0 0.026123046875 0.987060546875 0.05224609375 0.02587890625
0 0.434814453125 0.639404296875 0.02978515625 0.06884765625
0 0.6647195197747142 0.7062525852306429 0.03985450317472794 0.053853356838226674
0 0.6535611400489398 0.8239795043661748 0.05520300541636891 0.02924931742049597
0 0.7475695421430786 0.48388500761340947 0.04502765300263745 0.023219482802056324
0 0.8530008020427298 0.5035028497914956 0.0478787866663688 0.029121472706666207
0 0.735027991166411 0.516778833962771 0.05401131327552333 0.033129998477730016
0 0.9359744705915855 0.5025422242847588 0.04315642798811048 0.03830506366652442
0 0.8275631034674995 0.7277944031599353 0.05283323321786204 0.05115378982312002
0 0.6142578125 0.980224609375 0.033203125 0.03955078125
0 0.9397300777310913 0.3790922978439786 0.04266814673811048 0.038296540685602454
0 0.539169870407201 0.7372174931539042 0.048117794324378904 0.03253944145666621
0 0.46507408412859363 0.7507029715422013 0.04851390965492608 0.02425570616851025
0 0.770789248812127 0.709765669139651 0.05283323321786204 0.05115378982312013