0 0.048177083333333336 0.014892578125 0.033854166666666664 0.02978515625
0 0.07193615452991242 0.07395109634789698 0.06289570323185045 0.0325855081320412
0 0.13639700475154162 0.13534519822993818 0.045235778992242924 0.05463442716577327
0 0.1017746072860618 0.2521259048808042 0.04503792737631773 0.039023634699092646
0 0.1737650124192581 0.21272993867923717 0.03722542737631773 0.03885314429925768
0 0.22095834740023004 0.21961225607824741 0.0344742494295233 0.04805945038265991
0 0.25918411032799643 0.2170325317941032 0.03722542737631773 0.03885314429925768
0 0.20268606561939514 0.2543280725453403 0.03866015028505602 0.04132296561589688
0 0.1851211755682891 0.39781694749587637 0.03679876524065732 0.054938010482618704
0 0.23893229166666666 0.42138671875 0.036458333333333336 0.037109375
0 0.35021275452918327 0.33655529237564963 0.029412927376317732 0.038682653899422714
0 0.4190220253470245 0.21466820999072178 0.05241160903029899 0.043086167565608235
0 0.4010714307973548 0.07576901445760842 0.04082549860570402 0.045271838215855675
0 0.39924100465676604 0.04207760820760842 0.04054806324453578 0.028196201999175274
0 0.2913411458333333 0.015625 0.043619791666666664 0.03125
0 0.24446614583333334 0.021728515625 0.034505208333333336 0.04345703125
0 0.21791428364900897 0.09176781377816501 0.038021264828747604 0.05350158179925768
0 0.4768880208333333 0.0234375 0.030598958333333332 0.046875
0 0.4741372662212206 0.3314564312396908 0.04451952528505595 0.04145083341577305
0 0.5113932291666666 0.428955078125 0.022786458333333332 0.02197265625
0 0.543604225188822 0.2195128033450104 0.031725286977093425 0.033368390282701
0 0.5881569248720525 0.18975981946070114 0.02124119277554204 0.04386904971626804
0 0.7578654397955757 0.345138756473959 0.02622514657786912 0.027883636266144318
0 0.6183015563988157 0.3616011792769279 0.024870007414373802 0.02687865869950512
0 0.6409505208333334 0.00341796875 0.031901041666666664 0.0068359375
0 0.7399088541666666 0.002685546875 0.027994791666666668 0.00537109375
0 0.8928422093776881 0.22030631123762906 0.03888674531042676 0.03352467314921648
0 0.8746744791666666 0.4296875 0.027994791666666668 0.0205078125
0 0.5725186319058655 0.33280303576119596 0.02715362360570402 0.04497348001614432
0 0.4837239583333333 0.622314453125 0.032552083333333336 0.06689453125
0 0.4333714699287721 0.6464801470534435 0.05594425272480056 0.06023284144888663
0 0.41988642709016794 0.4940227367868868 0.07317529933438305 0.07816615478187638
0 0.2766273802582269 0.6698831852067837 0.07042855237631773 0.039577728498556564
0 0.4241264044971052 0.9071991446039384 0.07288570776285663 0.04889769484851558
0 0.30988571856546027 0.9349436411730517 0.0767941732572212 0.025085573865072153
0 0.32933295383148836 0.981699755789361 0.06523459074770714 0.027759525765319593
0 0.01953125 0.805908203125 0.0390625 0.07373046875