0 0.07443904568097998 0.538035156780259 0.07096792737015067 0.056375495463280245
0 0.1832643963134668 0.5752426916636986 0.06671689170950312 0.030311590509900732
0 0.36370595441511333 0.4166208834468996 0.05777741383537549 0.08306053475232611
0 0.32856978131034065 0.28731434428606456 0.05424005499955342 0.046365441520974215
0 0.420038601395716 0.2147247361450309 0.04891671728388225 0.060532882392186904
0 0.44222615980019553 0.15013875805936489 0.05408294732701657 0.05801019203962232
0 0.3157305182482557 0.11993701350226732 0.05072300054532519 0.06552669411421475
0 0.1973138360070612 0.12863520074004053 0.04882789751363381 0.07315419541083501
0 0.14439535665452152 0.2115090068851498 0.03775453643617066 0.060658450856640234
0 0.11992616336268491 0.05601299430648175 0.0380618319964694 0.0650529821066402
0 0.484130859375 0.25146484375 0.02880859375 0.0390625
0 0.6100962790686996 0.24038929357805222 0.06091888482701646 0.05852818840908558
0 0.6662046679063078 0.37864804007862884 0.06748501686706665 0.076025029306521
0 0.662353515625 0.584716796875 0.05029296875 0.02978515625
0 0.9252157798319287 0.4301811825902594 0.0629983196976136 0.06742825013111342
0 0.9272260168547726 0.14170281718524946 0.05032688521477802 0.07375347588286285
0 0.038818359375 0.6220703125 0.05029296875 0.044921875
0 0.0205078125 0.995849609375 0.041015625 0.00830078125
0 0.089111328125 0.987060546875 0.03076171875 0.02587890625
0 0.1943359375 0.99365234375 0.02734375 0.0126953125
0 0.454345703125 0.803955078125 0.03076171875 0.03662109375
0 0.42539897423900364 0.6642360242627643 0.057569203979304984 0.05924575272435395
0 0.37581968231382923 0.6712782376951697 0.0368667937064191 0.047963138356640206
0 0.3166660170123361 0.6888849245454082 0.03430934351980186 0.032227139134612365
0 0.24752802343442648 0.6527212436567202 0.024308057010996365 0.04895427009906564
0 0.2639827441958694 0.6490594225990265 0.020128655401842055 0.04475202217365809
0 0.3192752518415854 0.8481240422843347 0.05681803705413058 0.04850356522435395
0 0.2997817194283005 0.8952428945920285 0.03910333624955342 0.04521844956001997
0 0.2452241029344685 0.9313599845803784 0.03284449976980186 0.03211613991258455
0 0.09920413116730414 0.9276582806089467 0.058757549970946066 0.03456540741840963
0 0.03903953192830048 0.8754850330710738 0.045710532025523276 0.03551953942015906
0 0.0087890625 0.89208984375 0.017578125 0.044921875
0 0.25512250261710867 0.8108655150524062 0.04901580298811048 0.041112631614214745
0 0.3239904632487023 0.7596341368123068 0.03701363544497638 0.04311732559731618
0 0.1636532275590009 0.7430666908799209 0.04549874853388225 0.06027388420745533
0 0.1380950014661178 0.6522828014859845 0.03686679370641921 0.047963138356640206
0 0.11189853372183928 0.6478434092394835 0.021921326580100486 0.0356596771270378
0 0.08226021921039633 0.6505062372989268 0.042917420330100486 0.037250665976103436
0 0.07648631783144019 0.6839386453641951 0.03793217597666759 0.035415824819343994
0 0.2876628254894502 0.6965045645862034 0.0275758378732347 0.033173986515149134
0 0.476318359375 0.74560546875 0.01318359375 0.05859375
0 0.494873046875 0.863037109375 0.05029296875 0.07568359375
0 0.474609375 0.900390625 0.009765625 0.0693359375
0 0.7879246398790822 0.9423605936304975 0.042275377556768134 0.0697435112820477
0 0.8327335896053032 0.8701622601252491 0.03662086626363381 0.07222920189393633
0 0.787109375 0.99169921875 0.037109375 0.0166015625
0 0.96826171875 0.96142578125 0.0517578125 0.0771484375
0 0.990966796875 0.97900390625 0.01806640625 0.0419921875
0 0.669921875 0.623779296875 0.033203125 0.04833984375
0 0.99072265625 0.843505859375 0.0185546875 0.05517578125
0 0.7876403123904832 0.6586170417627839 0.045908475947613714 0.06613325920745527
0 0.7529296875 0.6162109375 0.0322265625 0.033203125