0 0.045654296875 0.011474609375 0.03076171875 0.02294921875
0 0.049157886849612864 0.046444417993262155 0.025041539873406737 0.025521595947536113
0 0.09324239547301955 0.019702493159375 0.019704534969955168 0.031036775620616464
0 0.192138671875 0.010498046875 0.03369140625 0.02099609375
0 0.24772359284129486 0.062029503397239116 0.028116104971238176 0.05061168260312865
0 0.10249384703757869 0.10745558972406677 0.028519164104866546 0.03599453558739407
0 0.10717813348324146 0.057369287865678076 0.020195656957167518 0.031556347354881886
0 0.07978609095063105 0.06742233623454119 0.02663989827238855 0.04856468615033238
0 0.07001445892567681 0.152977792935584 0.028084856861901875 0.04524058885312865
0 0.4247292005798309 0.08054915802648477 0.05404330375384858 0.060570859519195386
0 0.5585324667658927 0.06953415908776162 0.03790161513172463 0.05465546103843688
0 0.646484375 0.020751953125 0.0361328125 0.04150390625
0 0.7618070491865605 0.2824976649305537 0.0720472137851762 0.0509864199370158
0 0.7814430809128892 0.34713272382567173 0.05986858990729993 0.05508697033038046
0 0.5154036588304112 0.35149072525032177 0.03511964596676853 0.07985834313284434
0 0.9632437638483708 0.05628966013173442 0.057926827856149554 0.05691493339331877
0 0.89013671875 0.007080078125 0.0439453125 0.01416015625
0 0.056781034107971765 0.4525064962797617 0.03551702362597234 0.06426463361710977
0 0.02197265625 0.58740234375 0.0439453125 0.08984375
0 0.10794480698005476 0.6351935707133626 0.046151263111901875 0.046398336770948845
0 0.109375 0.41796875 0.0361328125 0.0361328125
0 0.17533111131832607 0.4624810336032664 0.03878727404092852 0.039093042006967615
0 0.2112903132978414 0.5739037785333605 0.030625688914335203 0.06248688502445554
0 0.25867632044554045 0.5669623515596154 0.04042256202367134 0.06848378845976377
0 0.09384617029713879 0.8772180608042633 0.054304326026858085 0.02153965000346081
0 0.04068284397806933 0.9543279018549279 0.06378336211893709 0.05680213795450362
0 0.008544921875 0.83837890625 0.01708984375 0.07421875
0 0.6527057366105374 0.6146182955195632 0.0578501279514152 0.04373133964331877
0 0.6346702529193442 0.6943580342031179 0.03987178455499896 0.05771031047549846
0 0.525321145104785 0.6130194869128358 0.03932952929796374 0.04840167624123304
0 0.45096636526912026 0.557260056005444 0.03729402291880479 0.03411635805417135
0 0.4838974305977906 0.4341011340439268 0.05193961968159233 0.03456679133213375
0 0.40906824764765826 0.4598846718865349 0.05645630263172474 0.0558444994405225
0 0.6133496640260738 0.9192737565579998 0.05990551949106093 0.061434626580380236
0 0.8742566142843919 0.8742443254602694 0.05538883654092852 0.040156918471991654
0 0.8701414519327937 0.5748151237714544 0.04909515429796363 0.04902748592654127
0 0.8071645336316431 0.5768984712416927 0.0447091452596009 0.05021071531815258
0 0.6846943282857564 0.48566257952657665 0.051948141893229494 0.03603163508213375
0 0.6345093075498268 0.4703308119059142 0.05148258654092852 0.03990659459786838
0 0.5851442832166869 0.5657450165824556 0.03344458766305236 0.04363165918004808
0 0.5337131554961106 0.5129094641645893 0.04075744346420285 0.042147891444029306
0 0.5615634441539501 0.9274733603901337 0.06480537641433526 0.06467721892303446
0 0.8555359510415088 0.4844765350336822 0.03927839602814087 0.03961261374123304
0 0.7621154765581448 0.4338436830126414 0.04214842804668084 0.02954645039682552
0 0.9697397895344735 0.4864319054655756 0.045171859874689524 0.045847474552418