0 0.22075859348754406 0.13867463993898177 0.045705272053114476 0.057199825010131766
0 0.40132317630599035 0.14464779763559654 0.06273542799418219 0.05653095352535198
0 0.16997815254144585 0.267895239996115 0.054664280822142475 0.04981942423982266
0 0.11304488241300656 0.3178778251649248 0.045216990803114476 0.05717708294541102
0 0.14346675213792032 0.047838244416174125 0.047121206772724245 0.044107199519013984
0 0.5738837988112943 0.5108373393538609 0.04049334579360042 0.060855912298205306
0 0.68757783509853 0.8850601426774181 0.047021727091170584 0.041665793269014095
0 0.6792041165863805 0.7871992140949329 0.04737985394476407 0.050454855769014095
0 0.8064225352415137 0.7039386186900485 0.05049772202932945 0.06717012859261695
0 0.8692806620951072 0.7156386654742828 0.03766479959592761 0.03928056903932298
0 0.6439301961022592 0.47169995411778626 0.048316624572142475 0.04952377739845515
0 0.61376953125 0.982177734375 0.0390625 0.03564453125
0 0.82883294560332 0.42865235240576854 0.03367896585068464 0.03714550752155832