0 0.3012334891002747 0.43074555644512336 0.03944599952367134 0.0661452277269905
0 0.2532342082652309 0.4558577891983101 0.039894510452697984 0.05931213096420285
0 0.25021426827549365 0.3034913133006111 0.05220380824234372 0.07696127439451228
0 0.20382820062655255 0.13524701179101012 0.03888101836893709 0.052958793239778035
0 0.09929940909332102 0.056999534540348284 0.04719600330499896 0.05544849202238855
0 0.02392578125 0.151611328125 0.0478515625 0.04541015625
0 0.13442562396855 0.4820229588057017 0.051491108752565684 0.03838421490730015
0 0.403564453125 0.33349609375 0.01220703125 0.044921875
0 0.16076887258628586 0.06663481117910824 0.041873202087609473 0.06371802516305236
0 0.218505859375 0.00732421875 0.05126953125 0.0146484375
0 0.21307746255495819 0.056196582560832986 0.04565445965026482 0.04225637606075139
0 0.7816489161942983 0.18923601598729395 0.04533662263300753 0.07155041032353904
0 0.7989663444718182 0.06628572605251487 0.04184195397827328 0.05834693141305236
0 0.786376953125 0.005859375 0.04931640625 0.01171875
0 0.5114674629231927 0.21549711955884754 0.04278726836893709 0.05298151913747717
0 0.5121678228125329 0.43084051375769705 0.03538634971420282 0.03975531432929147
0 0.7686745603464262 0.4049881507941968 0.03398968365729993 0.051465542117654195
0 0.7486383102236813 0.32381415233127686 0.03785900407353893 0.04514061176535322
0 0.9921875 0.435546875 0.015625 0.0517578125
0 0.8383081241526673 0.5220964357027795 0.04192433535743234 0.07250708766305225
0 0.93798828125 0.58447265625 0.0341796875 0.0703125
0 0.6484904973554468 0.0800592164911017 0.0476388327596009 0.0476388327596009
0 0.577977517997933 0.5337659165185809 0.06279827740729993 0.05163314561318488
0 0.4604071695753205 0.43102767686318466 0.049569231861901875 0.043743945708450305
0 0.6952736171130623 0.3479185744751274 0.04122299881650382 0.03588315317584012
0 0.218505859375 0.642578125 0.03955078125 0.0458984375
0 0.2473287303687739 0.7771405191228264 0.044902315390042746 0.0808249133363268
0 0.056211584463377845 0.8941966941099979 0.05610721750513137 0.07649571904221153
0 0.287109375 0.972900390625 0.029296875 0.05419921875
0 0.318115234375 0.980224609375 0.01904296875 0.03955078125
0 0.38679219439943974 0.8936784669527796 0.03322049497380375 0.0871043918932295
0 0.8029369547761147 0.9619188565403891 0.03008911513172463 0.05241937871995517
0 0.9557500775172163 0.714264328826227 0.03198542538747695 0.04266511666880474
0 0.9033992020408877 0.6480395604572899 0.04123436176535322 0.037836278175839955
0 0.9209933948125737 0.8971737867085728 0.0388554517340256 0.048564261989778146
0 0.8438648424730604 0.8933069814790167 0.0320024698107515 0.04559480416880479
0 0.664564333835003 0.6578809087104359 0.030949207406017143 0.03240552894437998