0 0.415783049010095 0.37255859375 0.06119017241294733 0.04638671875
0 0.5068684426674277 0.26708984375 0.026760919860644883 0.05322265625
0 0.4808686225684373 0.3125 0.0426013825989906 0.04541015625
0 0.34828398991152976 0.2919921875 0.03280165528503365 0.04443359375
0 0.46347499019130334 0.08349609375 0.04239676871524978 0.03955078125
0 0.20527029288260668 0.24853515625 0.05156560322100612 0.0224609375
0 0.11201166493469658 0.318359375 0.04511099347690406 0.04736328125
0 0.18232105343441307 0.40234375 0.03712798190712019 0.04248046875
0 0.3185623710390181 0.416015625 0.049130399273379366 0.03662109375
0 0.09228515625 0.461669921875 0.05078125 0.01611328125
0 0.8994140625 0.023193359375 0.03515625 0.04638671875
0 0.9001394421029749 0.29833984375 0.06081660270956446 0.07763671875
0 0.733948679679153 0.12158203125 0.04733693698855834 0.05517578125
0 0.625732421875 0.62451171875 0.02783203125 0.029296875
0 0.5341595041445445 0.65185546875 0.04741599047107692 0.04345703125
0 0.46628531959245456 0.58203125 0.035878600895465906 0.03466796875
0 0.3124596746854762 0.58251953125 0.047006762703595495 0.03173828125
0 0.28220017684217114 0.666015625 0.026277285162876307 0.025390625
0 0.28204051412699216 0.6845703125 0.03910900691870345 0.029296875
0 0.25234526021411574 0.7099609375 0.030070379366401 0.0361328125
0 0.29567052876052025 0.74169921875 0.04151631085474672 0.0283203125
0 0.3655396986790821 0.75439453125 0.03544767541877447 0.05029296875
0 0.4121868313359896 0.77490234375 0.038842390709422636 0.03564453125
0 0.5806609137429679 0.7744140625 0.037831725895465684 0.03466796875
0 0.6058593087657804 0.90576171875 0.04037543908733632 0.03759765625
0 0.5960983303180121 0.93359375 0.03263114371524978 0.03955078125
0 0.603759765625 0.98486328125 0.03759765625 0.0302734375
0 0.63525390625 0.951904296875 0.0087890625 0.03173828125
0 0.275390625 0.97705078125 0.0302734375 0.0458984375
0 0.26359585022499044 0.93310546875 0.02547123423266029 0.0302734375
0 0.2609963784063405 0.60205078125 0.03488498723848754 0.0341796875
0 0.6241396427021779 0.8017578125 0.025727001587336318 0.03759765625
0 0.22672519142268793 0.92626953125 0.026567154831509066 0.03369140625
0 0.7416464681325359 0.68212890625 0.04741134391884527 0.0712890625
0 0.7625449221910907 0.55908203125 0.043532993930428754 0.05810546875
0 0.752339078609936 0.48779296875 0.05050998723848754 0.0341796875
0 0.7223911067480864 0.89794921875 0.0354817777327312 0.05126953125
0 0.7047137863064995 0.81689453125 0.039166362692012124 0.044921875
0 0.9620906935793828 0.92724609375 0.0506184964827312 0.05126953125
0 0.78857421875 0.9892578125 0.0439453125 0.021484375
0 0.9931640625 0.626708984375 0.013671875 0.05810546875
0 0.655517578125 0.841064453125 0.03173828125 0.03564453125