0 0.07344039054783236 0.47829527450670806 0.06600040612178937 0.05979792125835193
0 0.17421976464164945 0.41662911116031665 0.06492799027679919 0.07783591917468713
0 0.25338133401518836 0.36985001531670914 0.03902665352854884 0.06436256042130661
0 0.04345703125 0.647216796875 0.046875 0.02490234375
0 0.22852002644815084 0.14426441990574296 0.054799652491252626 0.06649749875676103
0 0.484130859375 0.3798828125 0.03173828125 0.0634765625
0 0.5579814185606358 0.2663438349628142 0.03481654434731618 0.0345546775043748
0 0.54809866298662 0.1971840291315357 0.048044422459204816 0.0288543891728974
0 0.5910024280303179 0.10740811704329728 0.040624350364214745 0.04681852542170428
0 0.7147152983624849 0.09718727452659354 0.03871550972610338 0.04094210542150545
0 0.62548828125 0.02197265625 0.0478515625 0.0439453125
0 0.7176785257954866 0.28985382827420725 0.040379921421908604 0.030716607505170135
0 0.591316243377077 0.34791486995744514 0.037206381614214745 0.04677875375457363
0 0.6550803659120471 0.4013243370315649 0.03420269463286285 0.045768101254175964
0 0.716463089070556 0.40890354660648004 0.04419031807691853 0.04881142208883493
0 0.7698366274563216 0.24534034910091213 0.032693566520974215 0.05160474958724415
0 0.7597592820192639 0.3010725916017075 0.03273785088286285 0.04575105625397713
0 0.8738932559586479 0.19192951367065705 0.046350295643936334 0.03224963125596564
0 0.9503471362762423 0.1422548203274473 0.032930134207455275 0.04185048792071
0 0.8776010912820673 0.11724520908758887 0.04714972069638179 0.05567576792249973
0 0.7826458223514113 0.08273701118417917 0.040742634207455275 0.041941394588437264
0 0.9790395410927031 0.4331678332372203 0.027070759207455275 0.04178230791991466
0 0.9503923622786076 0.5086301840736691 0.0355638237820477 0.03797832792110789
0 0.9140235587267389 0.4670982115790381 0.030762295384612504 0.032556099170511166
0 0.8799761476777925 0.5172551624164812 0.043184040457455275 0.04196980292210206
0 0.562319191116023 0.5438804195427007 0.05339366234556664 0.04794281125676103
0 0.557373046875 0.684326171875 0.03662109375 0.04931640625
0 0.5461179177768581 0.8497035687112233 0.04394646576922473 0.06490765833863632
0 0.7682136169493433 0.7515005103487247 0.041837480550695805 0.0370756270886361