0 0.09362039509326014 0.028887324928371372 0.04300632637528834 0.03436620646379207
0 0.02392578125 0.394287109375 0.0478515625 0.04541015625
0 0.04126828020399555 0.16389502440564713 0.04023249909381718 0.06199927835068453
0 0.10248728188815054 0.228592694557598 0.04134919930069586 0.03819287271854899
0 0.13048743606065535 0.343854421030904 0.03486140534381715 0.06178042305126619
0 0.1781467152360629 0.3418780768530466 0.04503402749125257 0.06754943552748127
0 0.486572265625 0.013671875 0.03759765625 0.02734375
0 0.48147769916377703 0.08779271991328003 0.04399861138693861 0.0860046433459275
0 0.5248315924475743 0.06506981199969353 0.03230899987178937 0.06021609961971264
0 0.6094298171620275 0.0797820696040743 0.045499878243002057 0.05442552958641356
0 0.6018661475524846 0.2313084245945603 0.0454701631235388 0.047609488022724245
0 0.6269747672348901 0.28131040983689437 0.04188962616840963 0.05817261209592761
0 0.5211488591667189 0.39160893101105576 0.03586039834206778 0.07496401680126619
0 0.45520290520109286 0.2988006865007543 0.05050883584206778 0.07556089489058881
0 0.3775667630857052 0.26331119044579177 0.041527490017475244 0.07908912210068464
0 0.32895335190854813 0.25202435712840626 0.04971611877622273 0.01370834363107476
0 0.32054943269234537 0.22719247996588054 0.04889541649475149 0.04142099926321019
0 0.27338571938815054 0.23555627226635956 0.04808986009031824 0.08860521708641356
0 0.35170682752628146 0.442989573288023 0.04367289834206767 0.0752823517822383
0 0.38984548727860757 0.3921361950797755 0.038575372019224785 0.06582594460544167
0 0.53759765625 0.500732421875 0.0517578125 0.01806640625
0 0.632568359375 0.4794921875 0.03466796875 0.0458984375
0 0.816162109375 0.00830078125 0.02197265625 0.0166015625
0 0.8016090252739357 0.05446774862074033 0.025354201893936334 0.032673390256605206
0 0.8567533615006354 0.1605499494048268 0.04186719567015906 0.04502881021854899
0 0.9526627624330409 0.2134368454122192 0.02445163887528823 0.03361016088398361
0 0.18085461592075536 0.5513589976939437 0.0654902710081513 0.08055230422991116
0 0.08251953125 0.535400390625 0.0751953125 0.05126953125
0 0.18175544903556634 0.6493534786112263 0.0880179233682904 0.08877184011389483
0 0.42924329148314055 0.8930671282779621 0.0788145790996424 0.08937037982399054
0 0.7530952922553072 0.801349880536175 0.02874303215908558 0.05812370306553727
0 0.8123987453147505 0.8331536435113291 0.03984007118880717 0.043972663973306014
0 0.8053711011247705 0.7966229122851142 0.030155730291371752 0.03822354743340184
0 0.7677471895629815 0.607990505536175 0.023023794865964176 0.034038754325051324
0 0.7204214846882697 0.5732462762824787 0.021825233921908604 0.03106927495242995
0 0.732666015625 0.518798828125 0.02685546875 0.01806640625
0 0.9338989158275736 0.8650427841479482 0.04115691597610338 0.0420792267822383
0 0.8968641169435378 0.8302280883067776 0.01967254097610338 0.04120380558456538
0 0.8631284263316492 0.8229759977650253 0.023652790457455275 0.042339535575051546
0 0.8561354753438956 0.9152611540150253 0.03543825531759448 0.05012136086019847
0 0.7132097834353867 0.9011109674896656 0.042821327671908604 0.03192480021379218
0 0.6743322821387664 0.8970778863348059 0.035378825078667964 0.03648927773282007
0 0.9595537287238165 0.5717250244521235 0.03608182015151096 0.04576662148282007
0 0.8268667971882697 0.5775835903982216 0.02483678215908558 0.057964535575051324
0 0.7678273203963213 0.6780335795855932 0.0253099175320477 0.038512869320294296