0 0.361328125 0.046142578125 0.03271484375 0.023193359375
0 0.403564453125 0.06298828125 0.034423828125 0.018798828125
0 0.414306640625 0.0302734375 0.019287109375 0.013671875
0 0.458740234375 0.02587890625 0.0341796875 0.014892578125
0 0.306396484375 0.0439453125 0.041259765625 0.02978515625
0 0.208984375 0.0185546875 0.046630859375 0.018798828125
0 0.218505859375 0.050048828125 0.037841796875 0.021484375
0 0.15380859375 0.046142578125 0.0400390625 0.014404296875
0 0.10546875 0.015625 0.025146484375 0.02099609375
0 0.085205078125 0.019287109375 0.027587890625 0.02001953125
0 0.019287109375 0.068115234375 0.023193359375 0.031005859375
0 0.103759765625 0.12060546875 0.04931640625 0.025634765625
0 0.120361328125 0.140380859375 0.05126953125 0.014892578125
0 0.09423828125 0.162353515625 0.044677734375 0.019775390625
0 0.077880859375 0.208251953125 0.0595703125 0.02490234375
0 0.0693359375 0.248291015625 0.0400390625 0.01416015625
0 0.1103515625 0.26318359375 0.024658203125 0.022216796875
0 0.141357421875 0.250732421875 0.023193359375 0.030517578125
0 0.16162109375 0.2177734375 0.02978515625 0.031982421875
0 0.1552734375 0.412353515625 0.03173828125 0.025634765625
0 0.138671875 0.4658203125 0.037109375 0.02392578125
0 0.286376953125 0.44970703125 0.033203125 0.036376953125
0 0.24658203125 0.47021484375 0.033203125 0.017333984375
0 0.38916015625 0.448974609375 0.045654296875 0.03173828125
0 0.545654296875 0.408447265625 0.046142578125 0.036865234375
0 0.536865234375 0.441162109375 0.049072265625 0.0224609375
0 0.4599609375 0.3349609375 0.03515625 0.026611328125
0 0.4765625 0.290283203125 0.024169921875 0.030517578125
0 0.4658203125 0.25537109375 0.042236328125 0.0234375
0 0.508544921875 0.22998046875 0.037353515625 0.021484375
0 0.451171875 0.125 0.04296875 0.0234375
0 0.389404296875 0.105224609375 0.02880859375 0.034423828125
0 0.3662109375 0.113525390625 0.034423828125 0.03271484375
0 0.533203125 0.079345703125 0.03271484375 0.015625
0 0.531494140625 0.118896484375 0.031982421875 0.02880859375
0 0.585205078125 0.077880859375 0.041748046875 0.021484375
0 0.602294921875 0.06494140625 0.040283203125 0.01904296875
0 0.58349609375 0.049072265625 0.0224609375 0.02783203125
0 0.547607421875 0.03955078125 0.033447265625 0.011962890625
0 0.537353515625 0.037353515625 0.019775390625 0.020263671875
0 0.756103515625 0.05078125 0.027587890625 0.0244140625
0 0.70263671875 0.08837890625 0.043212890625 0.02685546875
0 0.71142578125 0.123779296875 0.028564453125 0.030029296875
0 0.779052734375 0.146484375 0.030517578125 0.02197265625
0 0.76611328125 0.163330078125 0.030029296875 0.016357421875
0 0.743896484375 0.17236328125 0.03662109375 0.024658203125
0 0.73779296875 0.197265625 0.02587890625 0.0166015625
0 0.7109375 0.187255859375 0.045166015625 0.025390625
0 0.69140625 0.141357421875 0.024169921875 0.024169921875
0 0.8056640625 0.105712890625 0.0283203125 0.02783203125
0 0.705322265625 0.323974609375 0.037353515625 0.03369140625
0 0.751220703125 0.322998046875 0.028076171875 0.03173828125
0 0.794677734375 0.302734375 0.043701171875 0.019287109375
0 0.809326171875 0.25927734375 0.02099609375 0.029296875
0 0.719482421875 0.27490234375 0.027099609375 0.02490234375
0 0.63720703125 0.256591796875 0.03369140625 0.022705078125
0 0.610107421875 0.26416015625 0.03369140625 0.02197265625
0 0.591552734375 0.203369140625 0.02685546875 0.0224609375
0 0.619384765625 0.194091796875 0.02978515625 0.02001953125
0 0.575439453125 0.309326171875 0.042236328125 0.02978515625
0 0.81005859375 0.3671875 0.01953125 0.028076171875
0 0.7939453125 0.379638671875 0.031005859375 0.029296875
0 0.777099609375 0.40087890625 0.025390625 0.01708984375
0 0.9114444005760363 0.05892002029387916 0.05623915528503387 0.048897695267208774
0 0.8884409375530112 0.12520677673231795 0.035613540436326696 0.08567830180047309
0 0.9094308703970251 0.41954068506605546 0.06081660270956446 0.08237982661203436
0 0.18797902954192397 0.6847884438569485 0.12550999965740361 0.13634963996667648
0 0.994140625 0.55712890625 0.01171875 0.0224609375
0 0.9765935322100605 0.5331725263336191 0.024119546279135706 0.021444436364517983
0 0.9711046568095472 0.7245588876020993 0.020769782157049277 0.02311855501969251
0 0.9869993638209179 0.6499016184740094 0.024676032157049277 0.02343741941377886
0 0.995361328125 0.693603515625 0.00927734375 0.02978515625
0 0.990966796875 0.8779296875 0.01806640625 0.025390625