0 0.018943985792303053 0.11808083686485016 0.03606497458823843 0.03883379356934391
0 0.05536053953991682 0.1328839813141543 0.030449911257755424 0.05938589043123266
0 0.11993934538610929 0.03334745252628149 0.04004508625576664 0.04547744774475154
0 0.013671875 0.060302734375 0.02734375 0.03271484375
0 0.121337890625 0.48193359375 0.03759765625 0.0361328125
0 0.1331258840905717 0.3675016803526234 0.027452043756959865 0.053304516987176864
0 0.20010564034156597 0.3551084971300189 0.027304320421903228 0.040609204487176864
0 0.5392756666235815 0.08910642673079483 0.032624279171306614 0.03662167038461228
0 0.5249457445496606 0.020917481191749132 0.046227974170511166 0.0317982881235388
0 0.7006013137034681 0.10225013756705703 0.03843820083744298 0.033159417272723646
0 0.5778719278624457 0.16814069773604334 0.03423116458963038 0.04893970085664012
0 0.645112356605088 0.21719695253208693 0.03129011375616453 0.04774113991258444
0 0.7070274870206279 0.220798766716242 0.0410898287565622 0.05141082222610338
0 0.7499407887094337 0.05460485099946255 0.029405168756959865 0.05345251594988076
0 0.7434337037018772 0.11071291038757392 0.029825270006164528 0.04763014069055671
0 0.850341796875 0.006103515625 0.04443359375 0.01220703125
0 0.9713577511835826 0.22808865726987976 0.024408722922300896 0.04331689354312129
0 0.9475335557567081 0.3050229575816492 0.033152332088437264 0.04007663887528823
0 0.9084713978457419 0.2660277490764007 0.028695302504374798 0.034372547459204705
0 0.8776184303389809 0.3181264204983093 0.040522004172300896 0.044537884985427434
0 0.5614334232525321 0.3650144714656457 0.05035580917309623 0.051137254798946374
0 0.23728853492006052 0.6282866339394231 0.06743463167866426 0.09341087098192835
0 0.3673979299113109 0.6828238284382697 0.089946362090227 0.05755220254369808
0 0.3195644386786113 0.5591193959965403 0.056561423754772466 0.039411220177733686
0 0.409423828125 0.63427734375 0.08056640625 0.080078125
0 0.168701171875 0.52734375 0.10791015625 0.0546875
0 0.1105619924113109 0.7022856920338169 0.05803229126053927 0.08196568840908558
0 0.24773924697151084 0.8621509221911725 0.047329875427669865 0.08456966286421475
0 0.3921398186366529 0.8624294677010929 0.06688385209460179 0.08800277749125263
0 0.3048958773771079 0.939290921800735 0.0541317229272722 0.082157971733678
0 0.75341796875 0.517822265625 0.0400390625 0.03564453125
0 0.6345736828403729 0.5407799989539955 0.051712701255170135 0.041970910270974215
0 0.7329207015585562 0.7674960526340749 0.05328549667309623 0.051359253243002057
0 0.6456543757211131 0.8043554439743932 0.05691334500318168 0.027729469918409633
0 0.6578099298814828 0.8497801694668186 0.04815837250357935 0.029993162086242586
0 0.5350123640396649 0.9215301046358049 0.05537498167468713 0.06322600220570584
0 0.8398205473971923 0.7203676091667189 0.04875460542150556 0.03930750557691853