0 0.0087890625 0.039388020833333336 0.017578125 0.07877604166666667
0 0.01953125 0.15397135416666666 0.0390625 0.12044270833333333
0 0.265380859375 0.4065755208333333 0.06884765625 0.046223958333333336
0 0.9892578125 0.12272135416666667 0.021484375 0.076171875
0 0.8762376126145621 0.21846617397315718 0.09356938681356342 0.0807343726899914
0 0.6897482697312939 0.23490430312259333 0.0888460907814671 0.1174266402406623
0 0.4697241792705082 0.09487715372424854 0.07820537061868493 0.06653805472673009
0 0.017822265625 0.525390625 0.03564453125 0.078125
0 0.2044344098469837 0.5155867352769771 0.04971499329151485 0.08253000871063043
0 0.2705017549621096 0.6310620730773887 0.04192481477951393 0.05526851749184806
0 0.05248073981167567 0.8018472306922536 0.044412088774978375 0.08601915126130111
0 0.630017215993924 0.8639307307628408 0.02866166692380645 0.04968741663137314
0 0.6005174063194882 0.9666179544074235 0.03237471409565973 0.03892305917027924
0 0.8836726222915803 0.7738245863492136 0.03105761368483062 0.04727284425985623
0 0.5594270599822051 0.5173735201547925 0.023494732617708403 0.033032186374407045
0 0.7093675809138241 0.7880126606895678 0.025311887407269973 0.053328234618163606
0 0.7491797542254344 0.7999151914414763 0.03097805957912314 0.04271555259318941
0 0.8313315269987416 0.4923464656751175 0.015148491878732795 0.029783399104231407
0 0.9326022146287981 0.7198266543948266 0.020837802051562493 0.04842967322022732