0 0.068359375 0.017578125 0.046875 0.03515625
0 0.01123046875 0.10693359375 0.0224609375 0.0517578125
0 0.02734278296534587 0.13137085180806574 0.02122509621425195 0.05780151933890598
0 0.03689889130150789 0.20680517196607578 0.01873384725612065 0.0629677493820402
0 0.0126953125 0.250732421875 0.025390625 0.07373046875
0 0.01171875 0.534423828125 0.0234375 0.03076171875
0 0.19970703125 0.544677734375 0.025390625 0.01025390625
0 0.2341635492668538 0.5060697935734438 0.04341693144207559 0.07391814673811048
0 0.12699161308350082 0.2577705263186155 0.048030802842341735 0.04122718100527489
0 0.05900054225461249 0.370505700586673 0.03482723977460078 0.05195575642209027
0 0.29836891127817844 0.10905584610115793 0.05161810786203436 0.06138328805985205
0 0.17250201885331157 0.08374757605936345 0.03402001354429329 0.07180456791636891
0 0.16219802813651674 0.15973511922045752 0.0467851380701656 0.05570489874955342
0 0.3458507190550856 0.42309232390265117 0.04959525142238319 0.0544449187064191
0 0.40283203125 0.47265625 0.0341796875 0.0771484375
0 0.29237884926442925 0.44605538222220176 0.03301357765390289 0.0654227677152246
0 0.2695692545661737 0.4104757927252858 0.025350605778296842 0.048865615100348814
0 0.3632207779432288 0.07086724926135884 0.04452305274872859 0.06962604734154343
0 0.31847774035446474 0.2245531067763324 0.06016794148024829 0.08285739712587215
0 0.7433813074085155 0.32253094687891415 0.0736205569162034 0.09302248360562371
0 0.87950194491094 0.3961346507855845 0.09350070587312237 0.05702959305940558
0 0.8197825878038734 0.2652447054700109 0.05902212329677703 0.03908280438159362
0 0.736328125 0.02099609375 0.056640625 0.0419921875
0 0.58203125 0.023681640625 0.064453125 0.04736328125
0 0.8497677595761679 0.05566604373100725 0.04095563646055589 0.06160868363467764
0 0.9188037543789471 0.35421744348628215 0.08804981543837975 0.07946665254224117
0 0.6638317246388822 0.19850773686528034 0.11287244308985811 0.08023143155060009
0 0.62266600741094 0.3781749324836867 0.06346633608246599 0.08163156103388225
0 0.775390625 0.532958984375 0.052734375 0.03369140625
0 0.7917219570207272 0.08801914358797075 0.04632664962433464 0.08577347254268763
0 0.03292202341342382 0.9160046766069214 0.04437360521055589 0.061847691292687745
0 0.30736628164869884 0.846350267667178 0.04425395047655223 0.08417205298811048
0 0.32109830636058534 0.7409872956698155 0.02354692831646954 0.05650739534462734
0 0.2728785202756947 0.5963366555839935 0.04661572121425195 0.059577004798409106
0 0.30224609375 0.560546875 0.037109375 0.021484375
0 0.19425501260816075 0.6680323268348867 0.03233599081646954 0.057121986465224706
0 0.16158968922140732 0.7555645540910547 0.03235596013421049 0.04547152436751323
0 0.01593275152811935 0.6424544788195087 0.029356541194559438 0.038464867111791756
0 0.6372254694295386 0.796576605455484 0.08101466827829684 0.052758025530798225
0 0.947998046875 0.586181640625 0.03955078125 0.07275390625
0 0.975341796875 0.873779296875 0.04931640625 0.08154296875
0 0.796126553515819 0.6853435375514091 0.04991411581646954 0.05835116870641921
0 0.4769893421585747 0.8319792378710018 0.07199644214160261 0.04338851586134518