0 0.028204064272549068 0.2427728254198954 0.04393431818163096 0.040171470799495644
0 0.11383720829680477 0.174841396133258 0.028573530590212393 0.05901870180417138
0 0.24784428799474845 0.10538378959025267 0.03073120713234001 0.07481058438692016
0 0.02557157213623762 0.15370527902362374 0.04650356914546072 0.05014569902793179
0 0.11653319500588344 0.08205971430109356 0.035091646458651926 0.07258190353143856
0 0.8046811949562396 0.13797659559954287 0.044720903763900255 0.0629996497785162
0 0.12732268668510205 0.8540379896717715 0.030697115208651926 0.07220641772025364
0 0.2743516768958135 0.5097243811754008 0.03247978059021239 0.05935246696966908
0 0.22021484375 0.4462890625 0.0419921875 0.013671875
0 0.4187476681696427 0.5990627319890461 0.017411245687588117 0.06326746028669872
0 0.24385638849155655 0.7567437307278188 0.0394179938612762 0.06774905600929015
0 0.16664829012510263 0.7587783010797323 0.0325309184757443 0.06325871696966907