0 0.140869140625 0.01513671875 0.02099609375 0.0302734375
0 0.11270359033749264 0.019036382081098924 0.02241101420564756 0.03022929965354379
0 0.09326171875 0.0146484375 0.02734375 0.029296875
0 0.024693391189710256 0.01640765418139445 0.025749266857125974 0.029411931606587866
0 0.010009765625 0.017822265625 0.02001953125 0.02294921875
0 0.00537109375 0.0537109375 0.0107421875 0.021484375
0 0.01806640625 0.095703125 0.0361328125 0.0263671875
0 0.016845703125 0.223388671875 0.03369140625 0.09326171875
0 0.0309519107858664 0.17991499302021763 0.048210204357125974 0.030458066583734622
0 0.10018816286960386 0.17235669458109892 0.04054715189529867 0.03788395148348467
0 0.08154401637087533 0.23863719008364326 0.039331441099733855 0.034908779854043503
0 0.15878175169716147 0.12705224332980392 0.027532975001212323 0.03338640780074964
0 0.130301845827676 0.07965282955824562 0.01722922604308108 0.03825717612689683
0 0.16468074298775875 0.05478661832980394 0.0345283446982555 0.035657921706837736
0 0.17431672859488467 0.02680743680061265 0.035136200096037795 0.03714550752155832
0 0.20287626997667063 0.04921353856328864 0.030233498864518094 0.02475653975379366
0 0.21924874942619754 0.08281532283739126 0.029595689490124144 0.04077885274491133
0 0.23086805576859853 0.144623709287891 0.03195737964160261 0.03991600056851424
0 0.30120020274145476 0.06359580270156645 0.030223514205647506 0.030593172689073078
0 0.3021569570961562 0.09991055171933111 0.035375428977823864 0.016240382030440648
0 0.3097804738536074 0.2046649461051102 0.032096923107125974 0.029707578447955463
0 0.30020431561348326 0.2439200805137427 0.037557717614518094 0.02509767072460245
0 0.2573156040568895 0.3370092143538609 0.03596331505786521 0.02940123371572012
0 0.248746042879598 0.41797293359497856 0.05100034839160261 0.04080294109261695
0 0.1768789983722059 0.40972429551633266 0.04397502471794801 0.056041325992367
0 0.18997345546836208 0.573550023261244 0.049296356346037795 0.03780502739845515
0 0.30600466910869323 0.4730845274997717 0.04416441089160261 0.04048455218652869
0 0.34286523349914266 0.5679274928893445 0.03479728579798924 0.06874733638323471
0 0.4121807987502959 0.43930888440581417 0.034877082482732025 0.045889085892117265
0 0.379993771954672 0.34125262884872665 0.04512108466008291 0.028368489195411017
0 0.39535957375514497 0.3091290787814617 0.044473371213039625 0.02639262213069049
0 0.40178646258633943 0.16434766606953533 0.03601307717977509 0.04788769502155832
0 0.38186645558015975 0.12616941402766801 0.038873033240124144 0.04121095197460234
0 0.3723998868289474 0.15807758762157992 0.03192750625121232 0.033591086383234825
0 0.37664464819589005 0.07005051023325642 0.030552363258604442 0.02866278975379366
0 0.3775814332328504 0.09460102512157992 0.020547589963039625 0.025278260959382015
0 0.356201171875 0.01123046875 0.02880859375 0.0224609375
0 0.48876953125 0.098876953125 0.0224609375 0.04248046875
0 0.4809382707255767 0.29350946391340155 0.019720475001212323 0.033022534765220324
0 0.5498655624878771 0.1291846122815986 0.05175757074133647 0.07391509783373462
0 0.9537246436357778 0.3455201316912979 0.03574397490759895 0.062467906327396516
0 0.897705078125 0.0224609375 0.04638671875 0.044921875
0 0.28090271276750456 0.7359536988196267 0.04568908200860433 0.029367793760131655
0 0.3710352925987582 0.6945688880251694 0.03129968153568896 0.043776766439073134
0 0.01123046875 0.6806640625 0.0224609375 0.046875
0 0.015869140625 0.79150390625 0.03173828125 0.048828125
0 0.49609375 0.657470703125 0.0078125 0.05517578125
0 0.4619140625 0.990234375 0.0546875 0.01953125
0 0.2265625 0.635009765625 0.046875 0.01025390625
0 0.2848984217662331 0.6689909413754649 0.04872835899751626 0.03680572283373462
0 0.38037109375 0.640869140625 0.0380859375 0.02197265625
0 0.5818935600175636 0.7137736714211714 0.04893755331646954 0.05724530913957282
0 0.6770886762084862 0.7784943884388904 0.05321251041868713 0.055985143972058005
0 0.7139792751617684 0.9150004545315074 0.04186238693468358 0.07783204572460245
0 0.565185546875 0.97998046875 0.04736328125 0.0400390625