0 0.05908203125 0.005859375 0.0302734375 0.01171875
0 0.3824572917080946 0.019179459905013758 0.043207380002784124 0.032356121347839384
0 0.472727166713066 0.07848799772322342 0.043077043756959865 0.07331478758252293
0 0.4017165058829806 0.10207305965370199 0.028718029171306725 0.048876525055015385
0 0.4079167808869577 0.14181906483749826 0.038523425838437264 0.054572992028009214
0 0.72509765625 0.024739583333333332 0.0380859375 0.049479166666666664
0 0.7022939000586621 0.15723688984498355 0.03210758958764193 0.04602002807889649
0 0.7292356200767578 0.33793312064143405 0.033271647089829326 0.06761832060952926
0 0.8961866675534919 0.12912522844089355 0.030648427504374798 0.04650019344961409
0 0.9122224580034335 0.45748603177110186 0.026447072923295067 0.0681229812284337
0 0.7941663471713596 0.4560718022312103 0.03058024750357946 0.03868769344961424
0 0.1653586041931806 0.7585869008802457 0.08430857209281206 0.10283890720243034
0 0.6085816191915898 0.7946804597874978 0.0680248408408235 0.08142801794699055
0 0.607177734375 0.9778645833333334 0.05224609375 0.044270833333333336
0 0.418701171875 0.9703776041666666 0.08935546875 0.059244791666666664
0 0.2448568570973857 0.6455892638241113 0.08562001084102233 0.08543165849837941
0 0.4291611575280385 0.8043185924844117 0.12402412167806753 0.12633277552638855
0 0.047750318765908406 0.6408070893029698 0.0948519012571587 0.08130554170605686
0 0.701986405877015 0.5998203851719507 0.0445873408408235 0.07869399721180532
0 0.8283717062927538 0.6054581220555537 0.0501686562599426 0.1034090852969521
0 0.8351411742371274 0.8781061676100675 0.0514232783408235 0.0794914199262345
0 0.9643996875745704 0.9335078649869192 0.043900543344204124 0.11178320468117271
0 0.977294921875 0.8450520833333334 0.04541015625 0.06901041666666667