0 0.12969369223674065 0.09538175235847435 0.04937404712419702 0.04584013954863919
0 0.08288933100913659 0.22283883395987636 0.06401234452141935 0.10872374294826814
0 0.020263671875 0.446533203125 0.04052734375 0.05029296875
0 0.015869140625 0.490966796875 0.03173828125 0.03173828125
0 0.040994186334418925 0.540251529344598 0.05194046696888022 0.051282270965236965
0 0.0901880285286682 0.6622067137599589 0.04278854507005214 0.07736530779884543
0 0.2485526449695749 0.21253267653853625 0.055677876911176316 0.12799925734851558
0 0.2273040744912762 0.07528824780571153 0.04837516313619794 0.0658170481986804
0 0.2392578125 0.02392578125 0.0654296875 0.0478515625
0 0.3631136347117623 0.040203857135196114 0.03987022244229599 0.07776834384892783
0 0.316412373847331 0.21401924241995895 0.04783046578146699 0.0843433206320412
0 0.3705576260315324 0.36002807588519614 0.04157332025292959 0.06708298648220623
0 0.35004089819822104 0.48483439553585583 0.0737321017759549 0.08607288239797928
0 0.4033203125 0.5859375 0.033203125 0.0810546875
0 0.28515625 0.70703125 0.0712890625 0.0458984375
0 0.4462890625 0.286376953125 0.052734375 0.08056640625
0 0.5483597820085073 0.4479335545737115 0.06082085670332038 0.07642614278167015
0 0.8620109001570535 0.674197871881691 0.036440480563563415 0.05619872364901024
0 0.8286888191002608 0.3955844262991137 0.0193502285570748 0.03471957376614432
0 0.7684946633963111 0.4299412971341652 0.0463311191582465 0.061853968065402
0 0.7158844854780169 0.3918142048522889 0.052360558985416805 0.048366790998556786
0 0.48388671875 0.984375 0.037109375 0.03125
0 0.5493310371741538 0.8409918000704126 0.05865139087419702 0.04611008268171135
0 0.5737329182889324 0.7992501230530311 0.034055490418294365 0.037587206015731955
0 0.6386962377704428 0.7601525150511755 0.05823129885766054 0.04902556264839181
0 0.6136153221164499 0.9194705205853199 0.06273947883009989 0.05403624294826814
0 0.621621841457574 0.969962394801794 0.058549107024001845 0.04171555143171135
0 0.760383818922548 0.9359398118311961 0.036883302324587586 0.05425980618232995
0 0.9638671875 0.748291015625 0.033203125 0.03662109375