0 0.3355429519478641 0.21281083840248302 0.03258108392764647 0.040854166089164534
0 0.37599937693773244 0.1718280127041864 0.02867483392764647 0.04062665293498491
0 0.3077430143704675 0.18051340586177056 0.03137710078044065 0.03591447530061964
0 0.2061416892829393 0.10057838786300755 0.040358797689073134 0.03010716279179626
0 0.179088200992367 0.02157659018792981 0.061094030836278845 0.03618441935123924
0 0.11208399826771898 0.07805666755696905 0.037486638492367 0.04162683878188905
0 0.13097315769661477 0.15950468727941508 0.05525739790099948 0.036331430869969816
0 0.15169372647700974 0.2907289553575887 0.06207193961926383 0.05718051310123928
0 0.25635849888689155 0.3318858647990762 0.046207474798205306 0.0406738996287932
0 0.27321291666478786 0.38010232037724984 0.03398974565733748 0.05018838812770943
0 0.30057409597058043 0.4761655226580551 0.031173768480940334 0.05245915951207469
0 0.27403701612666853 0.4814373072230702 0.03259312810149928 0.05156791444489217
0 0.419677734375 0.353271484375 0.02001953125 0.03369140625
0 0.026123046875 0.496826171875 0.05224609375 0.02587890625
0 0.01416015625 0.408447265625 0.0283203125 0.03857421875
0 0.022216796875 0.108642578125 0.04443359375 0.05322265625
0 0.083984375 0.00341796875 0.0517578125 0.0068359375
0 0.21099913952526067 0.23623525793019018 0.04187047185149917 0.05210825818606868
0 0.13050507069138917 0.47356448005696905 0.05586073575758732 0.0597404917256974
0 0.0751700949883451 0.46693288800418187 0.049863562086278845 0.03553031903297277
0 0.5100653830633343 0.072742452095514 0.038669225857837164 0.067017463781889
0 0.5496629947257604 0.09696180074303773 0.04414063947460234 0.03811873680170341
0 0.6809865626280549 0.08318443384087248 0.059653275433984465 0.05752659862987697
0 0.7526248337967734 0.22029606042338112 0.06582034144920468 0.07492927296687402
0 0.4994932326532699 0.4207876741605291 0.04706097536671949 0.06945405423452078
0 0.7737026165707847 0.4323759419916475 0.049625443548205306 0.04087297363870035
0 0.9921875 0.26708984375 0.015625 0.06640625
0 0.049788821596227884 0.8386770932029495 0.041984182175101914 0.05454966443606868
0 0.1284930711051102 0.8452089204308143 0.03981568070174912 0.060266843714706475
0 0.08041812680685934 0.9003567181764792 0.03745319853677875 0.05136402463761658
0 0.18914153988184856 0.6627238414175026 0.04539010675124944 0.04403499009024836
0 0.16357421875 0.5283203125 0.0341796875 0.037109375
0 0.07202757883493827 0.563380961590566 0.034171682175102136 0.05409463812770943
0 0.26045610938555086 0.8869818594515593 0.02445154130454341 0.05450241774226039
0 0.323224975313243 0.8336637985340679 0.05503132353677875 0.05238783383142498
0 0.2641803504947744 0.7055639318083706 0.03935949312435261 0.029562003253251312
0 0.1376953125 0.981201171875 0.046875 0.03759765625
0 0.6651636878335063 0.7966014108298816 0.03284329081342552 0.05693900819489217
0 0.5106969204895944 0.794422139595514 0.036271957454293347 0.04691261509907152
0 0.499267578125 0.53271484375 0.03857421875 0.0458984375
0 0.439697265625 0.65185546875 0.02001953125 0.0419921875
0 0.439453125 0.961669921875 0.01953125 0.02392578125
0 0.955114474640594 0.8534195684506287 0.0530568027550431 0.07272501146579025
0 0.990234375 0.74951171875 0.01953125 0.04296875
0 0.7390305365988179 0.6260862183176537 0.03120855471951378 0.06366118911780227
0 0.995361328125 0.967041015625 0.00927734375 0.04931640625