0 0.3386455393365232 0.20244180865558115 0.041561955380685855 0.06776169733034121
0 0.2905800855463323 0.10380945179551848 0.03682647796336802 0.05285730753188911
0 0.8938570482292099 0.09952958840248302 0.03192093571888033 0.051596353589164534
0 0.9463990369140407 0.06885273144536302 0.045808335035026126 0.04070233877306567
0 0.7227893624150172 0.03382650797430717 0.03381723635766065 0.04926870391625432
0 0.5255655225955943 0.20960476473668832 0.04477535643029518 0.05917170884024836
0 0.98876953125 0.181640625 0.0224609375 0.0615234375
0 0.977783203125 0.370361328125 0.04443359375 0.06298828125
0 0.8298398046299257 0.45517424470542345 0.03311343079151485 0.06093057562770943
0 0.8018259354240229 0.4613657134818936 0.036167723629709325 0.04550464963761658
0 0.8868193345147998 0.5489474124123902 0.05591490620234385 0.05591955915851465
0 0.8225926904467008 0.5774768861569713 0.04227753407556434 0.07755576147461363
0 0.44873046875 0.76806640625 0.0419921875 0.0732421875
0 0.23128817926158818 0.7897719154450566 0.024891795390733495 0.042897424319350286
0 0.20658877018602384 0.8636305881642514 0.03358993891278206 0.039503078916254264
0 0.1680153679490013 0.8193348299781826 0.02907039406809897 0.033876032867802275
0 0.13658271348012108 0.8673762905332906 0.041005076640733495 0.04383591608034121
0 0.5661326102437277 0.9244462365370014 0.04086910643029518 0.05894419568606857
0 0.6572488176785585 0.8960160719774053 0.025573279468880217 0.051226644713622704
0 0.6787109375 0.989501953125 0.046875 0.02099609375
0 0.773193359375 0.97265625 0.03466796875 0.0546875
0 0.87255859375 0.989990234375 0.0380859375 0.02001953125
0 0.8340524979240229 0.8833333843097608 0.04123237408561198 0.053601541080340986
0 0.8441720669895395 0.78466731686812 0.02591422563619794 0.0658750822136227
0 0.8154296875 0.724609375 0.037109375 0.029296875
0 0.7478893335050995 0.8039955883407193 0.04300406938619794 0.06687045226315846
0 0.9804585435877817 0.8322094976586792 0.0348847178356122 0.05323183220479932
0 0.9777890233799258 0.8838819927258619 0.027924174997417506 0.06843024504071238
0 0.96862369532641 0.9625569680617752 0.04495719438619794 0.06698420884024836