0 0.06916753618509675 0.1064928987939383 0.044675751137028374 0.061044979736428084
0 0.036376953125 0.014404296875 0.05419921875 0.02880859375
0 0.17929040412791797 0.26724669718796545 0.06059505169541124 0.04775171591129501
0 0.314697265625 0.176513671875 0.02978515625 0.05029296875
0 0.24501701237925855 0.12230664027782356 0.05107958940733748 0.05232564867607925
0 0.32177734375 0.139404296875 0.015625 0.06005859375
0 0.07742425196165248 0.30465537019541666 0.040586218336278845 0.03590348769086349
0 0.8463051889466148 0.21111432275570646 0.03443119649491133 0.029077534849733855
0 0.698833553555747 0.2092912400796864 0.020225556115470278 0.026945088921170868
0 0.4222295938006583 0.2129791975502956 0.035556255557087635 0.04278926789899462
0 0.36877420414452455 0.2976314164875221 0.02013458785658795 0.024991963921170868
0 0.29099182614434194 0.8008592737878768 0.043539994183984465 0.05754729488790655
0 0.060302734375 0.990234375 0.04931640625 0.01953125
0 0.367919921875 0.63427734375 0.07666015625 0.048828125
0 0.6176437599504084 0.5078207923482257 0.0643661955900725 0.06605727045685983
0 0.5650873549922301 0.6222183094861915 0.04909302445174912 0.06189198342977531
0 0.6900043920582456 0.5784220415932583 0.03847524516621981 0.05324246439529867
0 0.8803659257370957 0.7700469064675338 0.07123557304566086 0.05688951619577165
0 0.8997994760632886 0.6651062151805733 0.055064763492366886 0.043895308619426365
0 0.983642578125 0.79541015625 0.03271484375 0.052734375
0 0.5361328125 0.978759765625 0.033203125 0.04248046875
0 0.44598697373575513 0.8848941361857776 0.05920913203044065 0.0388829373127737
0 0.8910291167790543 0.6021279185894439 0.052512339484734216 0.08308736742607925
0 0.7660651769276008 0.44648617691833214 0.05846268274361632 0.08551878901720872