0 0.007568359375 0.014892578125 0.01513671875 0.02978515625
0 0.230712890625 0.0234375 0.03955078125 0.046875
0 0.3505859375 0.0068359375 0.0283203125 0.013671875
0 0.301025390625 0.0185546875 0.02685546875 0.037109375
0 0.27626585951332305 0.09847786433090222 0.033890024619969816 0.054964381487577096
0 0.2692872706520234 0.1467273455571172 0.019222779570434056 0.037317451520876066
0 0.09718521313778117 0.09941212077063577 0.03495190455278707 0.05646901711019847
0 0.12221003377973283 0.18453388738189513 0.03642156410015551 0.048247819605441666
0 0.3031917426640982 0.1742228075106078 0.028514115072601598 0.06302641150184818
0 0.40366437922694565 0.11775877526272938 0.032022217052787294 0.056349641492334124
0 0.6758720982681177 0.14205427119876668 0.039232679225697176 0.05469495553699533
0 0.6797962445377789 0.25984942806663125 0.054872126617802275 0.030488969557871393
0 0.8418448367317404 0.15976340316204485 0.052245638110062664 0.05230245831738545
0 0.5540148515301925 0.17589653683538575 0.04774698187770943 0.03360849926321019
0 0.4814836426370038 0.1910879585319979 0.048240078925077756 0.025347509885831787
0 0.7826302413551147 0.14308805083302378 0.052245638110062664 0.05230245831738545
0 0.014404296875 0.4365234375 0.02880859375 0.0439453125
0 0.03807975478281961 0.4688545080568437 0.031145419377709427 0.03293203742864481
0 0.17220618249659547 0.37675838495828073 0.03372902134907174 0.03547292336019858
0 0.24490757061548152 0.41490899512953305 0.04084453449442793 0.0489151642822383
0 0.2919921875 0.369873046875 0.033203125 0.04052734375
0 0.37744140625 0.35791015625 0.046875 0.0166015625
0 0.4028783666639335 0.4128771389511617 0.05445953120588287 0.04849568799893922
0 0.3153425475074332 0.4981804396638929 0.05527463479504746 0.07921761487631773
0 0.24996010670124158 0.5184644120021547 0.03894828778297299 0.04981214303699533
0 0.18809012803266634 0.573844946531484 0.04305842759024836 0.045108393963792015
0 0.16880038293901362 0.6039973467928461 0.03470076805170341 0.04379360054650938
0 0.10503506883885816 0.5596093388316895 0.0332595476486075 0.05250307930126635
0 0.08538524646440004 0.5667727284704303 0.029068906205883094 0.04746109931078035
0 0.096923828125 0.987548828125 0.05126953125 0.02490234375
0 0.2824818629165722 0.9003708160896289 0.041683717070434056 0.038232664591170584
0 0.3077688185741563 0.8303294036609841 0.05985906410015529 0.04920282454835734
0 0.3001418564718332 0.7582030502151593 0.0557204851486075 0.053418292371560705
0 0.2163613712791086 0.7567224428242971 0.05699107068606857 0.04177912611680368
0 0.252409777626166 0.6529606110515728 0.0358147104756974 0.05455568398282007
0 0.05571247987167771 0.7211765386889792 0.047102057514242235 0.05598985301796722
0 0.443115234375 0.5595703125 0.01318359375 0.03515625
0 0.43603515625 0.59130859375 0.02734375 0.0361328125
0 0.431396484375 0.631591796875 0.03662109375 0.03759765625
0 0.3985244437506241 0.6406441739083486 0.04074522530944291 0.022119383341170584
0 0.5262318895337501 0.6043554736464396 0.05287611508142487 0.054763760503696246
0 0.4761707940953608 0.6524026722680003 0.03981590950325131 0.03961792459592761
0 0.4619140625 0.756591796875 0.0244140625 0.03271484375
0 0.4909403415675004 0.8891792866453788 0.03550187988870035 0.04918459023282007
0 0.6499035144278694 0.7109085739318602 0.032150421021981845 0.03346011055126641
0 0.7171170589820468 0.5539962141173836 0.030254174310526682 0.034357089306023325
0 0.6773635586026407 0.95548857115147 0.02872282067724541 0.049882609624469554
0 0.5597398398438174 0.9695807314886709 0.03180915129071238 0.027600735551266187