0 0.11964632866013433 0.1782463587992874 0.05039647736966152 0.06766688622123807
0 0.16259765625 0.015380859375 0.0478515625 0.03076171875
0 0.22628729352721344 0.04457125133831208 0.044059777735416694 0.04712498487468947
0 0.290771484375 0.01318359375 0.03857421875 0.0263671875
0 0.00732421875 0.171875 0.0146484375 0.0400390625
0 0.49648539668120634 0.2358301085537977 0.020281739824587697 0.05333344500128279
0 0.6313407158896915 0.2957047054860519 0.029888256613172848 0.046554322245530466
0 0.594198471042426 0.23395684974627384 0.0388814785570748 0.034401265002565684
0 0.753357061823893 0.15186375462866036 0.0173971035570748 0.03427627256522092
0 0.49560342746755637 0.04292776669446155 0.04111831710668401 0.025626406188627604
0 0.05690195075216964 0.7607264452788436 0.01919112034565973 0.027451698014070658
0 0.13943121384845863 0.8447139865665854 0.021030596623220488 0.02258024846292006
0 0.07017319742821115 0.9248883710812769 0.02651533909565984 0.02749430907225614
0 0.005859375 0.94091796875 0.01171875 0.03125
0 0.3879111787631939 0.7646055901088376 0.0271627285570748 0.03433308730946849
0 0.3023231320073345 0.8959614430199452 0.025300522535026015 0.038227974360618866
0 0.421875 0.70703125 0.0244140625 0.05859375
0 0.4358970784476774 0.7787155005230504 0.03761024589171014 0.06368677705371617