0 0.09437021307042859 0.2836973182117588 0.04611756366652453 0.05827030827522547
0 0.1791106620350379 0.19643005573932415 0.036658765979715735 0.08079730291137777
0 0.310791015625 0.048177083333333336 0.03173828125 0.09635416666666667
0 0.33117809633950657 0.30642811495173444 0.036051162996808106 0.071637194309852
0 0.4267874685493649 0.32251252585077617 0.051795484729715735 0.08220858622534181
0 0.506591796875 0.08138020833333333 0.01318359375 0.061197916666666664
0 0.5719579421185135 0.12884461029859473 0.05808348011326192 0.07824312304517633
0 0.5874245857870236 0.0677103683443665 0.04001707386326192 0.07655868812205775
0 0.78125 0.025065104166666668 0.046875 0.050130208333333336
0 0.6642125867508534 0.06509221045057163 0.033842348569148584 0.05192384323708247
0 0.6891553274683018 0.28839027573753784 0.0756445591514181 0.078579949366769
0 0.5779770358188696 0.3412526067927244 0.0731605379968081 0.07509711469247371
0 0.7557708182850379 0.09188012753740749 0.02899967963631145 0.09178764862029946
0 0.8261734907691518 0.16623515002682968 0.07810301136326192 0.0801096590410643
0 0.838932297841919 0.3492870583407939 0.05123049665141788 0.07630368595714938
0 0.903399997466316 0.3168394101406635 0.04955010704092144 0.09695491821771333
0 0.970703125 0.3694661458333333 0.02734375 0.041015625
0 0.869384765625 0.035481770833333336 0.03369140625 0.07096354166666667
0 0.11481947367255552 0.5085855196138057 0.036778087712623475 0.0899118862447111
0 0.15301015828106634 0.5414788908010045 0.04310264635730465 0.05148673999940456
0 0.2857093881916335 0.5251704051478088 0.05807495713234001 0.07759208137850966
0 0.3488123018999326 0.7090051660855891 0.0637443552146093 0.10087931766195919
0 0.08154296875 0.9625651041666666 0.044921875 0.07486979166666667
0 0.356201171875 0.9820963541666666 0.04833984375 0.035807291666666664
0 0.7169299157890094 0.4663347342645637 0.04754831549283667 0.05580271741313606
0 0.507568359375 0.7942708333333334 0.01513671875 0.0390625
0 0.8760917017588701 0.8559801827105399 0.04958667030205621 0.06249523515257227