0 0.617431640625 0.25390625 0.06494140625 0.11067708333333333
0 0.47848697080910985 0.2953330571358752 0.081779429171281 0.09755110445840846
0 0.339260670011998 0.11311093882613925 0.08432707337232392 0.10995119834765088
0 0.27062474118678587 0.189752954394775 0.05906235878668342 0.06141806389905261
0 0.1581053323528068 0.31919798108291797 0.08100953356289237 0.09168415390276448
0 0.3607988230608632 0.28673452382375303 0.08010210951919539 0.07280394556943115
0 0.9447592135416678 0.1617496749350408 0.045209298368863116 0.03713255778564347
0 0.664794921875 0.11067708333333333 0.02978515625 0.059895833333333336
0 0.677490234375 0.2568359375 0.05517578125 0.06315104166666667
0 0.873779296875 0.018880208333333332 0.04638671875 0.037760416666666664
0 0.9390075734473062 0.07257969326863933 0.048120061882844345 0.0469360605638632
0 0.495849609375 0.4065755208333333 0.04931640625 0.033203125
0 0.29654580746470227 0.74899728994273 0.03977562365033238 0.03574714334022685
0 0.23684958455034288 0.7981364688428431 0.031287099494739845 0.03171210889428
0 0.13676860685446826 0.9423736405288649 0.024932885756967615 0.05178076722628747
0 0.28157641067968037 0.8645498382797752 0.03160000433739396 0.038222525560946664
0 0.8228213689437994 0.6308819232044756 0.027318268526209 0.030349421115795156
0 0.8421262795888715 0.6970381798682257 0.02841343547549835 0.05313587944912849