0 0.2292255544134768 0.20721120950663813 0.03463469064624569 0.041900163355441555
0 0.13453267827371984 0.1915198752146124 0.032375122352148455 0.049613183673887784
0 0.1533203125 0.312255859375 0.0361328125 0.03466796875
0 0.306839543418989 0.2030711931332293 0.03648553179605041 0.03758521585068464
0 0.34386977256977014 0.21915712290992329 0.031114846302539245 0.0583425583649555
0 0.392333984375 0.12158203125 0.01513671875 0.0439453125
0 0.29620977987196206 0.14534374717313353 0.03488430957912314 0.031666153041752354
0 0.249267578125 0.0078125 0.02978515625 0.015625
0 0.97265625 0.013671875 0.0517578125 0.02734375
0 0.7054045065526046 0.050228383104687246 0.04449123462419702 0.04620433208165653
0 0.659665993776997 0.10096651799051903 0.048703927918294365 0.03857089550845316
0 0.8604851494809466 0.05661668379418039 0.047647811312586885 0.03511313488583179
0 0.9147980169533858 0.0592910473636874 0.03806361601200092 0.02155151834592761
0 0.8522318690023659 0.16398798814301685 0.048738022535026015 0.04003573925845316
0 0.7921610938671446 0.12391492768661722 0.046625789323611055 0.0331202180132103
0 0.7306388811366107 0.18946978472070364 0.05727705784565984 0.02965167861204665
0 0.8207217017102219 0.2170788283758368 0.04639890013522141 0.0443307908268995
0 0.9407252404877826 0.207301615543393 0.06176291633009989 0.054713189852532595
0 0.656982421875 0.005126953125 0.02978515625 0.01025390625
0 0.405029296875 0.207763671875 0.01025390625 0.02880859375
0 0.42897362064051703 0.28973568210598843 0.05257608330156255 0.03726521924893911
0 0.51171875 0.013427734375 0.029296875 0.02685546875
0 0.1330552448820097 0.5055063200346663 0.03272702513522141 0.04377370461019858
0 0.08214694000488287 0.3971244552294303 0.03656508590175789 0.041003184600684556
0 0.07878661212907989 0.44173711240622704 0.04189072016278228 0.03926891490010276
0 0.27789457120206196 0.5758486856956173 0.017681225363172626 0.04706318058456538
0 0.1036256657234812 0.6899846083901079 0.039699341102148455 0.04991162271854899
0 0.02639767411777383 0.689710197577206 0.032795214368685155 0.04670339211019858
0 0.502516535843772 0.474787629372895 0.037519735170247426 0.08201880960068464
0 0.966643890635916 0.4040689895687527 0.0369060320690755 0.05565162210068464
0 0.932602214628798 0.49538503885574803 0.025913817379709325 0.04447172400184818
0 0.7090262264900177 0.5069387839360704 0.03989213567380645 0.037236206154859786
0 0.7099240513972878 0.5455130026860703 0.03841592705156249 0.03668823709592761
0 0.6897462284488503 0.5815247779474324 0.027287742151757888 0.04062516181078035
0 0.6211149130279735 0.6146234384035586 0.044741261813563415 0.05694651958165653
0 0.591488048476411 0.5806410486458926 0.044525329240928835 0.04766917583165653
0 0.6515714132533426 0.6842503594112246 0.04019898722439241 0.0504197999048599
0 0.6840277227371534 0.8187987907325796 0.046308797670247426 0.08237693645427813
0 0.496348334320183 0.944722268393771 0.05743698257005214 0.07844001173942505
0 0.7294921875 0.99267578125 0.0302734375 0.0146484375
0 0.8268579162089633 0.9288113132613951 0.03473779100941843 0.08824709023282007
0 0.8938072305377394 0.823447027805269 0.032749754879709325 0.04475026711019847
0 0.9294635349164719 0.8434988953908953 0.03452104192380645 0.037017350855441666
0 0.9545140302621318 0.8698478485753578 0.04410523722439241 0.05057896739534584
0 0.969433591670031 0.7969057617407924 0.029456799724392413 0.049982089306023436
0 0.9129878025241326 0.891578430348082 0.033113022535026015 0.03939906929650938
0 0.8985447492375007 0.942996350310026 0.02356333010766054 0.048278494320294296