0 0.03553997968018652 0.36223289026757843 0.03547292336019847 0.0325338223070748
0 0.101318359375 0.3681640625 0.04736328125 0.04296875
0 0.10556068711861882 0.26093300709865486 0.06947188581262853 0.052837883619661685
0 0.2175743911109529 0.29232142684802565 0.06597599493815887 0.026902153008441898
0 0.2635200760205697 0.33046500522222266 0.05568063519476407 0.049589979696831765
0 0.229248046875 0.37841796875 0.06005859375 0.0224609375
0 0.37904794871588066 0.12485558902217941 0.05546923543234117 0.08031760383009989
0 0.329833984375 0.009765625 0.05322265625 0.01953125
0 0.8729282649230674 0.35384363957855947 0.02785026556553749 0.025039130473415883
0 0.8162893450568107 0.041297363576606294 0.026913494938158866 0.025992963228927968
0 0.6816977986212873 0.11426434460381973 0.04172109992864481 0.03024015939624569
0 0.99169921875 0.110595703125 0.0166015625 0.03369140625
0 0.99267578125 0.082275390625 0.0146484375 0.02099609375
0 0.31569902642464215 0.9097986979355255 0.023864431820294407 0.022995086495464445
0 0.32888347274151375 0.7544915740752823 0.02953396461495561 0.030444318840147533
0 0.40496997008004887 0.6943095997565542 0.02670375679650938 0.03281753585668401
0 0.32642553730971957 0.41881546613689263 0.025298600855441555 0.03424828498995228
0 0.3329911962922662 0.5799482786368926 0.02882682806553738 0.025061860217903686
0 0.37979240646324514 0.6390879507610897 0.02882682806553738 0.025061860217903686
0 0.3455695603361071 0.9724468495311852 0.023665472457186976 0.018112273995464445
0 0.3757709131408292 0.7199721651774309 0.022050578374469554 0.026367595756488726
0 0.432373046875 0.68701171875 0.01513671875 0.01953125
0 0.3571557287779952 0.5863645323768449 0.019140786810780352 0.026787687773025204
0 0.370166905584292 0.4866646466553822 0.02150260931553727 0.024891387134244825
0 0.4836876723609529 0.8453873581161024 0.06501766675369625 0.05127075601946629
0 0.5107363065578384 0.790893469200738 0.06264672709117053 0.04097139028049046
0 0.5296325917296377 0.46449511326883697 0.05054995430126635 0.03142128959663637
0 0.512451171875 0.404296875 0.04638671875 0.029296875
0 0.5876758149700907 0.9312246155483509 0.059986465541752354 0.035543472169270895