0 0.12646484375 0.4921875 0.0673828125 0.03515625
0 0.40576171875 0.3550538544816524 0.05224609375 0.07970950084042583
0 0.36181640625 0.22958864198761808 0.05126953125 0.043077043756959865
0 0.44775390625 0.14948710614261856 0.044921875 0.057651619589431546
0 0.46533203125 0.08336459739023233 0.05029296875 0.05478443042349401
0 0.33740234375 0.06434538157426561 0.04638671875 0.06255147708963038
0 0.22021484375 0.08328710659017396 0.0439453125 0.07033556875596564
0 0.17333984375 0.17025832784653733 0.03369140625 0.05849750375457363
0 0.137939453125 0.0244140625 0.03369140625 0.048828125
0 0.671875 0.21578451205443316 0.1044921875 0.07055181418085166
0 0.8251953125 0.23011374995028638 0.05029296875 0.06650318042349401
0 0.8203125 0.3034127541176159 0.06005859375 0.03194884500815309
0 0.7470703125 0.33453844162755864 0.072265625 0.04283307417647686
0 0.910400390625 0.49365234375 0.04931640625 0.0322265625
0 0.72412109375 0.487548828125 0.07421875 0.04443359375
0 0.66259765625 0.43903699497235915 0.04052734375 0.029280172088835155
0 0.613037109375 0.501953125 0.05712890625 0.015625
0 0.0537109375 0.8859400195685518 0.03125 0.036984720420908834
0 0.01708984375 0.8115234375 0.0341796875 0.02734375
0 0.0654296875 0.8364872533169609 0.04736328125 0.03766049667309623
0 0.21484375 0.5334791320466779 0.02587890625 0.035945659586846423
0 0.297119140625 0.51513671875 0.03271484375 0.0107421875
0 0.0654296875 0.6460575658169609 0.0439453125 0.040062131255965694
0 0.017333984375 0.532470703125 0.03466796875 0.03466796875
0 0.57373046875 0.7587809862100303 0.052734375 0.06653158875715892
0 0.673828125 0.8020498382797752 0.0517578125 0.06749678792369274
0 0.85205078125 0.6710697799222479 0.04345703125 0.0532400433392326
0 0.8720703125 0.97998046875 0.0498046875 0.0400390625
0 0.5576171875 0.5587731687122177 0.05419921875 0.046529102507357645
0 0.515869140625 0.71240234375 0.01220703125 0.0703125
0 0.68798828125 0.9566702261945196 0.04541015625 0.05326277000616453
0 0.7412109375 0.9457970182706279 0.04541015625 0.06351667625616453
0 0.728515625 0.537353515625 0.0302734375 0.05517578125