0 0.19873046875 0.346923828125 0.04052734375 0.109130859375
0 0.10498046875 0.54833984375 0.034912109375 0.08447265625
0 0.544921875 0.013916015625 0.0302734375 0.02783203125
0 0.5637874568907453 0.5037582708296118 0.029964396592341735 0.039963854812936184
0 0.6015625 0.020263671875 0.01953125 0.04052734375
0 0.82666015625 0.021728515625 0.029296875 0.04345703125
0 0.8358283940284152 0.08278394318344928 0.041105083998728364 0.06938703968353332
0 0.9058618070973685 0.06705628384365017 0.03164841932016538 0.054646436264080334
0 0.87298785349521 0.16297119233529128 0.03819528523024829 0.08132091932437902
0 0.8775121853105264 0.23989423426046574 0.019949638637906553 0.04217651933890587
0 0.8477969216726199 0.2790660858986739 0.04339704271055589 0.06177940339039911
0 0.9182288346479599 0.2343932570042977 0.054209042236428306 0.04554315841900647
0 0.9193550058585749 0.27473961506459627 0.03328267992607925 0.050876762068657544
0 0.9531163047206683 0.3183501803515625 0.02176322017238319 0.052498713491194504
0 0.9736340212933177 0.3016153881961899 0.012406160323861659 0.050873415919452936
0 0.9412782223315495 0.391182640437831 0.03828514716008291 0.02889383988467764
0 0.9251650216677707 0.4141182471046465 0.04537013702829684 0.05026551709726479
0 0.9143233099239505 0.4506813188863379 0.05074123077829684 0.05064110055985216
0 0.8792568412675636 0.47720226790967035 0.03634184564651077 0.07051044392209027
0 0.8536269873857778 0.45429411289558996 0.023497166194559327 0.03805513969806018
0 0.8291928749818156 0.4167375203815096 0.0379960755701656 0.05509030762895617
0 0.8362582984633946 0.504641757464694 0.0271044405319929 0.04656078465492586
0 0.9388376219437613 0.6316354912278812 0.02794145956646954 0.05681469090492608
0 0.9248471243083385 0.7067727817595726 0.01585400246425195 0.05742593587631872
0 0.8909962858612953 0.7063699741306164 0.0438554505701656 0.055500035042687745
0 0.8328111010127737 0.7032834064444455 0.03685009621425195 0.05889412577552333
0 0.8366671053735366 0.5778395350795698 0.05259467036203436 0.06145157596214057
0 0.7888252857737434 0.508199875654842 0.052694436364518094 0.026988470919006247
0 0.7490450185421645 0.4180079938449899 0.04553955388421049 0.04639341104840922
0 0.698881850357481 0.4911069132420036 0.032146685229035965 0.04885534916636902
0 0.7071024319916323 0.34828978058399357 0.028479583524600782 0.0515118850572146
0 0.7111777765026612 0.2562538979259835 0.045589316006120595 0.06484566669497627
0 0.7472209688314904 0.277925950914094 0.03169826202829684 0.049309486465224595
0 0.65387961456919 0.2964433758001114 0.0361923981083383 0.0627320878732347
0 0.6994385736675932 0.09927326286876892 0.0396103668583383 0.06297109553124475
0 0.634521484375 0.01318359375 0.03662109375 0.0263671875
0 0.592406825639533 0.5381700462028465 0.0209062318201656 0.05389526933890609
0 0.6255006029092847 0.6200372687455342 0.03531552102460078 0.0519899003732347
0 0.6120480680595508 0.6524892268203597 0.04580865615638674 0.03184740540184183
0 0.6566311093477234 0.6477496824233461 0.04267959782386166 0.05299034089039911
0 0.6967001258243349 0.668230043270611 0.020198691006120706 0.06307018123547303
0 0.7340287603883798 0.6801706152098657 0.029336491290597344 0.07390453465492586
0 0.7692046573612361 0.5981665893762347 0.05006356335464224 0.0661295247552749
0 0.7332611504486696 0.5873050117904127 0.023905731346037795 0.03711272114920461
0 0.552490234375 0.755126953125 0.04541015625 0.02880859375
0 0.282470703125 0.7802734375 0.04443359375 0.021484375
0 0.48994699572072753 0.8203265009096282 0.05999860521055589 0.06294029772930498
0 0.498779296875 0.985107421875 0.05126953125 0.02978515625
0 0.017578125 0.88720703125 0.03515625 0.0302734375
0 0.54052734375 0.983642578125 0.021484375 0.03271484375
0 0.7606230162833235 0.8126347559136474 0.03405995217977531 0.04850364372094612
0 0.9118108022685394 0.8133854678660895 0.04235074877090472 0.054909321939254796
0 0.8995342813375518 0.8915890217023579 0.036082808619426476 0.055442013074379015
0 0.8189980708228268 0.9758228977807141 0.06134395539899473 0.03778868038731509
0 0.712158203125 0.7783203125 0.04443359375 0.017578125
0 0.78662109375 0.78125 0.0439453125 0.0234375
0 0.9794921875 0.957763671875 0.041015625 0.04248046875
0 0.53466796875 0.8330078125 0.009765625 0.0234375