0 0.40869140625 0.0166015625 0.044921875 0.033203125
0 0.493408203125 0.018310546875 0.03271484375 0.03662109375
0 0.2646115513972877 0.25340321923498443 0.04312867472439241 0.051764504798409106
0 0.3156436450996315 0.30962027725170227 0.0486247820690755 0.057511182010996365
0 0.2981126126145621 0.3941920192059305 0.028049188592100815 0.07410939836179198
0 0.236328125 0.461669921875 0.0517578125 0.01611328125
0 0.053324189896658436 0.3492880123837845 0.039654698126150245 0.09100799048811048
0 0.017765678546745045 0.09915835636398262 0.02647069611966152 0.06912415400835892
0 0.39501953125 0.44580078125 0.0498046875 0.0478515625
0 0.46044846854646315 0.3733695363881242 0.028321129012977453 0.04390424876408039
0 0.495361328125 0.3740234375 0.02880859375 0.04296875
0 0.494873046875 0.22412109375 0.02978515625 0.0546875
0 0.37952770997445784 0.2477893167050374 0.034975636813563415 0.05753171387895617
0 0.7023826753051869 0.13876602215046024 0.0728233202529297 0.07090298561706665
0 0.640199258702062 0.064219672208568 0.07197136309112417 0.05524384166592233
0 0.6073427954602219 0.370013618214736 0.06573735556356342 0.05968278280104666
0 0.757080078125 0.462646484375 0.04638671875 0.01416015625
0 0.6240234375 0.465087890625 0.0556640625 0.00927734375
0 0.3037109375 0.477783203125 0.0546875 0.01611328125
0 0.30654364848415816 0.562371870238473 0.03602038854702716 0.0605296892812448
0 0.27783856335381973 0.627637757767527 0.03697381304605041 0.03865946488467764
0 0.2810755106608944 0.6619881650232484 0.04779555465175789 0.04282860055985205
0 0.20754797658533009 0.5817736917050375 0.06502177686868493 0.049883013849902236
0 0.1340691680506514 0.6712079417776721 0.05129348576395398 0.06744752676671784
0 0.08956534378474418 0.560361405729263 0.04488859689624569 0.04360029935298626
0 0.010009765625 0.619384765625 0.02001953125 0.05615234375
0 0.010009765625 0.75732421875 0.02001953125 0.033203125
0 0.09282910340119399 0.8053078734735415 0.05795854192380645 0.03963937353388225
0 0.4024176548243058 0.59735025321161 0.04438935903049046 0.06403982395069774
0 0.443967837076259 0.6441295136565862 0.04176611482458781 0.056056604194976156
0 0.4803604086119143 0.574038835595841 0.037928462314539946 0.07967508988467764
0 0.495361328125 0.66796875 0.02880859375 0.0693359375
0 0.5568273620337676 0.6612484014638849 0.04151608763522141 0.04531441669497627
0 0.6362370008538197 0.7428491646958274 0.04956724995234374 0.056114626163285
0 0.5408179976599179 0.7483639815215462 0.050157815052539134 0.0605433013644292
0 0.5797116576022139 0.8276190780585123 0.03245426820136721 0.032981075574379015
0 0.517333984375 0.840576171875 0.01513671875 0.07568359375
0 0.7009547839673398 0.9262822333877196 0.04367337207912325 0.03327810520069763
0 0.7607974451447053 0.9212045956284676 0.019225623218880328 0.05106801369233871
0 0.8229540494384552 0.7851548850818028 0.03158039780805133 0.058269268720946066
0 0.9173834922341582 0.6952356999083725 0.04148280953146699 0.08577347254268775
0 0.951171875 0.5048828125 0.0517578125 0.0703125
0 0.8533699229432726 0.5211141189176246 0.031478113957855935 0.05387473747094612
0 0.6843134112597657 0.6301891981148338 0.05578989260766065 0.05118740377816078
0 0.8590438519884118 0.9115001112596146 0.03427101473444005 0.02725827637895617
0 0.5503263131631949 0.9474358897829891 0.0648517120415148 0.06352074489875781
0 0.609375 0.98388671875 0.041015625 0.0322265625
0 0.6498565423139762 0.9719452368652803 0.03461196090175789 0.04190671387895617
0 0.737548828125 0.9873046875 0.03564453125 0.025390625
0 0.6897705912192931 0.9693739471091123 0.04402568311868493 0.04841482395069763
0 0.9647394911768016 0.907678879907926 0.05330302686868493 0.04906355902243931
0 0.8720098801398224 0.8192968549950876 0.04996502048088103 0.073204469913285
0 0.67919921875 0.477783203125 0.0302734375 0.01611328125