0 0.46192652919932764 0.24349163471345947 0.03440290829086079 0.048530173143229494
0 0.38876804173407786 0.20435844183367935 0.054989774273379366 0.036933574843361905
0 0.43484008160595167 0.1391358025996537 0.034846238372299054 0.061225485643229494
0 0.333984375 0.01611328125 0.0302734375 0.0322265625
0 0.28236301315221435 0.06627744017385451 0.03203435322100612 0.02264274468159233
0 0.6095192501011167 0.16080296143283435 0.023876183529206618 0.04065801766176946
0 0.7984406777345031 0.06056261722115641 0.01950955229078999 0.027451698014070658
0 0.6936539740136388 0.0807074664590306 0.018498887476833203 0.026469454039645512
0 0.5857717177752222 0.0681488348957544 0.02994481896517892 0.018725131732742817
0 0.994384765625 0.322265625 0.01123046875 0.041015625
0 0.8858290818278082 0.14356726343341464 0.021292165721006118 0.02258024846292006
0 0.8212597102292429 0.22452569141872314 0.02683377104078999 0.02749430907225614
0 0.7520152308165082 0.24153347934009362 0.02404049279661713 0.031383514648982036
0 0.5706148570661539 0.13758703893540014 0.02397849047107692 0.04358770516176946
0 0.553955078125 0.01220703125 0.03466796875 0.0244140625
0 0.6594789330658704 0.05306860533947255 0.020106342785033704 0.044541541764070436
0 0.376220703125 0.479248046875 0.04931640625 0.05908203125
0 0.2567554110601141 0.623621916901466 0.04874442496524978 0.0398263327596009
0 0.11149562856046852 0.7294688105012421 0.0354817777327312 0.051465542117654195
0 0.04517307859521874 0.6902958473004887 0.04009177172107692 0.043681449489778146
0 0.03348534010708565 0.7611790099296477 0.039767799738487486 0.034404105739778146
0 0.09324168028189983 0.8780426658874363 0.04190848746524978 0.03978656243862755
0 0.3816112644499655 0.7166645733355832 0.029758811988558342 0.05533770327110554
0 0.20486118930428698 0.6200167850459783 0.03043465596532058 0.060711637758318115
0 0.17260674749089722 0.787230550048544 0.05658017842460161 0.054517381317786606
0 0.6182447131290476 0.7029611246757176 0.049096296959422636 0.03592292349681325
0 0.5369745628907019 0.7112480277901851 0.0496419339827312 0.05154792349681325
0 0.6340883080658704 0.9328961416303195 0.04152251315711997 0.0427134092014152
0 0.6394825931806414 0.4859966461801871 0.03189329741294733 0.046562844457167574
0 0.789306640625 0.4755859375 0.03955078125 0.0517578125
0 0.7864180563145946 0.5540034442153225 0.03359685736064488 0.05340730416880474
0 0.7162962305416405 0.6437850235471796 0.059770279831508955 0.034032294715485634
0 0.58544921875 0.456298828125 0.0419921875 0.01318359375
0 0.66015625 0.45654296875 0.041015625 0.013671875
0 0.9024306236296146 0.8693106544646607 0.04218130597690406 0.04759906243862755
0 0.8759347435299153 0.6140418272543064 0.04337333121524978 0.03979508465026471