0 0.23876953125 0.020751953125 0.06640625 0.04150390625
0 0.11816503915158835 0.15959904317256068 0.037867526285176145 0.04945578854308097
0 0.010986328125 0.2265625 0.02197265625 0.0537109375
0 0.11453182547450635 0.2908171406159078 0.06331496602942377 0.06129403210464224
0 0.08823817159149877 0.22164055472672983 0.03941475141433515 0.06373551894086349
0 0.19728648681207506 0.15656000794231234 0.05990267875384858 0.061991588259816655
0 0.2341948205710549 0.2869112935470137 0.05157349013172474 0.05643118892238319
0 0.051025390625 0.469482421875 0.06591796875 0.02099609375
0 0.27785955118808814 0.403032691462064 0.05163314561318466 0.06668509517238319
0 0.2952914963881389 0.040598525741632294 0.03976951801535322 0.04082615824012417
0 0.6045279040991959 0.29380826720733316 0.039463043946945664 0.07203630019086338
0 0.4541015625 0.017333984375 0.0380859375 0.03466796875
0 0.04699528761450833 0.18592613086463639 0.04573115955499896 0.05888257983125367
0 0.12275493016818373 0.024883260880691968 0.05247619346420285 0.04381559252090478
0 0.5119640300518531 0.1694656429683621 0.04619671490729993 0.05501618788051449
0 0.346435546875 0.46484375 0.04638671875 0.0302734375
0 0.69084038141123 0.24364372905688958 0.060859356093361905 0.0586533356083383
0 0.831787109375 0.462158203125 0.06298828125 0.03564453125
0 0.0068359375 0.513671875 0.013671875 0.060546875
0 0.573486328125 0.48974609375 0.03857421875 0.01953125
0 0.611108500800611 0.5801103353908045 0.04531957820973309 0.0720263155319929
0 0.4486131110902567 0.6109611907946483 0.043809282664335036 0.06409424138421049
0 0.30315959814782145 0.7161404662736252 0.032082010452697984 0.061672804451951446
0 0.2753730186932195 0.7262248750814904 0.035409075611901875 0.04632681079677692
0 0.3627671657821118 0.8016496735630694 0.05499429961893709 0.057198476517208885
0 0.2994780919381289 0.8390577824669723 0.04096481728070667 0.0785035305886459
0 0.8659537326157911 0.5078946336851569 0.04567718554796363 0.04960523608125367
0 0.7646017727200368 0.6363421534806625 0.047065329393229494 0.036541216479035965
0 0.6709565544463654 0.5780370721394739 0.038827044361901875 0.04660581714160261
0 0.654296875 0.622802734375 0.029296875 0.03662109375
0 0.777183781282071 0.6997988272491427 0.08761539904092852 0.04375568456768186
0 0.9188304700269396 0.6120282599142521 0.04602342993734476 0.025231031630514433
0 0.9500687815275607 0.5234999867123007 0.034986131317786606 0.05751742149751626
0 0.9477078925710957 0.789443851106387 0.035962693817786606 0.05759713759603802
0 0.7411052683396357 0.7960498996937022 0.07155041032353893 0.05074115019207559
0 0.7206148258134395 0.8846778583119161 0.05787853532353893 0.04962512481277348
0 0.65185546875 0.8818359375 0.0244140625 0.076171875
0 0.9662259760378642 0.8656058220337377 0.03347015429796385 0.048608784849733855
0 0.9168470735691918 0.8588892975090776 0.031957018015353444 0.040188429451951446
0 0.9200210644694566 0.900642336713513 0.04168855416880479 0.03512621543716721