0 0.20047215430573206 0.07392834370327828 0.03702841772461363 0.04072903609207901
0 0.15124106548854943 0.07568010191172869 0.03013560193606868 0.039712703271105765
0 0.1376953125 0.01123046875 0.03515625 0.0224609375
0 0.438232421875 0.21533203125 0.02294921875 0.0546875
0 0.3817850456866928 0.1427213748451841 0.0239730279438084 0.017711639648981814
0 0.37142174301703396 0.182834296512706 0.02867075818606868 0.03970418105946849
0 0.3021050687065072 0.15002319324801455 0.02229947858916459 0.03088102971291995
0 0.33929448970201886 0.2098857761303603 0.03035829929288003 0.0519168937838933
0 0.3171284865193547 0.09767199222115647 0.038289371667338146 0.04561753006650382
0 0.29107940104365737 0.04458285062013834 0.027058902917338146 0.04555219311061909
0 0.22917135163607322 0.11381400639380973 0.022929955560526794 0.03332527670013241
0 0.21270716906006717 0.12465561969624306 0.031292430896440016 0.026052191219955168
0 0.1999120917351449 0.14817550107540212 0.03404666773343701 0.03143748865601714
0 0.17324079396300981 0.22697058950699445 0.03373865294380829 0.017768454393229494
0 0.10774505221966568 0.19267191659460392 0.03258182398343701 0.03142896644437998
0 0.10903398966672528 0.24834734204345343 0.03970215292616153 0.03635154926535322
0 0.12135868201130867 0.3425458529724801 0.03671558713761658 0.035357942342078896
0 0.18523775268855397 0.39101888582093247 0.03134930918498491 0.02702875371995539
0 0.29844813264784154 0.3639841250760232 0.0327476430517033 0.04265659445716752
0 0.3348027312247781 0.4766038088560679 0.0328613996287932 0.04460971945716752
0 0.37457184967415846 0.44657718994301554 0.038052226918421805 0.058307161092078896
0 0.38809716879536527 0.40204985186500697 0.0351890493017033 0.042670798143229494
0 0.3730558547128566 0.3366855013208918 0.03569177794380829 0.017779817342078896
0 0.33833582347168 0.32760700917575836 0.04048400157368526 0.07491724580371617
0 0.39846138274489884 0.26131690385093653 0.026025462128793198 0.044569949136194165
0 0.4351957774320513 0.3133669867332822 0.024821386474613627 0.04065801766176946
0 0.38118899433484077 0.526643951994166 0.03160526148343701 0.03142328496995517
0 0.09979243845604757 0.48383241919243525 0.06424396375541885 0.06382881391433504
0 0.06644757337462265 0.4312741698996029 0.03844119898343698 0.03146305529092852
0 0.04083607357756075 0.21797196355433723 0.02705890291733809 0.04555219311061909
0 0.1114483236922649 0.0969148175875687 0.04963359699442793 0.04763599202238855
0 0.08401033970264302 0.556702795668143 0.032804521340248305 0.04363315695716752
0 0.03724883688173811 0.06413212169500099 0.030690393069350175 0.024096225482742817
0 0.07920295364272906 0.08000678101916103 0.030182848629876968 0.05728514679668095
0 0.27229492218979096 0.2923346145005803 0.03970215292616153 0.036351549265353444
0 0.49764898637818034 0.32780553523009553 0.030647506532972768 0.048501765771105654
0 0.4667918629606891 0.3934369150721746 0.028694381532972768 0.04849040282225614
0 0.7609559683000068 0.31162025889819767 0.025513557531888997 0.035780886636194165
0 0.7536842676811208 0.2706330412703215 0.026319485166254264 0.03285688061061909
0 0.8449951396308075 0.018551757545234915 0.03473883879071238 0.026560357630441844
0 0.7965129039175026 0.5614981071980654 0.026039909520898075 0.01967612759783144
0 0.8064663450148664 0.2376000349525349 0.03350150819489217 0.030458085418804792
0 0.6976431429105291 0.029666407170586218 0.02052180425216754 0.025501413751282842
0 0.604156448604031 0.2695491818573099 0.002986565788544837 0.000993606923274326
0 0.6248537035192014 0.2894550836188147 0.02568900819489217 0.030412633623406626
0 0.5774383597780249 0.2804504506412033 0.025086970367802275 0.028456667886194276
0 0.37451171875 0.992919921875 0.05078125 0.01416015625
0 0.10400390625 0.984619140625 0.05078125 0.03076171875
0 0.06016388941022266 0.9147234151188963 0.045589967070433945 0.036873919361901875
0 0.440185546875 0.62353515625 0.01904296875 0.037109375
0 0.5714198040668762 0.6237500756265526 0.056540404535140365 0.07403442763172474
0 0.6442007825413366 0.7747451265517307 0.033226292706966754 0.05925531621995517
0 0.7944076922034091 0.6449213184321319 0.044191177563778106 0.0715220029514152
0 0.8511577136230679 0.6045385267294338 0.032458435811610675 0.04607172246995522
0 0.9768923155767835 0.6248102324902767 0.04564202956161045 0.046148422374689524
0 0.9046778417880853 0.73513087243147 0.033714573956966865 0.05925815695716752
0 0.8592011756548038 0.7510257424666461 0.050031745014242235 0.05447192952238855
0 0.8621102330455185 0.9351532255120443 0.04150826640743088 0.042219446476990274
0 0.9542969913904082 0.8071323088707186 0.0454665788986075 0.05151667538747717
0 0.99365234375 0.916015625 0.0126953125 0.0341796875