0 0.04149967830344348 0.2715055380279735 0.04244160344909287 0.033192576640733495
0 0.13077365915257755 0.3043242986541237 0.04161609869847416 0.055131138274001845
0 0.06726263480591776 0.1842740756181211 0.03917469244847416 0.05507431391278217
0 0.3572987616697527 0.29154255799754847 0.02453523736465968 0.07181184662322049
0 0.37792252391727854 0.37985368327057367 0.025133421582165028 0.04206078498995236
0 0.296142578125 0.006591796875 0.04345703125 0.01318359375
0 0.15260048277033011 0.2662842288995882 0.021573377498969037 0.03709841838424477
0 0.19016514499175274 0.09832766028480955 0.04583115713245345 0.032295568246440975
0 0.2704385936668663 0.3919904840046664 0.03926516276552583 0.041413803785026015
0 0.8799151603733816 0.35456330083832527 0.027992071415567032 0.03968756797341577
0 0.606201171875 0.403076171875 0.03564453125 0.03369140625
0 0.889404296875 0.40087890625 0.03955078125 0.0380859375
0 0.7394412181227631 0.37325150900983123 0.025550665165567032 0.039630743612196206
0 0.6874134624896908 0.3627694888019753 0.02984574368232984 0.03631505871239149
0 0.5960921290244537 0.3098971023090933 0.05032514111569075 0.03581582084663637
0 0.4636235454602888 0.21800685879220946 0.022711447982618593 0.025902044250976586
0 0.9694447013145773 0.07753940028711007 0.027798391066226724 0.01626143284565973
0 0.10321057386507221 0.44749618849678835 0.04644208106519587 0.053291661996441
0 0.14880478189303104 0.6393460767707901 0.03753413318150517 0.06577104192380645
0 0.1880183396424125 0.6622165579280601 0.04351761868232995 0.03663327513522141
0 0.31971742692635063 0.6438120633061635 0.05870594244847427 0.055528908802539134
0 0.38818359375 0.778564453125 0.0634765625 0.07275390625
0 0.1318359375 0.97705078125 0.0458984375 0.0458984375
0 0.40087890625 0.9853515625 0.0380859375 0.029296875
0 0.7662016375937732 0.6304600377549483 0.02510500651552583 0.041084222489952305
0 0.7109211784934022 0.6423480360691409 0.029622180448268143 0.062171235217903686
0 0.7333582798887013 0.8097493589699223 0.02019377894888663 0.03999401126751301
0 0.7247950701037321 0.8676161654027998 0.02387270841577327 0.032272430245464445
0 0.7907953484174848 0.972597858922266 0.039838689215443424 0.04435485615726997
0 0.6591700589286187 0.5742942878502607 0.018714727665567032 0.039471635400781246