0 0.06632709800502667 0.12873476242958742 0.061244269982732025 0.04611008268171135
0 0.09518537329071558 0.08551550194696886 0.03619247869455944 0.037587206015731955
0 0.1644514181786222 0.04258185994882449 0.06099513702829684 0.04902556264839178
0 0.12256938427108222 0.2035763544146802 0.06578824877090472 0.05403624294826803
0 0.12529994269722067 0.253670417698206 0.06088554753938502 0.04171555143171135
0 0.2680573080395625 0.21152112566880382 0.039989058619426476 0.05425980618232995
0 0.492919921875 0.01513671875 0.03662109375 0.0302734375
0 0.308349609375 0.381591796875 0.06494140625 0.05615234375
0 0.653076171875 0.007568359375 0.04052734375 0.01513671875
0 0.6894443491344472 0.08700517897224735 0.03743806288051443 0.046878757299051554
0 0.6660866458191899 0.11057952918830921 0.026426853694559438 0.0373030553493402
0 0.6308309521615909 0.17249555250412363 0.03907232348642814 0.04302933743232984
0 0.5610966759276466 0.25100268808567006 0.03159857661203429 0.05888688308257728
0 0.651611328125 0.378662109375 0.03466796875 0.06201171875
0 0.66956500603974 0.28876478795548444 0.027602625854642238 0.06364182778270111
0 0.8237123529153461 0.2682045487764535 0.039560524150206944 0.06691249608237104
0 0.78955078125 0.393310546875 0.033203125 0.03271484375
0 0.941557631607481 0.2925415268298348 0.04331732661203436 0.059227863882247433
0 0.9150509006419576 0.2830832424457318 0.024374043278296842 0.047959997649422714
0 0.8859434118156122 0.2995180718449483 0.03506646865638674 0.029760498482412467
0 0.9176015740359847 0.18022638909556682 0.029157170362034246 0.058815845415979395
0 0.9152097687354526 0.11404745962868024 0.030333103694559438 0.03741671561589688
0 0.9360761425063573 0.0613183097458142 0.025769155588645787 0.04118089028270111
0 0.06730430519479608 0.7306668338035875 0.042221109378030725 0.08160355618232984
0 0.10315722490153756 0.4704749828039999 0.021783189490124144 0.040090667516144346
0 0.2015708584237138 0.48222508350680404 0.047084113732732136 0.04569806421544331
0 0.4208984375 0.421142578125 0.0283203125 0.02294921875
0 0.3976110297279421 0.5452050284958142 0.023736233903903003 0.06401644876614432
0 0.4340726912808989 0.5460925884968452 0.02762259517238319 0.0519514928493402
0 0.49144066524024255 0.5176316684817317 0.03186759829798946 0.06815001929925774
0 0.5107421875 0.42236328125 0.03125 0.025390625
0 0.531982421875 0.562255859375 0.01513671875 0.07275390625
0 0.528076171875 0.665283203125 0.02294921875 0.05517578125
0 0.4933945961024543 0.7562643495156698 0.028449710134210493 0.044181615449298994
0 0.26956249335615035 0.765212806026041 0.041972137596037795 0.03678113391556703
0 0.26641370746454773 0.803787024776041 0.04046743579677703 0.036250230065608235
0 0.2425478341677707 0.8395541987087833 0.029595689490124144 0.04031798804925768
0 0.17074069761360156 0.8718451059401648 0.04796099081646954 0.0564402517154432
0 0.1448018834103786 0.8375271004060205 0.04720368788051449 0.04716290796544331
0 0.19376987422078668 0.9418076427243092 0.04304830492607925 0.04996472766556703
0 0.7540274358722059 0.7350185669459379 0.053033108903903003 0.06486890076531959
0 0.5789432585100533 0.6003091259240205 0.05879279848764046 0.07575316359851558
0 0.8576419404262567 0.5040308311483297 0.06258945899872859 0.06855681264839181
0 0.75146484375 0.430419921875 0.048828125 0.04150390625