0 0.00537109375 0.260009765625 0.0107421875 0.04345703125
0 0.05523385095112865 0.26650228527445374 0.02113204206262842 0.05182362504946392
0 0.03956905907850716 0.2670242067082269 0.019019749572142475 0.04786054491618552
0 0.026664008436857678 0.25980466580859807 0.020166258341170584 0.04009066751614432
0 0.11275816173969866 0.0784983286730517 0.03851120769952099 0.04745228374896909
0 0.21608892939668 0.14603448840340227 0.04118224802748127 0.04118987269888663
0 0.21999850263822673 0.19405654130323732 0.028955320841170584 0.040346403115896934
0 0.2221481163266591 0.29726858298639197 0.028127147053114365 0.05592878051593819
0 0.1961100425861731 0.30042183372045383 0.04083323833165653 0.04459363391556703
0 0.28584851898839747 0.36560705751785594 0.044341569605441666 0.034941669182123714
0 0.24649835872227827 0.3835276311356085 0.037943342704278016 0.04548495121564944
0 0.2748253177053719 0.48016845333470126 0.03650751204835734 0.058123433582371264
0 0.4021456432037642 0.17491347366480442 0.06162871109777557 0.06421911153167015
0 0.4424499993588973 0.26554762041356733 0.06259615644000682 0.052054702881628834
0 0.4621470633324769 0.3580264570129076 0.04749922956262864 0.0525908318487216
0 0.42642460995800724 0.38289662839721683 0.039646937690007045 0.051386948815608235
0 0.3668924277098553 0.3562325505155879 0.04999120646379218 0.04193388954863919
0 0.17938582473973164 0.5428987095039797 0.0545846970768995 0.04694456984851536
0 0.24955325926933453 0.6084921944685981 0.051973344557871504 0.05467182464859799
0 0.20751953125 0.656982421875 0.05078125 0.02587890625
0 0.512939453125 0.252197265625 0.03369140625 0.05517578125
0 0.52294921875 0.52880859375 0.013671875 0.05078125
0 0.5004162400676919 0.5585949226782684 0.05267136394952088 0.04786430221523719
0 0.46401566323788357 0.5761124602459384 0.04945235456262842 0.052647661982000216
0 0.504150390625 0.61083984375 0.05126953125 0.03125
0 0.08500908098945825 0.4115824039567837 0.044580320841170584 0.040801044182123825
0 0.00927734375 0.359130859375 0.0185546875 0.02587890625
0 0.5674931144730656 0.7169951343112785 0.03778417521379207 0.04157870121564944
0 0.555419921875 0.77197265625 0.05126953125 0.0400390625
0 0.6180190405425727 0.772728766659794 0.05839146739534573 0.04461682386507215
0 0.6012417378573227 0.8245486344102063 0.06867604836019858 0.03369892084810311
0 0.7198526281139278 0.8050234311902269 0.05496271986680368 0.05622191359851547
0 0.7423914877383975 0.7797696564062888 0.03640803236680368 0.05568202733237115
0 0.7807559683467479 0.7740419065052166 0.03827079484301865 0.06549027493232984
0 0.667724609375 0.690185546875 0.05322265625 0.04052734375
0 0.840087890625 0.67724609375 0.03857421875 0.0146484375
0 0.8611673394017104 0.6962085717697115 0.04520787364534584 0.04423322046544331
0 0.9410083747867548 0.7283521785507632 0.05935725111680368 0.05634978139839175
0 0.957275390625 0.689697265625 0.04150390625 0.03955078125
0 0.943331257985762 0.8872993204005157 0.07435469831262842 0.05337224618129899
0 0.8028148548250844 0.8685449057711548 0.040554695223306014 0.03775769641556703
0 0.7695387925629349 0.9653487037719796 0.05440563365010276 0.04255003859851558
0 0.6942547791599233 0.9773351074240826 0.08272594615010287 0.04337407553105166
0 0.943603515625 0.985595703125 0.07177734375 0.02880859375
0 0.9833984375 0.9697265625 0.033203125 0.0546875