0 0.15487809155571153 0.07865779410418416 0.04172975896503095 0.06043747858034121
0 0.055043685503567225 0.14888588795124152 0.04069636633175261 0.05842747529179626
0 0.03152763323886615 0.07781034685325361 0.039165710032288636 0.03932762825325131
0 0.45361328125 0.02099609375 0.04296875 0.0419921875
0 0.361083984375 0.022216796875 0.02880859375 0.04443359375
0 0.25683987030674243 0.0480373597956717 0.031884113882247433 0.04036588483916459
0 0.20257337118919605 0.07607373649288451 0.027475375098927834 0.03962165129071238
0 0.18846857725439192 0.127409777626166 0.01603179334913407 0.031643332222446086
0 0.2057080109356909 0.2005570160986121 0.01640641433257728 0.027765521366718504
0 0.22517573786719614 0.2665222315424204 0.03126796483237115 0.03594291444489217
0 0.2298013469493611 0.30822521180232754 0.025598512882659796 0.025376177607895123
0 0.2730504903167013 0.2868589535368483 0.020397909532494873 0.030922722020898075
0 0.3719300560002683 0.2843313185741563 0.03408399206581447 0.03220729931052668
0 0.4291314677349487 0.2398924533868505 0.01557192716577327 0.032591455578173445
0 0.42935585263189724 0.3481202560212159 0.02925278458195879 0.050449156223529856
0 0.2853876788475467 0.37580664267229735 0.029314839832371153 0.035829157867802275
0 0.28833304169894874 0.32625790747074945 0.020900398315814472 0.03143944241517049
0 0.26123081976538176 0.332966096641492 0.027731110698680395 0.04841071379071238
0 0.15702278293177352 0.3366457447671871 0.015946548149216477 0.028713644722445864
0 0.12222089960187654 0.2127553270337501 0.031253757299051554 0.03545463319489217
0 0.031298198732474525 0.3044629800834393 0.02928119964859799 0.051425718723529634
0 0.31957617325604143 0.07655147486827318 0.030779683582371153 0.03591447530061953
0 0.3139052534882476 0.11619238934845888 0.02128922683257728 0.028049912809443023
0 0.46801743055509293 0.11883150268855391 0.02263518519888663 0.04080210359798797
0 0.4236249915869692 0.1679160356269434 0.02411946159934031 0.024802578925077756
0 0.11472701211492814 0.3405191954654838 0.02348387989901035 0.03646445063653281
0 0.25442558681299 0.4173866904003155 0.029096501715443424 0.045078062473529856
0 0.7715952751380827 0.18795574134629134 0.03215928213245367 0.03307010523343701
0 0.739816660769093 0.2684845324972196 0.02922959463245367 0.032899470367802275
0 0.9114156708560002 0.15174106029103018 0.02446044239901024 0.036521328925077756
0 0.8608811740395672 0.14051104718096752 0.028528200382659907 0.025546812473529856
0 0.003662109375 0.81103515625 0.00732421875 0.0390625
0 0.007568359375 0.9365234375 0.01513671875 0.0390625
0 0.189004060066289 0.9109798776620838 0.028897596248969037 0.038242124973529856
0 0.054814721644680486 0.4873661853439706 0.033718353498556786 0.053146514771981845
0 0.28485202052795877 0.5027141472962958 0.02934325489901024 0.03680572036780222
0 0.53369140625 0.4541015625 0.0546875 0.0283203125
0 0.6270377240447217 0.4953896691483011 0.03857275093191759 0.05245434371470642
0 0.790409280029196 0.4644463170181177 0.0535389792820824 0.04747658218715245
0 0.7618056385256908 0.5870810522461358 0.045099879997938186 0.07574483219597594
0 0.6575984233549692 0.7248105309676514 0.06060223731519587 0.055687230206966865
0 0.5508816999038146 0.7595411050834392 0.05775779501511341 0.05844628284133213
0 0.7640744404025775 0.8158290061976838 0.03457227331581447 0.0322357384547991
0 0.6822429175319384 0.9519369980557321 0.04966114434872171 0.04822563153297277
0 0.87167120925666 0.6773220389860755 0.056553911981999994 0.05057690455278718
0 0.8707776024756084 0.5963526689188928 0.04482993686486614 0.06646748844597583
0 0.8933304781107423 0.5338097823825154 0.05207413553208262 0.04739126475433508