0 0.14337724218100684 0.23537088590515642 0.02756094367864481 0.04172648132866804
0 0.16563922031789935 0.23112978666661435 0.01320182806553738 0.03378540802253157
0 0.20115692041303956 0.1827957603884435 0.019659742775633093 0.022106278181815764
0 0.23707999477139008 0.19551165181423547 0.026564485242334124 0.04097677368686551
0 0.2452556064873037 0.11261260254072987 0.01686932682980835 0.02636757192307493
0 0.17049966620691348 0.08753586343040502 0.04921526494767292 0.033529799102558044
0 0.0693359375 0.0126953125 0.0419921875 0.025390625
0 0.05331050458614006 0.10749832210563344 0.03000234992864481 0.04197314626650769
0 0.2750548647573925 0.03644149638687969 0.02734208837922658 0.034565022995334704
0 0.26366356689613313 0.06190088003101487 0.024761410575051546 0.02976106639082839
0 0.3072275333646821 0.11757580862852324 0.02538896337922658 0.03436769104506299
0 0.33563654676769383 0.1392679972532284 0.02077557682980835 0.02676223582361829
0 0.30806316268973344 0.1449195586285232 0.02741255496670103 0.020942480982902634
0 0.30859375 0.009114583333333334 0.0263671875 0.018229166666666668
0 0.34079377008059575 0.03724207470854979 0.031846878089322406 0.02268856120434733
0 0.3525390625 0.18294270833333334 0.0146484375 0.0390625
0 0.317396871007119 0.21141476177537544 0.053669484006605206 0.03592692099066941
0 0.3564453125 0.22102864583333334 0.0068359375 0.031901041666666664
0 0.3102881843149905 0.2814409766782515 0.02345573431553749 0.034821400761457934
0 0.2922706870953806 0.29714444815067026 0.028647764638740636 0.02950468862470516
0 0.23313808519421708 0.30544874033404995 0.03847307744767292 0.0324444733760636
0 0.04135713564585963 0.21013566615769438 0.039827662737577096 0.04491293101786612
0 0.11758784588792026 0.42682570004657455 0.02884672400184818 0.03601510529137183
0 0.1565906580789881 0.4288192140520087 0.02511953742864481 0.04147981639082839
0 0.1938086299183105 0.45205043811960316 0.01581318058456538 0.02366473928127233
0 0.23377722583083616 0.4697182851126052 0.02005766150184818 0.0351271115151491
0 0.23310655791249268 0.5274143285080989 0.036917871173887784 0.04526797475912522
0 0.2978515625 0.5491536458333334 0.0458984375 0.041015625
0 0.3030625926796726 0.49099715302634955 0.026155787737577096 0.04353160736596425
0 0.3055777887586937 0.4140165245686955 0.038232664591170584 0.056434349067594404
0 0.33584210910092493 0.4008484611188082 0.028228288355441666 0.04763518931623597
0 0.3388671875 0.3404947916666667 0.0419921875 0.0546875
0 0.34228515625 0.4934895833333333 0.03515625 0.055989583333333336
0 0.345458984375 0.5345052083333334 0.02880859375 0.045572916666666664
0 0.11889850700975446 0.32635823860135255 0.04135053267573596 0.07881643067210072
0 0.06108402176742034 0.2822241537101397 0.032872349619712526 0.04031601919191511
0 0.05367689603063064 0.3424847436130158 0.033789224310780464 0.03846156016705112
0 0.1143655567724508 0.11431598721829091 0.02503995368340184 0.03887564972416172
0 0.01220703125 0.4860026041666667 0.0244140625 0.041015625
0 0.07925983391064456 0.47876997839933794 0.027381880251848068 0.03586710632866804
0 0.10138087887258851 0.50177396318566 0.022419484006605206 0.03276960978632223
0 0.12146921508928943 0.5219764493550437 0.028477818369712526 0.039872022303804044
0 0.2010400154698503 0.3223257218336655 0.027083441207186976 0.026101481328668037
0 0.19541193616858388 0.2815171416122208 0.02490068212922658 0.0343183580574952
0 0.23437661810780358 0.2504061965927908 0.027441568060780352 0.03782023132866804
0 0.1281402346955513 0.05534776782046458 0.031157975855441555 0.047931187241643546
0 0.12259173913952798 0.017143354265686545 0.034138234006605095 0.03395360148795238
0 0.098388671875 0.0035807291666666665 0.02392578125 0.007161458333333333
0 0.5074617851704321 0.13338814557884718 0.0604440720768995 0.06646683350815123
0 0.46115465016567503 0.1313056784265608 0.05343818830787145 0.07614350536129895
0 0.5430200861920955 0.2615947897707624 0.06168839890670791 0.09125574982905249
0 0.569789324713759 0.3889134401864549 0.07561892107874763 0.10110061514762118
0 0.4644747573419249 0.4788729752797085 0.07151371171564014 0.09419553458041108
0 0.792724609375 0.51953125 0.07080078125 0.10026041666666667
0 0.8262074475512333 0.40119071664718425 0.03790355083165653 0.06159334941336011
0 0.93701171875 0.041341145833333336 0.0498046875 0.08268229166666667
0 0.8599875982172148 0.041146018170100294 0.06458907331262842 0.07467399740869467
0 0.858366057651404 0.17922589731928515 0.06978110363583179 0.06935728527194189
0 0.968505859375 0.22037760416666666 0.06298828125 0.07096354166666667
0 0.1181640625 0.5989583333333334 0.0400390625 0.05859375
0 0.27629919158720084 0.6167806122299019 0.05364792644952088 0.06707825501553355
0 0.18733665670109567 0.716180635912897 0.053924807937097974 0.10799521404039769
0 0.12164666040828265 0.7329088496036591 0.03810251019476407 0.06810376608002648
0 0.05885401527984324 0.7966600622571248 0.04229808208165653 0.062037346301471175
0 0.03905167770848811 0.833601243791704 0.03395750895903504 0.05989660217948319
0 0.12174694914373807 0.9114026450737452 0.03488350080787139 0.07426885183371779
0 0.3311955771619788 0.8202816193200279 0.046294694605441666 0.0494605098562492
0 0.31635563583586657 0.860320297396953 0.04680287179175213 0.050160884510483804
0 0.30331876917703715 0.9115746827699152 0.04002662210068464 0.05142334768453279
0 0.26797267697169835 0.9177389996774566 0.040386410575051324 0.03133972199300213
0 0.34326171875 0.9205729166666666 0.033203125 0.059895833333333336
0 0.4451383344095838 0.7251438627272632 0.039527562072142475 0.06694968170939693
0 0.4629916792763875 0.7996391849961034 0.03383813334117053 0.05599035217948334
0 0.5004160660158127 0.8774099101009943 0.03069870769952099 0.06475960459984087
0 0.7163557541336771 0.9031213406060178 0.05371673141622191 0.08525808869463229
0 0.742919921875 0.978515625 0.04052734375 0.04296875
0 0.837158203125 0.9684244791666666 0.03369140625 0.06315104166666667
0 0.8864782501175581 0.8949972612547922 0.04450073709592761 0.05447151123931082
0 0.985595703125 0.9860026041666666 0.02880859375 0.027994791666666668