0 0.25795640094624306 0.05663899868219319 0.04571695586893709 0.055379215417338146
0 0.3228889594340765 0.1382773720996845 0.04714202929796385 0.04862859535015551
0 0.3016826511303603 0.1756330678034 0.033949913336326576 0.04639589470479921
0 0.2734472351962023 0.2465900365269298 0.05306390051663623 0.05971205258142498
0 0.21418023047686807 0.3657253900896241 0.03888101836893709 0.05498106739752373
0 0.2018279960785072 0.47529464830216295 0.04387746035743234 0.07479670884024836
0 0.025490612685939523 0.4133239935287909 0.02368180340026471 0.04335726642507787
0 0.07672135026655458 0.16530601331300077 0.01888421301663612 0.05772131248235324
0 0.35125374707788615 0.38068320929906485 0.034035135452697984 0.0610443322047991
0 0.3000044265389023 0.2962954148419449 0.02464984368862755 0.041949300963622704
0 0.35065435152607394 0.48371055304906485 0.03803512978070667 0.0773851266089789
0 0.24270856789443074 0.1605195167603668 0.029666170837609473 0.06518291115634711
0 0.49072265625 0.3251953125 0.021484375 0.0478515625
0 0.485595703125 0.522216796875 0.01123046875 0.05517578125
0 0.6330971356047442 0.5022122667780136 0.03456318702367134 0.06790870884907174
0 0.7529296875 0.521240234375 0.0390625 0.05712890625
0 0.7257683065650986 0.5143869543662476 0.020783364009600902 0.04855772530944291
0 0.6978453717243024 0.5316329855897773 0.032882447245530466 0.030714016416254264
0 0.7205083271169108 0.41170088034751695 0.024752110228273283 0.059527425963622704
0 0.7130821673777946 0.3457496566558762 0.02755680529092852 0.03821368582925744
0 0.7299876887595194 0.29253663200061286 0.02269671868862755 0.04183554438653281
0 0.6722521669481877 0.06453245595757962 0.025223347054998957 0.056626177607895095
0 0.6285593545095601 0.10759088354782792 0.018892735228273283 0.05918615623235324
0 0.58063709912978 0.03862901508080075 0.01400140051663612 0.05743692103962868
0 0.5570916511157096 0.058548781505878486 0.028496438207167518 0.031922907867802275
0 0.5723445145408877 0.12160357263916 0.02075211590026471 0.04318663155944302
0 0.7546268206003564 0.08462858432553509 0.03549429772827328 0.060153087137616607
0 0.8206350418400936 0.23307617156020904 0.030557511221238176 0.05059135194489206
0 0.9238157853995621 0.2007083246187215 0.0358831531758399 0.04309168253188905
0 0.9347366137934127 0.25327688055045505 0.04024643631650382 0.03797654108034121
0 0.9612313089174402 0.3137244463654702 0.020774841797963628 0.04709288155944302
0 0.9416542815715128 0.4066304479920958 0.04165730605946849 0.028784514763158464
0 0.9248425045177966 0.44373019139735925 0.03978656243862755 0.04283091443606868
0 0.882864846254388 0.35977861569906266 0.030611485228273283 0.05986869569489217
0 0.9795085808222154 0.10862751381593434 0.03938350330499896 0.05745091279179623
0 0.76123046875 0.019287109375 0.0341796875 0.03857421875
0 0.99658203125 0.518798828125 0.0068359375 0.05126953125
0 0.13108468067381374 0.8260727620569577 0.04171696154092852 0.039038421013158464
0 0.24136270955682138 0.7483848920956558 0.03974963285486677 0.03648325818606868
0 0.14985274901527168 0.704415044968877 0.03733095250256557 0.040247312464706475
0 0.19639603386248217 0.5909019216572664 0.04180218365730015 0.053686858513158464
0 0.29443261709841173 0.6037403411585034 0.026588765002565573 0.039621651290712434
0 0.3466796875 0.556884765625 0.0498046875 0.01416015625
0 0.40294435853637744 0.6618515369857464 0.040445287921370365 0.07215622858034121
0 0.174560546875 0.554931640625 0.05517578125 0.01025390625
0 0.07421875 0.560302734375 0.05078125 0.02099609375
0 0.052550288964701486 0.9848914609962778 0.03817684109079611 0.017843253253251312
0 0.2788407292933719 0.8506588263424045 0.044254952856149554 0.05578217923452078
0 0.3826375872773975 0.7962898840066446 0.03793002250384836 0.059318720358978894
0 0.6995636921872632 0.6089126202965909 0.03635154926535333 0.03970215292616153
0 0.8410402622499185 0.6221496434575796 0.04849324355946849 0.029182662782972768
0 0.8911368945817347 0.7368677537032445 0.03692505263172463 0.054379029570433834
0 0.693555622200631 0.8865123225950431 0.05536042916880474 0.034951904552787294
0 0.5993148257639481 0.808533422833899 0.049097995035176145 0.04923063317724541
0 0.650871597022928 0.6722749705795638 0.05343003006650382 0.0387443979756974
0 0.5368893360325289 0.6315664490893178 0.044655171252565684 0.0406738996287932
0 0.5879880974992566 0.7418331497964377 0.0397837217014152 0.04234263318606868