0 0.239990234375 0.007486979166666667 0.04931640625 0.014973958333333334
0 0.158203125 0.013346354166666666 0.0498046875 0.026692708333333332
0 0.043057537928951284 0.26592904723946376 0.030369593940007045 0.07013964747616797
0 0.23857977607060088 0.29635440091090065 0.04177000895903493 0.0609984383858467
0 0.5714267159463717 0.3646083473658977 0.04513906867864481 0.04384546591129516
0 0.5883449518065702 0.32399124913435823 0.03138760993340184 0.03975326540555887
0 0.578369140625 0.4586588541666667 0.02099609375 0.021484375
0 0.43017578125 0.4606119791666667 0.0224609375 0.017578125
0 0.027272517871593738 0.7407244801934949 0.04637427835068453 0.05241529570932387
0 0.10121106314246986 0.72590963171232 0.04254761209592761 0.05459430985054207
0 0.1867622322486988 0.5875961299487087 0.03819287271854899 0.055418096592745915
0 0.47628480945852114 0.5182817734908732 0.06161959394000699 0.07354086767975554
0 0.45374347915937635 0.6948071478587029 0.04697115644000699 0.07194654570932386
0 0.41748046875 0.71484375 0.03515625 0.036458333333333336
0 0.5357996099580072 0.7991062986205401 0.05330803391146488 0.08820927449749642
0 0.5783729119064674 0.6724453048093434 0.05647647264719391 0.09634063889158284
0 0.6709457284225866 0.657045764157382 0.038549337951369056 0.0989316001280504
0 0.6847311851242291 0.734971393324857 0.04523854836019847 0.04710067424462849
0 0.6951541850763856 0.5381840649159865 0.04128172770903493 0.0609452943201656
0 0.653564453125 0.4798177083333333 0.04833984375 0.020833333333333332
0 0.8225674307991778 0.7774080579782771 0.04706151896379196 0.0589788564416717
0 0.9089683312505469 0.6914436098764042 0.038012147670978935 0.0813534751280504
0 0.956787109375 0.96484375 0.06396484375 0.0703125
0 0.96826171875 0.9918619791666666 0.048828125 0.016276041666666668
0 0.737548828125 0.9436848958333334 0.04150390625 0.11263020833333333
0 0.41552734375 0.986328125 0.03125 0.02734375
0 0.6274605366453787 0.8776693342313028 0.05310907454835745 0.0816988578308299
0 0.6453155431329558 0.8384606074644587 0.0376647995959275 0.054062869193731565
0 0.6861230916120797 0.865764311380682 0.04310469831262842 0.07282347651720873