0 0.16471335192000802 0.19147913251593351 0.05207802146921203 0.062295792471238065
0 0.22644290903527664 0.30827177004341266 0.030239542698353494 0.036785856508318115
0 0.28455735738991794 0.2332494169628384 0.04426967400204629 0.04370133465026471
0 0.3623255028136695 0.3606876569250966 0.050406383564970514 0.06765552327238855
0 0.2295974025482992 0.508875823151466 0.0494360498642219 0.0398263327596009
0 0.07516982806301895 0.6147227167512421 0.03637832852769496 0.051465542117654195
0 0.016357421875 0.5751953125 0.03271484375 0.0439453125
0 0.007080078125 0.646240234375 0.01416015625 0.03466796875
0 0.5406408638639675 0.5441642855983301 0.037282274352595124 0.03145737381650382
0 0.34626620449051404 0.6019184795855832 0.03072367141551935 0.05533770327110554
0 0.1259765625 0.030029296875 0.03515625 0.06005859375
0 0.17804430793612352 0.5052706912959783 0.03149343976127783 0.060711637758318115
0 0.130859375 0.67236328125 0.0576171875 0.0546875
0 0.571533203125 0.074462890625 0.02392578125 0.06884765625
0 0.3390712308488515 0.7893556578163814 0.03632714905573886 0.05048897961765425
0 0.14356854682594683 0.859319723790847 0.034478459266068184 0.04315623865601714
0 0.2105675132862761 0.8662519208055384 0.039312168560529215 0.03293358051535333
0 0.9355103346919605 0.8031376704666053 0.07299526974486081 0.07022760343415801
0 0.9683427457897653 0.7541334197594377 0.05783296125888282 0.06965125933057426
0 0.8857421875 0.980712890625 0.05078125 0.03857421875