0 0.0433228543396989 0.38565456041669943 0.027781068302418 0.046808861774473076
0 0.10094585085017327 0.35845037148896575 0.025758804846115035 0.060747019580417394
0 0.18076128547780335 0.3640641642774347 0.02754311092654138 0.05067811203379735
0 0.056640625 0.010009765625 0.0234375 0.02001953125
0 0.020912700979372922 0.10601069514280281 0.03098656115033227 0.02858717194055682
0 0.2142145555440187 0.031596202010536145 0.020995345272702193 0.03949192764568599
0 0.2431640625 0.01416015625 0.025390625 0.0283203125
0 0.21901080255629246 0.08565470641904505 0.019636739473745113 0.0486212724329822
0 0.178878617080794 0.12805446770109286 0.02302997522725181 0.0333292700990655
0 0.2561274835213625 0.13580638419294155 0.03135548947374511 0.04950926620920493
0 0.29425632952657665 0.08675568411427359 0.0275496684143135 0.03561539276514902
0 0.39453125 0.021240234375 0.044921875 0.04248046875
0 0.3624526946174774 0.06895440740099318 0.035787868695782654 0.035267825856640234
0 0.3420336930370971 0.12978271108397532 0.021852554846114813 0.06045102165500982
0 0.3986743180370971 0.1254907411655657 0.027963002197536113 0.02690032974650114
0 0.40606186623292573 0.16186012135204675 0.039037018526209 0.0253099175320477
0 0.3906071821070949 0.22862908413759353 0.030917422694029195 0.04267332870920493
0 0.415283203125 0.333740234375 0.02880859375 0.03857421875
0 0.39025942320159435 0.3705412138054265 0.025089338178294618 0.04271761307109356
0 0.32797040214908457 0.28099461500005884 0.025270523596114813 0.06071001983974167
0 0.2697660014131116 0.34760158621508874 0.024175356646825463 0.04362017608974167
0 0.2350107186980876 0.36675613082172887 0.03160581334786838 0.05341551620920493
0 0.41755801926448677 0.3009311322436571 0.018472434068152577 0.045617585451630305
0 0.47854859124676896 0.3025476463927832 0.04980393902270219 0.04167491234556664
0 0.994140625 0.3798828125 0.01171875 0.037109375
0 0.7391611259459205 0.0573372770921069 0.03498012511535631 0.04541073288461239
0 0.8060745811819394 0.059555531628826486 0.039694118695782654 0.035563823782047754
0 0.536376953125 0.441162109375 0.02880859375 0.01708984375
0 0.5881637940545391 0.41183177113055636 0.025678048368863116 0.029156737293121404
0 0.579345703125 0.43798828125 0.02392578125 0.0234375
0 0.08442842959809815 0.6392266594813911 0.022453631534929963 0.054665646136361934
0 0.21687274975198323 0.6879857630828025 0.03178118975521427 0.04856970344988065
0 0.18224113201942527 0.629385305096202 0.04027627139857892 0.037065667272723646
0 0.34478707684454535 0.5344635760985478 0.0187918963985787 0.03543767868298214
0 0.09130859375 0.455322265625 0.0419921875 0.01123046875
0 0.7512452406907523 0.5268619651078522 0.04088315709786827 0.0541185112820477
0 0.978515625 0.60205078125 0.04296875 0.06640625
0 0.97509765625 0.467529296875 0.0498046875 0.03564453125
0 0.8666135805474795 0.6449424369668382 0.04551564572374511 0.05058225868880717
0 0.7547418992940187 0.707355598146898 0.047249737333887154 0.04731228890151096
0 0.8644588491890448 0.5799937460956255 0.03866078423772623 0.057351481328667964