0 0.3030232274385709 0.14443311149288451 0.05459519998828122 0.0687618831772453
0 0.358442485067043 0.08876859335294718 0.05317905151397562 0.08033843745588298
0 0.291015625 0.0126953125 0.0439453125 0.025390625
0 0.468505859375 0.046142578125 0.05908203125 0.09228515625
0 0.2378250639136288 0.10431881879474114 0.05587677220789922 0.0834103206772453
0 0.013671875 0.674072265625 0.02734375 0.03173828125
0 0.33935546875 0.675537109375 0.0380859375 0.02880859375
0 0.33452622266689896 0.39018032032430944 0.04296188813625568 0.06905590621470636
0 0.18791745249155134 0.17551820370449284 0.04370648383017928 0.0720140328589789
0 0.21139855722757578 0.25491814939938495 0.04340147411056128 0.05742247364752373
0 0.21832081853758756 0.33286288293901356 0.03327572508252308 0.058290095367802275
0 0.17449171085613502 0.3514132102815827 0.04579418508486677 0.04590279765743088
0 0.181170052956656 0.44897451125402865 0.03376400633252308 0.05831853451207469
0 0.4759619994106199 0.3105703021049615 0.052513917766319196 0.06718328285015551
0 0.6015625 0.403076171875 0.0166015625 0.07373046875
0 0.50341796875 0.6650390625 0.029296875 0.0498046875
0 0.29810765754545815 0.48670382035077964 0.04701466679435751 0.06540560851315846
0 0.26429362744418494 0.4356574420975283 0.03316593929670131 0.05148259701207469
0 0.628173828125 0.67041015625 0.03662109375 0.0390625
0 0.795166015625 0.6640625 0.06103515625 0.0517578125
0 0.890869140625 0.681884765625 0.05029296875 0.01611328125
0 0.62548828125 0.27197265625 0.03125 0.0849609375
0 0.7094877084705444 0.25479729882524005 0.07634828466663768 0.056426647958050635
0 0.6609085932197052 0.14252632190681813 0.04538492295011565 0.07454075654179626
0 0.6664859776448785 0.03390037125263849 0.05247119869233208 0.06669500160015548
0 0.9416019167648149 0.047470203228029445 0.04144834911056128 0.057308717070433945
0 0.98291015625 0.205810546875 0.0341796875 0.07958984375
0 0.9562111778389764 0.3629042508854604 0.044457055725809935 0.08614574996470648
0 0.40470724622934157 0.7067895488517102 0.03629726976322334 0.03174745720479932
0 0.2253555226195325 0.7037050407979925 0.03041354712537614 0.025575251617802275
0 0.489998426748844 0.7696679780421141 0.0498713113808158 0.04808343581161045
0 0.7044298147969625 0.8379456807287955 0.03028538990341434 0.024110407867802275