0 0.058604024726577164 0.39953449282952597 0.026328322199092757 0.04395380564349131
0 0.15267034775865967 0.34388894293715494 0.021848545749175274 0.03987706524365642
0 0.1886431200930927 0.39741197298020653 0.024403612265731844 0.04518011546578693
0 0.15793447417731943 0.43857413527021333 0.0301014792820824 0.060362450954474234
0 0.2265443596599379 0.40735309811211035 0.023038221248969037 0.04968057699917535
0 0.25371092632488645 0.32695794542226836 0.019032518515731844 0.04497173831043296
0 0.18137361750309267 0.08110740669184913 0.025337552165773047 0.04326487722130586
0 0.005615234375 0.03125 0.01123046875 0.045572916666666664
0 0.004150390625 0.24609375 0.00830078125 0.033854166666666664
0 0.12989015159041228 0.2680719823825157 0.020383701999175274 0.03982023511037802
0 0.037246049708370976 0.3257274874081652 0.028542407915979395 0.03363185586562197
0 0.32245830817876264 0.5133742587084266 0.018805197982618704 0.03455507164376629
0 0.30390966745878334 0.3556207650425846 0.02667452811589688 0.03746233235458426
0 0.33377190815540203 0.1964874574415949 0.02008011868232984 0.04826483339928522
0 0.2568858991903711 0.27104413559997287 0.020786738049257902 0.035932928488137485
0 0.02756338042731943 0.4335162534084401 0.02174909301593808 0.03531977357698975
0 0.12938308384515446 0.49285184778235075 0.022654617849340197 0.03210245199917535
0 0.09203447025969058 0.390405975850502 0.024953948766144318 0.02568675222130586
0 0.13002177668934012 0.21725284562699687 0.02067307778270111 0.030724595154804153
0 0.15887152522121645 0.14930325811485937 0.018776782915979395 0.03325298831043296
0 0.01825844327356685 0.2552704072089349 0.01883361304925768 0.035857154977099626
0 0.038260831354082425 0.122469883763849 0.021218189165979395 0.03334770519923028
0 0.3627673138118348 0.5025578240180347 0.018776782915979506 0.03325298831043296
0 0.22906431817463901 0.3142730831565365 0.022896145915773047 0.04317016033250868
0 0.2712472503878143 0.15040502666619968 0.024360989665773047 0.04322699046578693
0 0.4445661936692783 0.1037891286722477 0.05181839993232984 0.04949615295364951
0 0.43712978247080403 0.1758274331391343 0.0535389792820824 0.06127173308692783
0 0.416748046875 0.3401692708333333 0.01416015625 0.099609375
0 0.50625847824334 0.45673950498075633 0.056553911981999994 0.06529164335348463
0 0.5100817725243916 0.348723418447368 0.04482993686486614 0.0869534755761651
0 0.5363570218892577 0.2643841290020072 0.05207413553208262 0.06121490295364951
0 0.7371826909724535 0.2656594405944747 0.05479969244847416 0.07433045317578009
0 0.7886705603393813 0.2800372303036431 0.04109940238183496 0.07249795526518217
0 0.7992019243205566 0.1781457260588871 0.03549576298158774 0.08398938473206874
0 0.8816616898011134 0.04972307996701084 0.057734605065608235 0.052327640153429576
0 0.9025119509188659 0.10200782363285277 0.04509612269888663 0.05443927899835055
0 0.825345373078804 0.5701157058798081 0.055060653165360796 0.06393272988687289
0 0.876937920296103 0.602090563966736 0.040179670015113356 0.07506423517632992
0 0.966796875 0.7301432291666666 0.03515625 0.039713541666666664
0 0.6675131117631956 0.6141650899523577 0.06531455941536102 0.06433054081982137
0 0.6807648075436287 0.4771931092186396 0.055548934415360796 0.06395167326463236
0 0.1927227961290926 0.8257603644316154 0.06125578384789687 0.10190152370889353
0 0.400146484375 0.8014322916666666 0.01904296875 0.08203125
0 0.36328125 0.7662760416666666 0.052734375 0.032552083333333336
0 0.684814453125 0.76171875 0.07080078125 0.0234375
0 0.474365234375 0.759765625 0.05029296875 0.01953125
0 0.6359595284463503 0.9331702628767012 0.069178186815402 0.06252896284189695
0 0.840087890625 0.9720052083333334 0.05810546875 0.055989583333333336
0 0.7820318849800822 0.9577334845378697 0.060820575432123714 0.05960275875331966
0 0.893798828125 0.9820963541666666 0.03271484375 0.035807291666666664
0 0.806396484375 0.7669270833333334 0.05224609375 0.033854166666666664
0 0.974365234375 0.87890625 0.05126953125 0.07942708333333333