0 0.04345703125 0.45703125 0.037109375 0.045572916666666664
0 0.32382689451383406 0.2764489580885832 0.02356594706342552 0.0745453080000944
0 0.406494140625 0.23828125 0.04638671875 0.06901041666666667
0 0.5939120317650377 0.0900691072189641 0.038975570590072506 0.08306258915520133
0 0.7443066956139925 0.1809194147622634 0.043209561104043503 0.05076058945755113
0 0.8508496354147879 0.09098267852244783 0.04114272578044065 0.04741444162033304
0 0.756591796875 0.0234375 0.03857421875 0.046875
0 0.4462890625 0.051432291666666664 0.033203125 0.041666666666666664
0 0.7633390388461366 0.4326989304909918 0.03537431903932298 0.04974578977534527
0 0.673856469315696 0.38303373614951086 0.03881368357105863 0.022606653659086245
0 0.8938023747649921 0.23207891551486734 0.04642419755454341 0.0730096805040737
0 0.9873046875 0.17220052083333334 0.025390625 0.07747395833333333
0 0.25320004445670075 0.8878783114673051 0.03681776700758732 0.07711227465131672
0 0.226658925763834 0.8118945108780502 0.048818773392117154 0.04387194963587208
0 0.3475707392460694 0.8123244267855719 0.029674138492366886 0.05403026293035781
0 0.3551478132739657 0.8757255520879217 0.02524482100379366 0.03887442558925495
0 0.408935546875 0.8444010416666666 0.04150390625 0.049479166666666664
0 0.3476375467842343 0.5490845144290245 0.04317612114845515 0.0637586879149133
0 0.23912143248468837 0.6941779133277374 0.039621700010131655 0.05969329378311494
0 0.023668959496160658 0.5411500151174878 0.026938431683984465 0.0734023687985595
0 0.29509849875883665 0.5940869848628891 0.03225199713069049 0.058050187310213754
0 0.7496697116660829 0.6725612777389549 0.04037084186292583 0.05322834686839073
0 0.7966851305303493 0.5252543261345388 0.04729774762180816 0.05615080179865398
0 0.6296368333830522 0.7670697707849105 0.047024842845161174 0.04833830179865398