0 0.3134386211188474 0.12081701736687989 0.04532944878204781 0.040319928381090886
0 0.502197265625 0.015380859375 0.04345703125 0.03076171875
0 0.39794921875 0.01220703125 0.0478515625 0.0244140625
0 0.20947265625 0.412841796875 0.033203125 0.03369140625
0 0.1899736395366608 0.31261411358550273 0.047452426608389664 0.023449118020948845
0 0.19527398198423507 0.08117461009597704 0.03514954201339959 0.04063939071151723
0 0.3674187245978536 0.28171112401370535 0.04345760788461239 0.03485496317829462
0 0.5177761746707161 0.09212328567968037 0.039884355550695805 0.03899917055417135
0 0.45452391715322127 0.21926565053986846 0.03227928475232611 0.05406094183739385
0 0.48675834090904635 0.247084566814324 0.01714256600232611 0.05309093682516619
0 0.4924193012324659 0.321791598064324 0.03908550713286285 0.04769436160137497
0 0.6603924526806169 0.055667626078581 0.046040305110715773 0.0753510164440292
0 0.603271484375 0.033447265625 0.06005859375 0.06689453125
0 0.6469908969288477 0.27638386605412535 0.08594593789043747 0.06333097962232381
0 0.6973147340675356 0.35055165310654335 0.04094277878787289 0.06579205833564039
0 0.571533203125 0.085205078125 0.02392578125 0.11474609375
0 0.01416015625 0.712890625 0.0283203125 0.0380859375
0 0.13647164951338003 0.7002001942252687 0.0612358774650299 0.057860205409053345
0 0.21200226621791302 0.837693900366834 0.06790196213868793 0.07529424448597288
0 0.4756377181118494 0.8861725906988298 0.06336671654719694 0.06674313936184961
0 0.4358154643443939 0.5979054677810096 0.05073811890733593 0.07322251503668342
0 0.7690924428234 0.6722945336551789 0.05574649987178937 0.06236753209786838
0 0.6520238033012529 0.6920034054944181 0.041275776453956414 0.07018658958564061
0 0.8448383499853883 0.8511044031411517 0.06509784310314126 0.0639386137989113
0 0.5895742190151295 0.6117135530696303 0.058935185556521 0.06597324375346081