0 0.0756056878246086 0.23638755688812596 0.07031664866704457 0.08659452806976087
0 0.21236783324302863 0.20082254565145008 0.09092263324066607 0.08253058712105821
0 0.23428621762241209 0.09933266232655003 0.061557553612752614 0.07991420525204629
0 0.3318081327001073 0.14215685351532303 0.10711600513994579 0.09535177203453138
0 0.37083965568522964 0.28259649656422536 0.07288154098474446 0.05793947273562905
0 0.330838857965027 0.44234953958782797 0.09070974962042773 0.06400148935703642
0 0.030598958333333332 0.063720703125 0.061197916666666664 0.06298828125
0 0.2790882504371721 0.27996490629132076 0.06323786010109818 0.07413159945998027
0 0.0751984240002835 0.6167448439616776 0.0478546740002835 0.06475397303248528
0 0.05359005814799889 0.7109360982725558 0.04281994993822188 0.054320938630638915
0 0.06227682750492425 0.7858478474103802 0.04213790365908617 0.039672501130638915
0 0.017903645833333332 0.862060546875 0.035807291666666664 0.07275390625
0 0.012369791666666666 0.798828125 0.024739583333333332 0.0771484375
0 0.09651544032717034 0.9070909832934142 0.038944704550690844 0.06879024797879263
0 0.1542266788313386 0.9741819273655702 0.03913277896143589 0.04491564620074873
0 0.31934112333380577 0.6682564132455113 0.0410115039305469 0.07130842343672673
0 0.4365234375 0.835693359375 0.054036458333333336 0.03173828125
0 0.5144863198558757 0.9544349036066875 0.06864873298464998 0.03681543030573886