0 0.21124446222199833 0.29688744600113404 0.04151166430251507 0.05753348746524978
0 0.25737076706509077 0.3189810161001245 0.02914032378510467 0.06636750113381162
0 0.25157185933868287 0.41826641911753504 0.0680431610699257 0.0491939573490614
0 0.11384555602500956 0.49636349840775806 0.05390005597690406 0.04918775504668815
0 0.420166015625 0.26220703125 0.01904296875 0.05859375
0 0.37563404570487124 0.39577604655400356 0.042164254819925695 0.04829024602920651
0 0.0166015625 0.664306640625 0.033203125 0.05126953125
0 0.01708984375 0.2138671875 0.0341796875 0.0302734375
0 0.10784043726833192 0.24060643034962836 0.03042225136057386 0.03324963191870356
0 0.16247058149502336 0.2269082110881867 0.050113164075752836 0.0524693145408609
0 0.3268213954135143 0.19899714705386176 0.05054408955244427 0.03687841685481763
0 0.7503751875481055 0.47792974545494216 0.032358325203595495 0.03282955529661713
0 0.7247489578506915 0.5540892158501953 0.024641929843092436 0.021343319191941212
0 0.8353454181525688 0.425300788897096 0.027708026598919577 0.025351876133811624
0 0.7805214675003544 0.11224274726904068 0.026765566412876418 0.026294336319854783
0 0.6454861354889836 0.183606196001134 0.04155041316870356 0.030712121029206563
0 0.9620055412854589 0.1839302093801107 0.028974458767552225 0.033686759697768354
0 0.9619931366807122 0.15564399919406746 0.024641929843092436 0.021343319191941212
0 0.013916015625 0.752197265625 0.02783203125 0.05810546875
0 0.100830078125 0.984619140625 0.02880859375 0.03076171875
0 0.16748046875 0.9853515625 0.0283203125 0.029296875
0 0.771228669739905 0.9361096252748679 0.06119017241294733 0.04846695990136385
0 0.8549479635825723 0.833693032374 0.026760919860644883 0.05409226525589805
0 0.8321196586815627 0.8782506307750804 0.0426013825989906 0.04684245343618498
0 0.6981027288384702 0.8530878524199793 0.03280165528503365 0.04552486779661713
0 0.5520539258673933 0.8045836787043752 0.05156560322100612 0.024234257825752836
0 0.4636719288153034 0.8712363822563942 0.04511099347690406 0.04888083422107692
0 0.5398469153155869 0.9577784308031531 0.03712798190712019 0.043725203209422636
0 0.6770430977109819 0.9762246297571029 0.049130399273379366 0.038292107133882425