0 0.02001953125 0.3681640625 0.0400390625 0.0302734375
0 0.05259477576694471 0.40234736318479036 0.0545547126112762 0.05240981522435395
0 0.0234375 0.460693359375 0.046875 0.03857421875
0 0.1729789004132587 0.18445333530310037 0.053626816659360976 0.08306053475232611
0 0.12683465883538747 0.06180674946393544 0.05201103059021239 0.046365441520974215
0 0.53662109375 0.19677734375 0.031982421875 0.025146484375
0 0.57861328125 0.20556640625 0.02734375 0.02099609375
0 0.588134765625 0.187744140625 0.02880859375 0.0205078125
0 0.438720703125 0.195556640625 0.03125 0.020751953125
0 0.407470703125 0.20703125 0.0322265625 0.021484375
0 0.416748046875 0.258056640625 0.021484375 0.0263671875
0 0.384521484375 0.287353515625 0.029541015625 0.0146484375
0 0.44482421875 0.275146484375 0.02197265625 0.02880859375
0 0.474365234375 0.25244140625 0.02001953125 0.030029296875
0 0.498779296875 0.306884765625 0.02783203125 0.021728515625
0 0.494384765625 0.341796875 0.0224609375 0.0283203125
0 0.4892578125 0.372802734375 0.037353515625 0.02392578125
0 0.59912109375 0.409912109375 0.023681640625 0.02099609375
0 0.68310546875 0.26416015625 0.031982421875 0.025634765625
0 0.44091796875 0.11083984375 0.02587890625 0.022216796875
0 0.404296875 0.1376953125 0.023681640625 0.019775390625
0 0.339111328125 0.145263671875 0.02880859375 0.02001953125
0 0.34765625 0.1240234375 0.029296875 0.021484375
0 0.301025390625 0.12548828125 0.048828125 0.019775390625
0 0.359375 0.177734375 0.02880859375 0.02001953125
0 0.315673828125 0.225830078125 0.03173828125 0.017578125
0 0.354248046875 0.221435546875 0.025146484375 0.0205078125
0 0.37939453125 0.219970703125 0.021484375 0.01708984375
0 0.447265625 0.060546875 0.028076171875 0.01904296875
0 0.627685546875 0.24462890625 0.02099609375 0.017333984375
0 0.517333984375 0.38671875 0.01904296875 0.015869140625
0 0.470947265625 0.21240234375 0.027587890625 0.032470703125
0 0.693359375 0.074462890625 0.025146484375 0.02001953125
0 0.6259765625 0.10302734375 0.015625 0.01611328125
0 0.642578125 0.10693359375 0.02197265625 0.015869140625
0 0.978759765625 0.085205078125 0.02685546875 0.021484375
0 0.943359375 0.104248046875 0.0205078125 0.017578125
0 0.97265625 0.10986328125 0.01904296875 0.017578125
0 0.953857421875 0.149658203125 0.01806640625 0.013671875
0 0.56787109375 0.25634765625 0.020263671875 0.022705078125
0 0.128173828125 0.978515625 0.03759765625 0.04296875
0 0.0855462984458841 0.7832159643385883 0.04610051770468049 0.04299175713286285
0 0.01904296875 0.71728515625 0.0380859375 0.0595703125
0 0.04173241096574168 0.8500965029807752 0.023475172229715763 0.05980745682109345
0 0.4247503180761645 0.8656277445454866 0.05231785790340371 0.06394356652097422
0 0.4502127072295682 0.9238363512616894 0.03926458020468049 0.04247376076339959
0 0.5446239194354549 0.8985919953205561 0.0325820563612762 0.050744826893936334
0 0.5953163593202072 0.8336348665589058 0.043625019530992626 0.040853633429483116
0 0.6986711566512704 0.9006089520076334 0.03938390193758812 0.04930969826339959
0 0.7423437337617669 0.8816539753467982 0.020692846742836668 0.040091208117713606
0 0.8141590031417683 0.7383347022640547 0.028471254819148584 0.03873007896852887
0 0.8074060775138265 0.5755447626894623 0.049484394530992404 0.04129763031759448
0 0.3355814993381528 0.6029857309324251 0.04084874568758823 0.049420697485427434
0 0.8440560671123347 0.8265207485548498 0.04089988357312002 0.052350384985427656
0 0.8179140574223341 0.8974403902827028 0.038373247513900255 0.0472825737820477