0 0.3985899791979788 0.13563555868747534 0.04086334204396369 0.06683120180417124
0 0.33720828177940376 0.0870315276105098 0.05697662329396369 0.06786378778492996
0 0.313720703125 0.02587890625 0.03466796875 0.0517578125
0 0.01025390625 0.34716796875 0.0205078125 0.0654296875
0 0.02607082310679998 0.3258765759966771 0.024868633168421916 0.059482250057678154
0 0.07457121448776072 0.2532049231785245 0.05263415453514031 0.07682822669227596
0 0.07377055829070112 0.3087125332571974 0.028120782850155512 0.048502105181801536
0 0.07893385771593209 0.39545777683762373 0.04780340452631693 0.08576137511535631
0 0.225830078125 0.44287109375 0.05419921875 0.0341796875
0 0.37648612574116536 0.3063396957941107 0.04820155254613123 0.09259731261535631
0 0.6238250153719729 0.4182106285702736 0.04886092430170341 0.04545306475521427
0 0.6886290416979788 0.42475989117870827 0.03842675159133213 0.058405258617109546
0 0.8968595515547901 0.39925440411590785 0.05500469074442793 0.05071136306639934
0 0.89892578125 0.45166015625 0.056640625 0.0166015625
0 0.98681640625 0.41748046875 0.0263671875 0.0556640625
0 0.9675128656461223 0.3387839735372809 0.041944485166254264 0.035280663459763884
0 0.8358732683164053 0.04318308047249725 0.04516337990634711 0.03208172809962173
0 0.8271319081501509 0.076335991002213 0.029073722003251312 0.03980691413459769
0 0.7835606646831237 0.03096874325742721 0.03665389305170352 0.04467080264857892
0 0.8771212222679532 0.04491792055993715 0.04690779930170352 0.04532790281815258
0 0.597412109375 0.015380859375 0.04150390625 0.03076171875
0 0.4345703125 0.116455078125 0.029296875 0.04248046875
0 0.11474609375 0.4794921875 0.03515625 0.0390625
0 0.036467184476157044 0.5654671446105558 0.0605560509547991 0.03744626436184956
0 0.20149407778373885 0.7806086178536801 0.04328594074442793 0.049960391444029306
0 0.19878962523823174 0.526363981537235 0.04429575818606857 0.04224176289682552
0 0.5277586236116061 0.6404010848848735 0.026295861819350175 0.025521595947536058
0 0.5073501202965909 0.614953687926817 0.03170502630835925 0.009815090992986386
0 0.49605841310061505 0.6584856666435945 0.02103370884907174 0.03540001638635115
0 0.5013875315941124 0.7340317319582863 0.039716600318266515 0.013733707491233038
0 0.435302734375 0.75 0.03076171875 0.03125
0 0.4469761583619124 0.8664301496977659 0.03209835853080523 0.024920519258720963
0 0.5177340530755351 0.8375728384320773 0.023844823974613627 0.041904125057678154
0 0.5579870926174846 0.9065027481139246 0.024309481877709427 0.033177643526209
0 0.6949696039509238 0.7094649594234481 0.025513557531888997 0.037146474494739845
0 0.696231469173523 0.8047300176437324 0.024560618378793198 0.04584166554194358
0 0.6718419413003018 0.8977472215300835 0.02517710359798775 0.023017608729005268
0 0.631741640354326 0.9431253388185202 0.024290674328173667 0.016150380744739845
0 0.6356102752552544 0.9769295405073353 0.026058717070433945 0.03815432747900527
0 0.673583984375 0.99169921875 0.02490234375 0.0166015625
0 0.4375 0.973388671875 0.03515625 0.03955078125
0 0.6103962715961267 0.5913241329653458 0.019687437473529856 0.028989779167820307
0 0.5539648078407079 0.6581800677660103 0.025352554260990923 0.01767780546327069
0 0.8412461846261547 0.7871672530511702 0.034155608513158464 0.04353778772725181
0 0.8920939445094362 0.7994754617190364 0.030334675945975942 0.04475230760312843
0 0.5833474559134626 0.7049430208044931 0.031406187473529856 0.02974075079019023
0 0.6352947108286332 0.6816692791908902 0.042171998320434056 0.03918691345976377
0 0.6719963062140824 0.6695881583552497 0.028670758186068568 0.04124046740033238
0 0.7167330989563427 0.6448306490056279 0.04308205093715234 0.054811913459763884