0 0.4139725003304534 0.42176387937288573 0.03412138954863919 0.0510103330504732
0 0.34334596677934004 0.37635396488154926 0.05477650249896904 0.04100547916868713
0 0.39357541246084515 0.3153585055083677 0.034490785414948544 0.06370564555047309
0 0.437206045254536 0.09426662350218792 0.03728362269888663 0.042500276895298617
0 0.5027663606828863 0.5156431158346539 0.0320456218658971 0.02989466515269079
0 0.5150003391814431 0.46525046166839135 0.03581877894888663 0.04238070274751626
0 0.525146484375 0.55126953125 0.04541015625 0.0166015625
0 0.3010921724072576 0.18006506355399166 0.02998781901552583 0.04287896865638685
0 0.36841375131973186 0.03628097065863384 0.03480481896606191 0.024274438448255442
0 0.1263376221053195 0.09678879347158481 0.03501270684872171 0.048160361648994676
0 0.24581840624210294 0.22939161563530447 0.03190354653270111 0.02501185265269068
0 0.5413856670215051 0.11353843354399748 0.03475697124896904 0.039371299148994676
0 0.6288177181485358 0.368770870276907 0.046039045015113356 0.058802863732732025
0 0.7271678478002266 0.43700036412536947 0.05039095366515467 0.05769674242607925
0 0.77099609375 0.54736328125 0.0380859375 0.0244140625
0 0.6765303164591957 0.1587798982140744 0.037885564215443424 0.04644638494455944
0 0.661376953125 0.00634765625 0.03857421875 0.0126953125
0 0.031005859375 0.612060546875 0.06201171875 0.05126953125
0 0.05776137680647411 0.6639823809703725 0.05646866678208251 0.04893755331646954
0 0.05257186984577299 0.8759761595688942 0.05761425186383509 0.10505003901720877
0 0.399658203125 0.98779296875 0.06884765625 0.0244140625
0 0.50537109375 0.595703125 0.0458984375 0.072265625
0 0.4562504818226185 0.6779120036179183 0.03538210271503095 0.06085567414899462
0 0.16370273270507207 0.6227073160121821 0.05304547291494849 0.06522025142238319
0 0.814453125 0.971923828125 0.0546875 0.05615234375
0 0.7662484881402886 0.6139381422437018 0.04879301699814431 0.06974434147903608
0 0.8045571672114638 0.7776019005786516 0.0555347268820412 0.05032268096794801
0 0.7395491267491132 0.9259798149703133 0.051836364764701104 0.07388973977460078
0 0.9762086039774018 0.7656733115699289 0.03226249216474231 0.07083057405416915