0 0.197625 0.08116666666666666 0.02025 0.041
0 0.22075 0.09316666666666666 0.022 0.057
0 0.124 0.05416666666666667 0.0425 0.037
0 0.253875 0.18616666666666667 0.03375 0.037
0 0.2565 0.2821666666666667 0.0545 0.030333333333333334
0 0.257125 0.37583333333333335 0.03525 0.051666666666666666
0 0.743375 0.10433333333333333 0.03125 0.06333333333333334
0 0.72425 0.17766666666666667 0.0255 0.04066666666666666
0 0.698875 0.18633333333333332 0.03175 0.05533333333333333
0 0.776375 0.2966666666666667 0.03975 0.062
0 0.64225 0.218 0.024 0.07133333333333333
0 0.553125 0.076 0.02925 0.056666666666666664
0 0.5635 0.28 0.0265 0.04733333333333333
0 0.525375 0.3631666666666667 0.03775 0.042333333333333334
0 0.51725 0.426 0.0165 0.048666666666666664
0 0.571625 0.5006666666666667 0.02975 0.04733333333333333
0 0.490875 0.5145 0.03775 0.049
0 0.514 0.5851666666666666 0.019 0.04766666666666667
0 0.653625 0.6513333333333333 0.02725 0.058
0 0.7115 0.893 0.039 0.03933333333333333
0 0.572375 0.8288333333333333 0.04425 0.033
0 0.51075 0.8513333333333334 0.028 0.07
0 0.510125 0.7601666666666667 0.03825 0.04633333333333333
0 0.43225 0.6936666666666667 0.026 0.066
0 0.421875 0.5726666666666667 0.03375 0.043333333333333335
0 0.39875 0.49083333333333334 0.0385 0.05433333333333333
0 0.405 0.4226666666666667 0.0325 0.06066666666666667
0 0.377875 0.32166666666666666 0.04875 0.054
0 0.412125 0.257 0.02975 0.056666666666666664
0 0.409125 0.20933333333333334 0.02925 0.056666666666666664
0 0.449875 0.1955 0.02975 0.04766666666666667
0 0.433 0.15316666666666667 0.0365 0.03166666666666667
0 0.475625 0.099 0.03325 0.066
0 0.30175 0.3878333333333333 0.0265 0.03833333333333333
0 0.291625 0.4583333333333333 0.02725 0.024
0 0.281875 0.5013333333333333 0.02725 0.043333333333333335
0 0.254875 0.434 0.02525 0.062
0 0.2125 0.4598333333333333 0.0345 0.042333333333333334
0 0.2105 0.4055 0.028 0.03966666666666667
0 0.2335 0.49616666666666664 0.041 0.03833333333333333
0 0.209375 0.5338333333333334 0.02675 0.034333333333333334
0 0.229125 0.6155 0.03525 0.021
0 0.176125 0.687 0.02525 0.074
0 0.15725 0.6863333333333334 0.0135 0.062
0 0.206 0.8011666666666667 0.0345 0.033
0 0.197375 0.8281666666666667 0.03775 0.03966666666666667
0 0.174875 0.8798333333333334 0.03575 0.037
0 0.2315 0.8845 0.0255 0.041
0 0.260375 0.7655 0.01425 0.051666666666666666
0 0.235625 0.6981666666666667 0.02475 0.051666666666666666
0 0.141625 0.5528333333333333 0.03575 0.041
0 0.14325 0.397 0.0365 0.09133333333333334
0 0.128625 0.10966666666666666 0.04375 0.06066666666666667
0 0.382125 0.8151666666666667 0.02725 0.04766666666666667
0 0.402 0.86 0.02 0.042
0 0.427 0.8845 0.039 0.030333333333333334
0 0.360375 0.7966666666666666 0.02425 0.06333333333333334
0 0.316 0.819 0.0345 0.06866666666666667
0 0.3005 0.6585 0.032 0.07766666666666666
