0 0.08004996447279217 0.08199074726096978 0.047010948312628476 0.0549364717819929
0 0.0742353662077338 0.15255238021540501 0.03512225204360042 0.06175252055047309
0 0.01806640625 0.152099609375 0.0361328125 0.05908203125
0 0.015625 0.22021484375 0.03125 0.0439453125
0 0.00830078125 0.046875 0.0166015625 0.0576171875
0 0.12353515625 0.017333984375 0.048828125 0.03466796875
0 0.2899910060364814 0.09961798969311048 0.0426545473144766 0.07940037699012414
0 0.07369570525266847 0.2740048526587522 0.034105897670978935 0.060696241951951446
0 0.33221534180208667 0.2897186669677113 0.035133030822142475 0.050073628599733855
0 0.548583984375 0.20556640625 0.04248046875 0.0693359375
0 0.5498046875 0.307373046875 0.03125 0.02490234375
0 0.8501092875954137 0.17066742038021865 0.04575584270427813 0.048020818183471314
0 0.9295407729088294 0.048796156367859084 0.0355417283268995 0.048160361648994676
0 0.011962890625 0.758544921875 0.02392578125 0.04638671875
0 0.30052929282402363 0.7251052233222351 0.026794119320294296 0.024573414110822034
0 0.10817715503887637 0.7206714787127438 0.026982299904859897 0.04113511856156116
0 0.3146131885703274 0.7762252264478413 0.027490477091170584 0.041663257860822034
0 0.6796552506903134 0.627559932776907 0.046681834553114365 0.058802863732732025
0 0.7773057067740915 0.6957894266253695 0.0510166779941823 0.05769674242607925
0 0.8196858867886361 0.8339728592029272 0.0387482973144766 0.07908151259603802
0 0.6743927972926057 0.9009874481180365 0.04554610456262842 0.05481689763421049
0 0.72985368110811 0.4175689607140744 0.03839183208165653 0.04644638494455944