0 0.46044921875 0.170654296875 0.0185546875 0.09130859375
0 0.12450405516911406 0.37776163143438446 0.06979143131113896 0.08022473925219087
0 0.2236328125 0.5029296875 0.0771484375 0.033203125
0 0.67041015625 0.01171875 0.044921875 0.0234375
0 0.779296875 0.0166015625 0.041015625 0.033203125
0 0.7864965014823282 0.09704052144757169 0.033809262221991654 0.057292706220946066
0 0.822440822599438 0.1345527040765278 0.06012623525170746 0.06593827313159362
0 0.7077769822812854 0.08230014551448495 0.05757859105066454 0.05652435357701635
0 0.7196448787375425 0.13854465518393788 0.058711605971991654 0.059034047729304984
0 0.6598219969315257 0.24421849637716986 0.043036391501707405 0.06474323484154332
0 0.6155877641080669 0.2897346581161735 0.048720390094361576 0.07000163080413069
0 0.5613478822847462 0.12601717126318723 0.03730798744924346 0.0891334193243789
0 0.48291015625 0.162109375 0.0263671875 0.052734375
0 0.48876953125 0.222412109375 0.0380859375 0.06787109375
0 0.492919921875 0.437744140625 0.04638671875 0.10302734375
0 0.7389190685677389 0.4772411229282164 0.043693491671281115 0.07499714109154332
0 0.7876533221149427 0.4791906742926457 0.037834116671281115 0.07458741367781174
0 0.8800091137758412 0.39572157722264834 0.055161917797157844 0.07191034591900625
0 0.973177139880953 0.07460969929041272 0.02829408254891108 0.0622540725572146
0 0.9183142634736071 0.07563424531110774 0.03292657117478792 0.05868926206865743
0 0.040055741054125404 0.5996660320501114 0.05747235309962173 0.04728115377816072
0 0.12761660384943785 0.8206420811728995 0.054442236659053345 0.06067987716900636
0 0.6522467058301046 0.9160309908278255 0.021527283505214267 0.04768418889348314
0 0.569157388375555 0.9165400314321516 0.03441689639857892 0.03643318827552333
0 0.5031485420819499 0.758804883300558 0.03134968046327069 0.02649684351980186
0 0.5154509417393418 0.6852928903406081 0.02450718547549846 0.04108725905149313
0 0.6351351229928026 0.7476183694629497 0.024569766444029195 0.04206382155149313
0 0.5283870267165016 0.8568161848951854 0.020319321117109768 0.03641957619233882
0 0.544090716569768 0.6770876211592658 0.026635686882844345 0.0363751663072146