0 0.01171875 0.38037109375 0.0234375 0.052734375
0 0.21930803784912234 0.4819642799758299 0.0323234929234939 0.05047761666880479
0 0.4196440236613109 0.6389020639317555 0.05711220333883493 0.04085686926663623
0 0.1185967615919637 0.534116303847292 0.042134571257357645 0.05444068141305225
0 0.121563275804632 0.19524343487286722 0.0333000554234939 0.050483298143229494
0 0.2405337928916773 0.16858998401547567 0.04347441833923282 0.04370701612468947
0 0.21281471079826875 0.24265249346879475 0.04387179292150556 0.035897356861901875
0 0.7207561786879574 0.4550346265077786 0.03647973625974399 0.07198471756650382
0 0.7639521953572754 0.4357533613824681 0.0442013295920165 0.06421766936190187
0 0.5343818328791494 0.27327403944379974 0.06030324750855076 0.06333485118991045
0 0.5479130345669609 0.11758049838689687 0.07386148917389179 0.05364876683185707
0 0.488525390625 0.613525390625 0.03759765625 0.07177734375
0 0.7686742107435837 0.6594287849406538 0.040181446257357534 0.05442931846420285
0 0.8586994319900043 0.6863215088249442 0.043565325006959865 0.051519516124689524
0 0.36255625743457687 0.7827136307654349 0.04830041417190323 0.03885261099681325
0 0.29034744910190635 0.7774103891580025 0.040181446257357534 0.05442931846420285
0 0.02001953125 0.918212890625 0.0400390625 0.04443359375
0 0.31482264157983353 0.9401614452174711 0.04680148042150545 0.0359144012851762
0 0.42347175659415104 0.8353176574041948 0.04146447667190323 0.0388128406758399
0 0.460693359375 0.92822265625 0.01806640625 0.0673828125
0 0.47900390625 0.904296875 0.0185546875 0.068359375
0 0.6169320332392089 0.9108162776848606 0.04733555709440296 0.0818128387851762
0 0.6044921875 0.7421875 0.0361328125 0.044921875
0 0.772705078125 0.735595703125 0.04248046875 0.03173828125
0 0.7312931420075035 0.7767068629809206 0.0362865595908235 0.0553831550665036
0 0.8498762794896066 0.9092416218351662 0.03137533875715892 0.05291334144438009
0 0.88937592573901 0.9138662527993691 0.03494671250894843 0.06611682035486677
0 0.921347155325061 0.8940313694681736 0.0175159687549713 0.036720519552433384
0 0.9733950749174753 0.8274351156254737 0.0489708508463913 0.09646979849681325
0 0.957275390625 0.9892578125 0.03564453125 0.021484375