0 0.18467381547206702 0.08056640625 0.026826330265149134 0.025390625
0 0.29944962434153033 0.07373046875 0.03031829849650114 0.0263671875
0 0.337181286946421 0.02685546875 0.022402083895685987 0.0185546875
0 0.3414715269609936 0.06689453125 0.026715331043121182 0.02392578125
0 0.28053337732520833 0.0205078125 0.042074048237176864 0.02685546875
0 0.08071744176288181 0.318359375 0.018118551867713717 0.02001953125
0 0.04507233387826948 0.3505859375 0.050863110737176975 0.02685546875
0 0.4747845709149694 0.20849609375 0.025857052386361712 0.01904296875
0 0.5076468369930609 0.23876953125 0.03790880005244546 0.0234375
0 0.209753873304234 0.07177734375 0.022927364886361934 0.01904296875
0 0.19583814599654026 0.0556640625 0.02798060684731607 0.0341796875
0 0.8212506978613512 0.06396484375 0.06461684647435395 0.0537109375
0 0.942251266060675 0.31005859375 0.06719896706584494 0.06201171875
0 0.28464820979606326 0.43359375 0.01919154434731618 0.0341796875
0 0.377197265625 0.41943359375 0.01611328125 0.01953125
0 0.2535529167453674 0.47021484375 0.016912706302445457 0.0234375
0 0.8920043115764007 0.96875 0.04447845474650103 0.0263671875
0 0.98974609375 0.89501953125 0.0205078125 0.0341796875
0 0.99658203125 0.9404296875 0.0068359375 0.0302734375
0 0.7624596864539955 0.67431640625 0.0389890771532605 0.03125
0 0.7298194188199598 0.64111328125 0.04106048599650103 0.0263671875
0 0.6865234375 0.6923828125 0.013671875 0.0302734375
0 0.7099630324097014 0.61962890625 0.04227361618298214 0.0166015625
0 0.7592872999155265 0.59375 0.03227142349650103 0.0263671875
0 0.7333142702243736 0.47900390625 0.03782751594988076 0.02880859375
0 0.9729430217716096 0.8349609375 0.03519382637528823 0.03271484375
0 0.845831365008767 0.5986328125 0.044086603476103436 0.04052734375