0 0.16784580586607803 0.24378125035350603 0.05562463292190317 0.05700691926184239
0 0.21344811251789686 0.10268388382669369 0.051553614586647534 0.03773204702796562
0 0.17197227251252784 0.045805537870987845 0.04722726333744298 0.045100550139854256
0 0.3862378608619021 0.2248668037839372 0.032629960838039596 0.04947993551281652
0 0.434339416698152 0.2583472698989273 0.04097619542190323 0.05552692963480451
0 0.39113840254016863 0.3391937593511473 0.0405447308392326 0.061988013313903245
0 0.6565361358708506 0.3399892379214327 0.043939972922300896 0.059729177560212086
0 0.636293993351164 0.14475520939385148 0.03242576292468713 0.08198268585858193
0 0.6639665958436075 0.07339777267279124 0.039579531672698565 0.0631914306721008
0 0.5426636504415898 0.20489540112657498 0.03234621959042583 0.0728681025252486
0 0.056396484375 0.3828125 0.02880859375 0.033854166666666664
0 0.7225226267106798 0.29126564749410305 0.021882091671306503 0.047743568119655556
0 0.7633283721305943 0.3272613271289076 0.025754251670909056 0.044231982020198846
0 0.987060546875 0.2760416666666667 0.02587890625 0.040364583333333336
0 0.9739867862826121 0.20479163540005452 0.03595134125357946 0.038757558092458545
0 0.8799246367013336 0.21545266046611125 0.03985759125357946 0.03915222199300198
0 0.8229484512750557 0.11537832522913305 0.036047929588039596 0.04982526642579196
0 0.9237289338001113 0.3714373387178543 0.03787037625318179 0.03504864004273026
0 0.99609375 0.14029947916666666 0.0078125 0.025390625
0 0.3895562963229796 0.8290812657458723 0.0317045333386361 0.055240644537680815
0 0.4236557563106506 0.7115394908507628 0.024931094172698565 0.06171144104506313
0 0.5183365233877532 0.6599615067598419 0.0258451583386361 0.05464864868686551
0 0.7196544112776407 0.4637032226884032 0.031499993336249865 0.03180314453768066
0 0.7675855171119021 0.47765243880339336 0.026208442920511166 0.040375065007766775
0 0.772565260035396 0.5451537273581714 0.029626411670511166 0.04072039592074228
0 0.7183663833744299 0.5956180160838969 0.032175769588437264 0.053336852525248446
0 0.7422981883801967 0.6546266244871574 0.02909267708664759 0.035462729599841016
0 0.7363255221345715 0.6969540456487744 0.024789052504374798 0.04543539937839632
0 0.7543581804732076 0.750813366534553 0.04662534875278396 0.03203038381895299
0 0.8081540008851681 0.7100653698212596 0.05088352000119312 0.01684938070706436
0 0.7951689233817876 0.6755795871444934 0.03590588791971577 0.03354922475912522
0 0.9025450029588901 0.6252842607303386 0.030154464587641927 0.045327020574976874
0 0.9648745529569016 0.6120676331390332 0.03562782833883493 0.0575884334382241
0 0.98583984375 0.5192057291666666 0.0283203125 0.038411458333333336
0 0.958423600438607 0.4318868032633539 0.03648507583744309 0.044015224413359956