0 0.010986328125 0.526611328125 0.02197265625 0.04443359375
0 0.009765625 0.35009765625 0.01953125 0.0537109375
0 0.025390625 0.292724609375 0.05078125 0.04345703125
0 0.08252545456918564 0.4272753176102799 0.06058449009907174 0.03793454561184939
0 0.797607421875 0.01220703125 0.04150390625 0.0244140625
0 0.8642578125 0.0283203125 0.0361328125 0.056640625
0 0.9650363818947321 0.04988936517164877 0.04382628448560455 0.059237735194029195
0 0.9848139525984475 0.02770423301956315 0.02694514634024836 0.04502155546327069
0 0.9676156237086634 0.08912724157899465 0.024437230206966754 0.06042752207341273
0 0.9175694313023162 0.12152187452127056 0.0413516232939638 0.06686249228843677
0 0.8612478196064935 0.2783656452450156 0.04004342265743088 0.04440155478843666
0 0.9509498295250687 0.3251548282345872 0.048306133168421916 0.060984193302418
0 0.8544228806210422 0.4456583710894231 0.04359877133142498 0.055331485194029195
0 0.7801371650978234 0.38474687982188915 0.052212383168421916 0.06123451717654138
0 0.725373067979868 0.3060447876522695 0.0354922482939638 0.06648700647725181
0 0.6660910514400861 0.2130384533095695 0.03885815455278718 0.05745998660137519
0 0.6833139149566491 0.24306812442321835 0.0384884456772453 0.05111233035137519
0 0.979248046875 0.567626953125 0.04150390625 0.06396484375
0 0.636003151837763 0.28696247397563635 0.036435555852323 0.07433079696151723
0 0.19189453125 0.612060546875 0.0556640625 0.02490234375
0 0.18699518940015092 0.7015833209671452 0.038052226918421805 0.06032709313284429
0 0.15279714999055244 0.7709061434916007 0.03823730917616153 0.03844830833564061
0 0.15324781614148075 0.8049293785702737 0.04917857068606857 0.04255466773947969
0 0.08585010060943848 0.7343337672572894 0.06660968416733815 0.04950920968876904
0 0.015625 0.833740234375 0.03125 0.06689453125
0 0.28056056278234864 0.7238019890353896 0.04652364303405676 0.06378871886535631
0 0.31852838354782786 0.7651501913413603 0.043627210475697176 0.055819766444029306
0 0.36085175354442334 0.6899556273186581 0.04062619729504746 0.07946393333564056
0 0.4015073012636181 0.7102138644218327 0.03690502955278707 0.0573348246643135
0 0.3818439427769298 0.7805510974183258 0.05801006408250875 0.06890293125346081
0 0.432525883591945 0.8040584843519267 0.025333291071517827 0.050755768526209
0 0.404541015625 0.985107421875 0.04248046875 0.02978515625
0 0.5935724673792528 0.6413857018272413 0.0352126726486075 0.05333470321151723
0 0.677978515625 0.612548828125 0.03369140625 0.02587890625
0 0.6563332354750733 0.641255479357003 0.04032781410015529 0.04928436728843688
0 0.791748046875 0.6083984375 0.05712890625 0.017578125
0 0.7777691664862174 0.7278465159479957 0.040446386474613405 0.042968001522702304
0 0.7546685760600559 0.7653248192714084 0.04475078449442793 0.05005426289682546
0 0.7185834658938015 0.8002299969199873 0.04858134865634711 0.03230076148947969
0 0.7656151090072687 0.8195931764777115 0.04739608055170352 0.045359193302418
0 0.8649921550557207 0.8088466769218327 0.05821395388978434 0.06405140923772623
0 0.947509765625 0.61474609375 0.02783203125 0.0302734375