0 0.012451171875 0.18701171875 0.02490234375 0.052734375
0 0.009521484375 0.4296875 0.01904296875 0.05078125
0 0.029748193979254434 0.3070396304118511 0.05673757272037028 0.06279827740729993
0 0.3641161549831027 0.22642339309414605 0.04508588943220482 0.0690749152269905
0 0.2838534299596649 0.09405339699821846 0.050383940268663 0.05153656054796385
0 0.09216961769502424 0.3753084273715843 0.04829070564328697 0.027610779297963628
0 0.5253919534930558 0.09252126298915703 0.03646814605917237 0.03193429211765425
0 0.8091564026565974 0.07658508409791298 0.04436608420714694 0.03295630641305236
0 0.5541279471605327 0.14935789885681128 0.02982145629126154 0.028479393783893303
0 0.6846905027977148 0.34894911098216264 0.04937705392910874 0.0344495575351762
0 0.8051301857914357 0.2622029775282225 0.0392329334649304 0.04122299881650382
0 0.988525390625 0.34765625 0.02294921875 0.0400390625
0 0.5169647863451683 0.2502673548484932 0.06428180587303234 0.03746446715154761
0 0.9488553067563662 0.22200264410817572 0.05731771115107054 0.035959853080574256
0 0.7782452788639185 0.3573098732641521 0.04755208615107054 0.035903038336326576
0 0.7297841397557011 0.4254221041266749 0.05658506786056128 0.05547689939451228
0 0.8684358719954867 0.264525398365832 0.03416087323284134 0.04460971945716752
0 0.990966796875 0.024169921875 0.01806640625 0.04345703125
0 0.11067627214881393 0.5524412171836186 0.03809147087068876 0.05048897961765425
0 0.17214946648159823 0.9665835833760947 0.03721274175309608 0.03486682035486677
0 0.26257755978993136 0.8264131013300756 0.039672519439236 0.02951277102814087
0 0.5693202230499714 0.6353628309156588 0.03056605198518514 0.03141192202110571
0 0.5090672910282124 0.7209935312967217 0.03821365189094322 0.04072903609207901
0 0.46240234375 0.721923828125 0.025390625 0.03955078125
0 0.462646484375 0.644775390625 0.02587890625 0.04833984375
0 0.48943046012002345 0.5601529891790675 0.029424589390943223 0.04067790282225614
0 0.5329848819214122 0.5369569518421198 0.03453936869701957 0.037779463431592386
0 0.7112130715421008 0.4876752855397273 0.03441121147505777 0.03631461968159236
0 0.6419023673419852 0.5595744554393303 0.04918780619701957 0.03786468554796374
0 0.7718958512898442 0.6316560836215843 0.036102045829427 0.022171507854866657
0 0.8330720028272575 0.6862388018952557 0.05399713295245934 0.059366104971238065
0 0.7880954563498559 0.7089380357705662 0.02740439767910874 0.03432172436061909
0 0.7961412516489881 0.8291631712846367 0.02824682675543977 0.02163777480946849
0 0.7284841960999431 0.8654092877226025 0.028667598462586708 0.05433841487340674
0 0.6802045571980332 0.7918489376548159 0.0244871054135416 0.017711639648981814
0 0.6640062806310771 0.831814140987294 0.02982743249296871 0.03970418105946849
0 0.5995283651622114 0.7982189942519855 0.023199114161197798 0.03088102971291995
0 0.6279653253117775 0.8584735988696397 0.03187197184265034 0.0519168937838933
0 0.6221657123288491 0.7460780077788436 0.03961740513081591 0.04561753006650382
0 0.6038728726434612 0.6927218368798617 0.028386936380815797 0.04555219311061909
0 0.5319315144612564 0.7611859936061902 0.023900990781134168 0.03332527670013241
0 0.5139018510835366 0.7718287553037569 0.03204926717132517 0.026052191219955168
0 0.49769117928214773 0.7951838739245979 0.03496058323518514 0.03143748865601714
0 0.463134765625 0.873291015625 0.02685546875 0.01806640625
0 0.564453125 0.9951171875 0.0341796875 0.009765625
0 0.6432255535750879 0.9855801236791082 0.0362058554135416 0.017779817342078896
0 0.609619140625 0.96923828125 0.04248046875 0.0615234375
0 0.6795894472191271 0.9105580961490635 0.027324935732841338 0.044569949136194165
0 0.7087099125524895 0.9630002007667178 0.026006620640943168 0.04065801766176946
0 0.7745360241217892 0.9365140278543271 0.02675121633486688 0.043590545898982036
0 0.8512619185905679 0.8133623711279986 0.02772777883486688 0.04359622737340674
0 0.8445678620400183 0.9457149972501224 0.031243580967274198 0.027999634745530244
0 0.825719674392796 0.8987064826011405 0.04028298170949074 0.019755668239778146
0 0.4867626204346356 0.5068877218708817 0.06158408517910874 0.03452057596548566
0 0.5490111771319166 0.9400872604994197 0.04075886772505777 0.036351549265353444
0 0.9368926375468756 0.6721869192098556 0.02004343605682868 0.04501561932800857