0 0.12451171875 0.004638671875 0.03125 0.00927734375
0 0.1461623333915515 0.1768073895225999 0.03043715897435395 0.05463169997683304
0 0.16781042986590544 0.22990448537137764 0.02995616234556664 0.04828404372683304
0 0.03975286736300271 0.11638918642410534 0.04899913109556664 0.0489490388489906
0 0.0901765942889673 0.3941747107554019 0.024792497797196944 0.06368737868611407
0 0.21524944050109446 0.3261625404991495 0.022816942298946374 0.05046968262215734
0 0.26969251155878826 0.3081054273536128 0.01777156159381721 0.06100725623841674
0 0.2658148234090268 0.25047118869663443 0.055310364239503085 0.08082372935481752
0 0.2869017924212536 0.36723240977217464 0.0438578970454474 0.07750186524431468
0 0.292236328125 0.466552734375 0.03466796875 0.04638671875
0 0.405740288143858 0.4301540214462092 0.03485412072260452 0.06793465182568204
0 0.468994140625 0.4833984375 0.02978515625 0.0126953125
0 0.5303612762120488 0.3303353653120431 0.03558683091491055 0.08403088191870367
0 0.545073545399126 0.17560600908520996 0.04385789704544729 0.07750186524431468
0 0.48198097291369857 0.13766423889355228 0.04520388031759448 0.05027747334316324
0 0.5751953125 0.119873046875 0.0087890625 0.06005859375
0 0.6767216010226845 0.3879494620099533 0.04108349312936399 0.07302207820942264
0 0.7182103613956468 0.36691771019585473 0.04830399727854884 0.06548239672107692
0 0.22857526686767454 0.5327365000628228 0.04569216156759448 0.050294524500141824
0 0.2823759263606766 0.5837316570510268 0.0514702524650299 0.05585318097690406
0 0.2693566307196429 0.6703512033301624 0.03184314912003994 0.07318638747683304
0 0.21235502283793328 0.7580170724873535 0.05377822899475149 0.041324101575752836
0 0.25830078125 0.9677734375 0.05078125 0.064453125
0 0.03857421875 0.99072265625 0.0498046875 0.0185546875
0 0.023107020501114073 0.6510447505693586 0.04429460931234608 0.08969184533733632
0 0.3702027196735993 0.7348802703123976 0.05465951478437381 0.09151476338388242
0 0.4300005853350306 0.6324295543993794 0.030525727698131444 0.04294705229078977
0 0.4679385238723268 0.6291464391550647 0.03676238472610338 0.041703873581508955
0 0.458251953125 0.497802734375 0.03662109375 0.01611328125
0 0.342529296875 0.516357421875 0.03759765625 0.05322265625
0 0.4885602187674165 0.7914542257364321 0.05015398431234619 0.08989645922107692
0 0.5398498739772175 0.6736342771780899 0.038952654047196944 0.06418186223848732
0 0.5452972737470189 0.8036705500908954 0.030844156121789368 0.06000279372683304
0 0.5751953125 0.93994140625 0.0087890625 0.060546875
0 0.564697265625 0.946044921875 0.02978515625 0.07080078125
0 0.550796819134534 0.953777507724636 0.045300310297196944 0.06440352727920651
0 0.60693359375 0.802490234375 0.0546875 0.06982421875
0 0.58642578125 0.826416015625 0.013671875 0.05712890625
0 0.634521484375 0.9912109375 0.02294921875 0.017578125
0 0.79345703125 0.968505859375 0.037109375 0.06298828125
0 0.889404296875 0.96826171875 0.02294921875 0.0634765625
0 0.873611097263937 0.8687390724922592 0.02278051919288293 0.0821227080872653
0 0.8597676395337581 0.7894220472539135 0.03616368088868782 0.07236328538963877
0 0.8740673568560244 0.7326217595387345 0.02333493866840941 0.05730562012215734
0 0.99267578125 0.77734375 0.0146484375 0.0654296875
0 0.9453435800174361 0.8397971602885219 0.028432464991252626 0.06673642428496285
0 0.99072265625 0.65576171875 0.0185546875 0.0625
0 0.9548540316462429 0.635802551282624 0.03190200272435395 0.054682853447768354
0 0.88427734375 0.498291015625 0.046875 0.01708984375
0 0.7794629030128034 0.5307942032192342 0.030451728216779328 0.04197048979078999
0 0.6677053503671175 0.5160930771963509 0.03189414146852887 0.028872151825681924