0 0.3820342869867865 0.1552782315403891 0.04262928261057397 0.03246802516305236
0 0.4693389703471478 0.18655412372583002 0.04193174092460161 0.0544321592014152
0 0.4134238077428971 0.06755236929870717 0.03949033467460161 0.05441795551535333
0 0.2452008047419757 0.3395783484546835 0.03975074858150918 0.033915824489778146
0 0.19340113187550378 0.3964174995090207 0.0410962342326604 0.030506377951415198
0 0.45323496150341736 0.39597564670600716 0.022082721244385484 0.05919850147570749
0 0.4936352304984408 0.14811341962481184 0.021786649273379588 0.03674040471292006
0 0.774169921875 0.4208984375 0.04638671875 0.017578125
0 0.5771220311439775 0.305329506609998 0.026232333994314627 0.03823081509783144
0 0.8235537134814555 0.2271571907289759 0.03813864672107692 0.04367008654092852
0 0.80963849642972 0.05223603300326829 0.038650181430428754 0.05831852404092852
0 0.0146484375 0.767578125 0.029296875 0.0517578125
0 0.054443359375 0.982421875 0.06982421875 0.03515625
0 0.19815375812024372 0.8712440727392794 0.048036034424672414 0.0754595010607515
0 0.24118915699801557 0.9115416423256061 0.03859902795949344 0.05685368029092852
0 0.30370931965527737 0.8274155560155165 0.047712062442083036 0.0661821573107515
0 0.4436135245099533 0.8209037881082573 0.0596121728664718 0.05746411324106093
0 0.45116716635318754 0.7584350362175935 0.06505147124438548 0.05944848635039701
0 0.4200628894116716 0.6561825626255144 0.08201110804093181 0.06979897766561804
0 0.6994884156149835 0.6186113604444615 0.06904917933165078 0.07606993401088369
0 0.5570327395159221 0.6842023188645083 0.06862910270956446 0.07802021827367134
0 0.53466796875 0.45654296875 0.0302734375 0.0537109375
0 0.6955992374701556 0.4642605114374263 0.04037079253510456 0.06565126500256568
0 0.6751192835853517 0.7850073186803911 0.056750689994385484 0.059400193817786606
0 0.5537109375 0.88720703125 0.068359375 0.044921875
0 0.96826171875 0.96435546875 0.0634765625 0.0712890625
0 0.9350817851147709 0.6829830807168908 0.08071212930848404 0.10249961772955618