0 0.08584773327807893 0.3222945874308424 0.06376555029945452 0.08273738127529984
0 0.30594490022853305 0.2207611025111833 0.06054956756596974 0.045062955817365635
0 0.04740458178446261 0.40153240367640103 0.06426318315733748 0.05158974021921203
0 0.5701102244914372 0.3579557814616776 0.02434852887180816 0.041704471604990356
0 0.6169879894304191 0.13966016791003122 0.023984655836278845 0.033891971604990134
0 0.6530887082578156 0.11071532041447263 0.016184200010131655 0.04419913359336336
0 0.7671096761297151 0.2689170436870283 0.019828243124352496 0.028316159967165966
0 0.6607312435408919 0.2829209107157702 0.01880619649491133 0.027288417995209535
0 0.5539234042883475 0.2641075750505997 0.03016107345938207 0.02009007165868293
0 0.53173828125 0.012939453125 0.0263671875 0.02587890625
0 0.8795134095865071 0.1465659186302427 0.029355749586278845 0.03417345870074873
0 0.8476934393124959 0.35684016176123057 0.021553947477146673 0.02353570641107794
0 0.7763671875 0.4296875 0.02734375 0.0205078125
0 0.70556640625 0.43505859375 0.0244140625 0.009765625
0 0.5331159060980251 0.3325222820553899 0.024484981260131655 0.044634159104990356
0 0.5278104183492288 0.19421281589191675 0.03547733147205803 0.0505682270465071
0 0.628824416229965 0.25334877741926287 0.02062421538957282 0.045406003717165744
0 0.5608008594418457 0.14797340675853382 0.02611971735404353 0.03790058054890233
0 0.3788125168021359 0.5037318962704622 0.03258108392764647 0.04067465336661702
0 0.42331702931226756 0.46250117205055236 0.02867483392764647 0.04046993547879263
0 0.3538780793795325 0.4715883317776477 0.03137710078044065 0.03574066139466092
0 0.177978515625 0.45458984375 0.05517578125 0.029296875
0 0.18668517977299026 0.5827470354189139 0.06207193961926383 0.056832885289321844
0 0.28807509486310845 0.623302719710282 0.046207474798205306 0.040414603474002275
0 0.30051755208521214 0.6714336930396234 0.03398974565733748 0.05000317658857312
0 0.31905481027941957 0.7673629731305917 0.031173768480940334 0.05229104442270471
0 0.29188095262333147 0.772791475151799 0.03259312810149928 0.051391251130638915
0 0.4594042853098146 0.6440290567745547 0.03809932795683757 0.033657511448353605
0 0.45367059243425834 0.8091704782184669 0.04668505815733748 0.050668509724002275
0 0.20175622014877473 0.9002259780635748 0.06077698821317573 0.049945768317365635
0 0.03781281560431746 0.8049973276371265 0.05616708048982269 0.05554924595758526
0 0.035287172510359927 0.7015861378474558 0.03344393610404353 0.03828442658857312
0 0.25140320422473933 0.527891463138126 0.04187047185149917 0.0518774561142219
0 0.14830352305861086 0.765756374024253 0.05586073575758732 0.059429906221607265
0 0.0932869362616549 0.7594467651087338 0.0498635620862789 0.035248227611826666
0 0.3848148584863486 0.9318459647772988 0.027902950010131655 0.04481328725683653
0 0.30712890625 0.991943359375 0.0693359375 0.01611328125
0 0.601318359375 0.976318359375 0.06982421875 0.04736328125
0 0.8876697331232858 0.8522429362403248 0.055930308234733994 0.08183966424965106
0 0.8495918733211956 0.7239632975023005 0.05324809088069049 0.04516739102769496
0 0.9392135878059296 0.6493655285344369 0.04758269657230785 0.05948316195998038
0 0.9598618915432079 0.5843687902796466 0.052817337933984465 0.05683496155573886
0 0.8328873707614723 0.5571564669533982 0.04927496096951378 0.06444274366791453
0 0.7148811564315314 0.5685930553186668 0.0471974277550431 0.07212729498802428
0 0.6639808109759886 0.6525622219147742 0.03639771195174912 0.05987116053248531
0 0.6359428272335304 0.4978877296743548 0.03660239053423431 0.06426569178248526