0 0.2631326348890515 0.06732074711386743 0.04126989278167015 0.06000258590175789
0 0.10149880142381432 0.11437431901786038 0.03934518284830929 0.06093368891278217
0 0.10732371457715448 0.23324259534049496 0.04354979104802065 0.0712785141407335
0 0.16994782507797918 0.2640169037322051 0.05466659953146391 0.06763365620234385
0 0.2285902444579586 0.14616050929576846 0.045716029047814466 0.07864819237970921
0 0.02197265625 0.074951171875 0.0439453125 0.05810546875
0 0.13720703125 0.428466796875 0.046875 0.02294921875
0 0.404541015625 0.4189453125 0.05224609375 0.0419921875
0 0.6318140398608865 0.05415947485186656 0.03156632303208251 0.04513821582912325
0 0.671773082278103 0.07463400924811225 0.026958678782288636 0.03771171322892797
0 0.6824764044771957 0.04263474419299074 0.02839510746564955 0.03676924534565973
0 0.5368691392439586 0.04266598101430141 0.030836513715649494 0.036826069706879405
0 0.5359964329314431 0.19020647262000878 0.02201381103187633 0.05223513713424488
0 0.5664441181303297 0.15133758370464434 0.02013172369847427 0.05463108389526905
0 0.5854331923832162 0.25438806545562087 0.027475375098927834 0.038699640601171925
0 0.5781867042350306 0.31871617686093767 0.02247367721523713 0.051269939506488615
0 0.5706792553699584 0.3752204233940106 0.03685217158216497 0.04233354192380645
0 0.768001064348041 0.1931633806858728 0.03159473809872171 0.04611477832912314
0 0.7159576333635668 0.151397265861285 0.02091460584913407 0.031227678512000923
0 0.596724894720742 0.4036775226174265 0.018876235649216533 0.028252531523025315
0 0.566650538194907 0.07707337421566862 0.02756960271503095 0.05870780697892797
0 0.6568524121640616 0.1676116061920142 0.02022219401552583 0.04097057376751301
0 0.1665187599385154 0.593137587977735 0.04467887911548463 0.043003661129709214
0 0.11324661264564928 0.8454872587368061 0.03504634703249487 0.03058069730707469
0 0.175048828125 0.98974609375 0.03662109375 0.0205078125
0 0.23996196687826776 0.8230287707757384 0.04054530858237104 0.03510024215175789
0 0.3189849771135669 0.8947395583182298 0.037084717232412245 0.03355584429605041
0 0.30810382542422676 0.6809628815396924 0.015642964832371042 0.034520633667317724
0 0.2750891556564329 0.6401282779826178 0.017993900765319593 0.04823796815629344
0 0.3857666697598967 0.765834533087696 0.03254288553208262 0.045160945573611055
0 0.2707454077596906 0.7558282044881299 0.02922959463245367 0.03190916259014753
0 0.03944739571002048 0.7621713699167539 0.03570511868232995 0.036451437179318535
0 0.25942887214688637 0.8928647626544711 0.03719837749896904 0.03746209429605041
0 0.37088486494676265 0.8910614222760858 0.03509795204863919 0.04912401993483084
0 0.7971432998072989 0.5727048387620663 0.027219639499175274 0.029910578101171925
0 0.8197463126404947 0.5683448103852868 0.012917407915979395 0.024698184306098048
0 0.8579922903060617 0.530146040675825 0.019483402282907236 0.015579948767513008
0 0.8934379160895876 0.5378116138496315 0.026228869465855675 0.02939956710668401
0 0.9060128753878144 0.4750733597889978 0.016653167516144318 0.018929728284049485
0 0.8321777287874432 0.46016230545792136 0.04896497521606191 0.022609497352148455
0 0.7133174971547834 0.48133778762489177 0.029661045749175274 0.02996740246239149
0 0.6181640625 0.44482421875 0.0419921875 0.009765625
0 0.9267578125 0.443115234375 0.0244140625 0.00634765625
0 0.9680530092044535 0.47554013606397616 0.025110231632659907 0.024494024862196206
0 0.992431640625 0.489990234375 0.01513671875 0.01904296875
0 0.9674562928050308 0.49604794856397616 0.027253279682948328 0.014296942973415827
0 0.97314453125 0.54541015625 0.0537109375 0.0244140625
0 0.9625195858079174 0.5985415515750004 0.023171314165979506 0.024936846623220488
0 0.9435812949082886 0.6112932801797314 0.028414540116103115 0.020667328967903575
0 0.8836984166752576 0.6206489532659727 0.03822278771606191 0.02235947016278217
0 0.6959075730736494 0.5591104765853301 0.03946929334913407 0.03165954365726997
0 0.6190276108886391 0.4977104196540584 0.048902919965649494 0.037246569979904554
0 0.5994439342096081 0.6501901398644967 0.05648287431540211 0.046206105563563415
0 0.5693088147437524 0.6783168412798612 0.03968763146606186 0.02239356477951393
0 0.6291363306615875 0.7212413565603517 0.021763300549257736 0.026855877006488726
0 0.7611569660947421 0.7179622158162112 0.028556615449298994 0.025550141467903575
0 0.8002620886947008 0.7174065618457252 0.024778233249175274 0.02985375373995225
0 0.8364569564451132 0.7329073647640194 0.015619774882865922 0.01695387353956168
0 0.8757093794954018 0.7440818256657773 0.019767552949298883 0.025345573767513008
0 0.8720035027799585 0.7874820325545577 0.03655381338245367 0.03207963567380645
0 0.9361014394469689 0.8011892269407557 0.045257630682536076 0.029354515874197018
0 0.9442444700123709 0.7564264601521706 0.02579741834913385 0.03134132723444005
0 0.9508179789774018 0.6984346401246099 0.03777190394888663 0.040403146668294365
0 0.9819348860603916 0.6869435958259771 0.027835788549051665 0.03431647422341588
0 0.98388671875 0.6416015625 0.0322265625 0.0390625
0 0.983154296875 0.756103515625 0.03369140625 0.04052734375
0 0.985107421875 0.78662109375 0.02978515625 0.0322265625
0 0.7677536650092782 0.6423809059164065 0.040696366331752554 0.05706153352951393
0 0.7119512844751339 0.6122539869861113 0.03254811064921648 0.028570747945855013
0 0.7013384325930926 0.6579364919134768 0.03348205054925768 0.027128633940342928
0 0.7743384458714638 0.4832466779053822 0.02472140311589688 0.027900628739952305
0 0.5874686269469689 0.7930747081585939 0.045887987265731955 0.034248693246440975
0 0.644862251212907 0.7685141270888891 0.03938404814921648 0.028729856157269973
0 0.6022299030506388 0.9238776670538631 0.03735988548261859 0.026242990418294365
0 0.7198960557292575 0.7590224837922095 0.027091771699298994 0.025516046851171925
0 0.7409257896630307 0.7751475381709421 0.02215212906602071 0.023449273128732684
0 0.7600592287300822 0.789274008060699 0.028153579399216477 0.02846846409565973
0 0.8059441048519584 0.9755259133963111 0.034657518515732066 0.03398730118483084
0 0.752307962317608 0.9381202352049915 0.035250477616103115 0.020826437179318535
0 0.6474609375 0.988037109375 0.0302734375 0.02392578125
0 0.6144766212644328 0.8220428183764976 0.016766827782701055 0.022835978284049485
0 0.5811590143349894 0.9595445197918622 0.04398270998282472 0.019077879879709325
0 0.8505431393923504 0.6350242255756298 0.02687865869950512 0.018191828101171925
0 0.8470294752081649 0.6046485042254344 0.024621950382659796 0.02448265998995236
0 0.8878357445074225 0.5792132362494362 0.02713439429925768 0.026980890601171925
0 0.791259765625 0.447509765625 0.03076171875 0.01513671875