0 0.06723947343726316 0.31879851622251565 0.04269920551535333 0.038833711648804115
0 0.2667113745996945 0.1971395760335879 0.0403146140096009 0.04852829898220623
0 0.3588989691328852 0.4684221099309488 0.029010286092078896 0.035506213215855675
0 0.38656875281125 0.5810625531134849 0.02770452362597231 0.06280734061589688
0 0.28466796875 0.6572265625 0.0498046875 0.044921875
0 0.3293300344615555 0.3464474928651343 0.049115039458450305 0.05073715958195879
0 0.3356215270683669 0.1884006507316498 0.04220240205371617 0.037354660365484516
0 0.16168829479150876 0.2014091751198765 0.045600485643229494 0.03403614434872171
0 0.10831126208045183 0.47822348908800016 0.04120311365601714 0.03341999529884543
0 0.207454430627092 0.6451985334185157 0.043221575611901875 0.044707294182123825
0 0.4831461737716043 0.6014537697107633 0.028175760452698206 0.05989186064921648
0 0.4278204845504071 0.4577300596290106 0.015031937023671338 0.06634419474958753
0 0.27500330808752793 0.28284453038334045 0.03732243029092852 0.037700866282288636
0 0.20099412154018514 0.41254933788540227 0.02862427138172463 0.053070130682536076
0 0.231116999967929 0.43930911120121674 0.013487552631724853 0.05262969714962895
0 0.2306823671744347 0.5140161424512167 0.0359087198107515 0.04644730618232984
0 0.960205078125 0.0234375 0.03759765625 0.046875
0 0.98828125 0.44189453125 0.0234375 0.0576171875
0 0.9378834103061187 0.4545789228682271 0.029052897150264823 0.042830431965855675
0 0.9194903192766949 0.5102055878854024 0.04180218365729993 0.05247717158216503
0 0.6946088846053653 0.38254795749175274 0.04194706125513137 0.07737951533216503
0 0.6247619399576663 0.38442253022705164 0.04191581314579518 0.07200842158216503
0 0.6314258946898288 0.07841226181024752 0.03996268814579518 0.07195159144888663
0 0.758401094486469 0.24619713553997957 0.049171854202697984 0.06050278458195879
0 0.7190630429768681 0.29242381412441254 0.0486153952596009 0.04876982704863919
0 0.8823652020555385 0.17606117271983523 0.026651261221237954 0.04959533179925768
0 0.6445456900190387 0.42553238284315476 0.03881284067584001 0.042138020132247433
0 0.6995027345036854 0.4647354903582681 0.025192098945662877 0.050529271699299105
0 0.9067650608694765 0.17921295563581469 0.024666888111901875 0.044167407915979395
0 0.536865234375 0.71044921875 0.08935546875 0.0615234375
0 0.6971497166577986 0.9182351113417115 0.05311787452367134 0.06745238234851536
0 0.796988865821472 0.9655812494222269 0.05214699349809615 0.06840052978187616
0 0.9759614766955405 0.8418607490838765 0.04376383086893698 0.053998845465443424
0 0.6822011376648747 0.7175709502421651 0.05446624804796385 0.04747547369847416
0 0.6207622711801871 0.8691295286105362 0.05021091292137042 0.07127338714859799
0 0.85302734375 0.705322265625 0.0302734375 0.05126953125