0 0.2381098990747781 0.2336426570992478 0.046396461650207055 0.06806750657215588
0 0.27192112123122403 0.1612573884850259 0.03070173021055589 0.06043828725683653
0 0.333251953125 0.311279296875 0.04345703125 0.03662109375
0 0.356201171875 0.27685546875 0.00732421875 0.056640625
0 0.347900390625 0.118896484375 0.02392578125 0.05908203125
0 0.21505157435319333 0.08332672504076477 0.04197213759603802 0.037691710128243794
0 0.1689453125 0.019287109375 0.0361328125 0.03857421875
0 0.564142794712803 0.0490342972647671 0.038354798013512714 0.05889459803248531
0 0.5368386610034002 0.12304002431127431 0.022092069225340016 0.05026322648118775
0 0.845947265625 0.019287109375 0.04150390625 0.03857421875
0 0.694580078125 0.00830078125 0.02783203125 0.0166015625
0 0.641845703125 0.004150390625 0.03173828125 0.00830078125
0 0.013916015625 0.759033203125 0.02783203125 0.07177734375
0 0.02841862795050254 0.6632658454898162 0.03654121647903619 0.048589512310529104
0 0.00830078125 0.470458984375 0.0166015625 0.03466796875
0 0.07772569423140152 0.47434112534071393 0.050163329357125974 0.030828106625848672
0 0.1675788647867238 0.6319446305421604 0.034129683619426476 0.05478363014466092
0 0.15225251810440554 0.7205241021471507 0.036601043846037795 0.03741022303248531
0 0.11066857341099934 0.8178352279809334 0.057646899717947786 0.056988499971607265
0 0.7452355528544647 0.6629663465352766 0.04554953854308108 0.03982396328009008
0 0.933563070747398 0.5251099177422114 0.04390529327829684 0.04946163960019989
0 0.982666015625 0.980224609375 0.03466796875 0.03955078125
0 0.9912109375 0.6689453125 0.017578125 0.0517578125
0 0.989501953125 0.510498046875 0.02099609375 0.03857421875
0 0.8291804727363098 0.5379359297274915 0.0480806455504732 0.03509468919595837
0 0.6432335666917207 0.975283740389569 0.03325280653568896 0.04404144264466092
0 0.6229453361006503 0.8709174253030422 0.047572475568953276 0.022913247681936477
0 0.6268822653532524 0.6368045514620739 0.03537534839160261 0.04026314132455111
0 0.8001417483149614 0.8189687542411646 0.04364625625121232 0.0343761003221561
0 0.913330078125 0.977294921875 0.04638671875 0.04541015625
0 0.9493272918680367 0.6100985212446065 0.04009872869455933 0.03856591368433171
0 0.8868467776684505 0.7457729191413136 0.03258512377090472 0.05373029843672672
0 0.9192326917792725 0.7700652617606747 0.017448405020904723 0.05293701662140737
0 0.9253309733161736 0.8447722930106747 0.03935132983125378 0.047278206976397286