0 0.0068359375 0.4469401041666667 0.013671875 0.060546875
0 0.07839539165171505 0.43182496378131274 0.05016324877090472 0.07465700050735258
0 0.03317389629937911 0.1588527698388329 0.04339704271055589 0.08297442285547015
0 0.21272193342007695 0.19674524080749042 0.03682022282386166 0.07061794406729745
0 0.28857421875 0.2688802083333333 0.0224609375 0.052083333333333336
0 0.4184885163648139 0.2018209825973584 0.033840773201951446 0.045718928536921055
0 0.38387063208160865 0.30160321012119046 0.025599819318953276 0.029947809218371663
0 0.5099463964805442 0.13706187628858646 0.028848371213039625 0.03547500694579142
0 0.6946561718598463 0.138814878317997 0.03673060265269079 0.04538675126434052
0 0.7057672276345064 0.20621755268744302 0.03096092841008291 0.03829174987518217
0 0.18048603095097582 0.8318419685971218 0.03885306392238319 0.07213260366335501
0 0.19945902650266123 0.7467414607695247 0.04023827216008291 0.039301487123122314
0 0.2762088029238321 0.7295350218844073 0.034817335701951446 0.0458252166682831
0 0.2712658407119457 0.5854688630453379 0.027792092614518094 0.03406663548109604
0 0.4424838678820226 0.9027281043036073 0.11015203049503253 0.10382074672241275
0 0.5944888647564164 0.940899715927459 0.055673805400206944 0.09336446376514888
0 0.884033203125 0.9860026041666666 0.04345703125 0.027994791666666668
0 0.934651156805618 0.8442251805905773 0.08333633920807215 0.13323733018056375
0 0.948123258041987 0.6562867151866348 0.05543465710464224 0.08945821376514873
0 0.8788570519816381 0.6395725304609104 0.08609669043837975 0.10702291843835991
0 0.550537109375 0.4921875 0.06689453125 0.024739583333333332