0 0.42831638552830165 0.1577411259168608 0.04017501081262842 0.05259952149431457
0 0.46721140993394883 0.040824888678373306 0.03794168108350471 0.06958705830244427
0 0.44357746475848625 0.2259578893586603 0.024161209244182302 0.05447823956402764
0 0.5576171875 0.22412109375 0.0244140625 0.048828125
0 0.08274422397860998 0.04693698162734655 0.04793694016146488 0.06359747634899049
0 0.362548828125 0.00732421875 0.03955078125 0.0146484375
0 0.509521484375 0.51953125 0.03857421875 0.0205078125
0 0.2919921875 0.505859375 0.0283203125 0.0478515625
0 0.9650137397819978 0.21335868149815723 0.024790423669130757 0.03402158053496285
0 0.888089951497638 0.1507083325856352 0.01964896399709115 0.02750341271517892
0 0.9152057290404512 0.16731454163786685 0.014357453992334124 0.02926897498841663
0 0.771868235219096 0.14306480910347102 0.026425213688158866 0.026277285162876418
0 0.6226953946295001 0.03466639230166463 0.030799849001848123 0.025942464325681924
0 0.659637337548117 0.2050067881736093 0.024880786192915894 0.024273006691941212
0 0.6900301506659815 0.20101992894094894 0.022638339306023325 0.029070563407049277
0 0.7222368172296707 0.20038283383037508 0.019997973692915894 0.02410249512215734
0 0.7313276420158787 0.24053505212685045 0.028477818369712526 0.02878689604078999
0 0.8017288429188903 0.22393658042894032 0.02569818120242995 0.020400859005898053
0 0.99169921875 0.008544921875 0.0166015625 0.01708984375
0 0.6480230520919908 0.2746496464992204 0.027182920888740636 0.02094029372683326
0 0.6680069672777877 0.4782505231444736 0.017905577138740636 0.02061632174424366
0 0.9599129245494512 0.3744403405272221 0.02360578464825469 0.016914685627984483
0 0.7667019382613951 0.3655846498476439 0.02421344151611915 0.019861424284962848
0 0.6385401460087596 0.4714781437201555 0.01730703742864481 0.02985956318028693
0 0.9602776543731684 0.17402956528887634 0.02335625463398361 0.022757009471006062
0 0.8440932592925727 0.2731661751439066 0.025079745556023325 0.029155819191941212
0 0.6895700734561592 0.32000709352814344 0.024741514638740636 0.020855037941941212
0 0.7199446087455165 0.053211765999007746 0.02343583837922658 0.024710134471006034
0 0.6694037716020188 0.07301739026080378 0.023245996173887784 0.03201730206402764
0 0.7029069972674534 0.0884253717723163 0.02257865149709115 0.027605719657049277
0 0.8554149431332293 0.4380626260857061 0.02064542243340184 0.028025796279135706
0 0.362548828125 0.56103515625 0.05419921875 0.0625
0 0.229248046875 0.96533203125 0.09716796875 0.0693359375
0 0.3627076346015049 0.8254789177716784 0.07427345294661214 0.07573165641884527
0 0.6428799307991778 0.8174618038879378 0.04706151896379196 0.04211310134899049
0 0.7292808312505469 0.7432569935446326 0.038012147670978935 0.059350203209422636
0 0.8642967953187197 0.6127448232883802 0.033615954800205516 0.08308842173266032
0 0.879676441112867 0.8096802740034174 0.03724532331262842 0.05249721455244427
0 0.97412109375 0.8115234375 0.0517578125 0.0595703125
0 0.7774656833184792 0.948798590585139 0.06401042953884328 0.06318360202927742
0 0.78857421875 0.977783203125 0.048828125 0.04443359375
0 0.796630859375 0.98193359375 0.04736328125 0.0361328125
0 0.85595703125 0.994873046875 0.0458984375 0.01025390625
0 0.57421875 0.952392578125 0.0087890625 0.08447265625