0 0.12507085964674758 0.33485187981055736 0.03876336316499107 0.05874232559731618
0 0.030517578125 0.15478515625 0.06103515625 0.052734375
0 0.05214681126484333 0.1087316467948316 0.04666556392238319 0.05448850868880717
0 0.09137905046564165 0.21192999664039824 0.03520593153568896 0.044885451893936446
0 0.15657941315650503 0.1775664637062433 0.025689439490124144 0.04125276932109345
0 0.4241372464938793 0.08975445126449412 0.040477339869426476 0.05596063706001994
0 0.9032120929768481 0.2908386991811934 0.03903246543716732 0.04420488731934391
0 0.6410349351172384 0.26458518244753504 0.04594811903568896 0.04569944618880717
0 0.896484375 0.3720703125 0.0322265625 0.015625
0 0.10636696636723841 0.44095345021558696 0.0520266730135126 0.06071788109556664
0 0.16150305074042004 0.4937702625873763 0.04722357661203436 0.06132444618880728
0 0.24277796483911906 0.7981489253233804 0.07527486742607925 0.05423008713868782
0 0.42411961417655264 0.8035380481234801 0.06360587954798946 0.07178578164043747
0 0.4697265625 0.420166015625 0.078125 0.08056640625
0 0.3868800356801303 0.6037042951398021 0.11498491970068003 0.10673575570803195
0 0.2303311406037849 0.6075633776048515 0.07446756060955051 0.09784240197260452
0 0.7126820753708161 0.45102235776220717 0.06062651051230039 0.02934231263111342
0 0.5947265625 0.38671875 0.0615234375 0.013671875
0 0.6666043169422532 0.46177853787002027 0.03489697121425195 0.058934608921908604
0 0.5833183845458606 0.7237181330448512 0.04796099081646954 0.05846875817015906
0 0.7641817372921645 0.7349666308449508 0.06493126041868713 0.05829890534381721
0 0.537109375 0.85107421875 0.0146484375 0.0517578125
0 0.5927734375 0.994140625 0.0419921875 0.01171875
0 0.883544921875 0.97900390625 0.06787109375 0.0419921875
0 0.535400390625 0.630615234375 0.01123046875 0.04541015625