0 0.018798828125 0.023193359375 0.03759765625 0.04150390625
0 0.18659780303389972 0.11645569504196074 0.047012965005968965 0.048543277917338035
0 0.08035243716721518 0.23062910138901815 0.048017427517552225 0.03544500160015551
0 0.004638671875 0.1591796875 0.00927734375 0.0458984375
0 0.09030871569606735 0.2957932049958294 0.08868118052337937 0.04171170057476914
0 0.2350585399346965 0.2278971209791132 0.04664868840704939 0.024157654561610675
0 0.2697978248128936 0.14380816535682261 0.03657769833157998 0.05670667924334416
0 0.3541294252548348 0.12474547777741207 0.04982949670949344 0.05942766113870035
0 0.369862913800885 0.2626586718368551 0.04745009278503365 0.047106873311610675
0 0.35174379832980807 0.30514877218159175 0.04049479718618487 0.04329075654179615
0 0.36359119953312 0.35819116197122036 0.03151817195942286 0.03740775819489217
0 0.2566157454166482 0.40920565220264304 0.03755426083157998 0.056763557531889
0 0.05043085096319433 0.38692198792539556 0.07285776894201224 0.049073990063777995
0 0.02783203125 0.458984375 0.0556640625 0.021484375
0 0.22265625 0.4619140625 0.033203125 0.015625
0 0.5966579483944028 0.16659657707786718 0.04336868466301813 0.06977170061888605
0 0.6002944706848383 0.244603004703409 0.04861421801179605 0.05253484535015551
0 0.453857421875 0.41796875 0.00830078125 0.0478515625
0 0.7055554953008141 0.3407602447318936 0.06339286246524978 0.04316255257260149
0 0.6904621719692342 0.3946798878365374 0.03905940919791018 0.07195715457043406
0 0.6379153596959966 0.3862373665051124 0.029923121255968854 0.047547907867802275
0 0.716796875 0.0126953125 0.033203125 0.025390625
0 0.83984375 0.008544921875 0.0478515625 0.01708984375
0 0.20095637086526702 0.7369785801987676 0.021763395814027642 0.02319553945371544
0 0.12020084613836296 0.7797347200766302 0.02829861479078999 0.028936342079257327
0 0.03287290931864992 0.7585023928575887 0.03971664626755228 0.03496153614752373
0 0.3922447978183664 0.8635886129077487 0.0176587342326604 0.03124036840526334
0 0.15887426032994983 0.8632067348397887 0.03410683631985478 0.027812768060526794
0 0.40334661536505445 0.8118828628989253 0.029002358779135706 0.021180720367802275
0 0.06885690795807597 0.7928903303222951 0.02589131085474672 0.029770708857895123
0 0.5483242862485825 0.8238974584961358 0.036298677517552225 0.03476246213761658
0 0.5883555906960674 0.8824955686535668 0.03311322266287642 0.027267608521981845
0 0.6647150284228297 0.8815609814100694 0.0205884217326604 0.031411003270898075
0 0.5522026569351928 0.656791514419046 0.03331783654661713 0.033126983521981845
0 0.45263671875 0.953857421875 0.005859375 0.02685546875