0 0.19384765625 0.015625 0.0458984375 0.03125
0 0.228438264316991 0.10635105290928715 0.03168479179566097 0.05178091010531882
0 0.1386868288588583 0.12771499720779866 0.026633433234733994 0.0795021426033331
0 0.09610200139313818 0.09330766056035222 0.03733148288827781 0.09969213347177286
0 0.11466745915701787 0.2614639161406358 0.027416015043116637 0.06487927404609906
0 0.08432579546285612 0.25947064757347293 0.028391231260131655 0.04391727221978714
0 0.06247754742732686 0.2512831364129058 0.03316167971951367 0.06254014356716286
0 0.013671875 0.270263671875 0.02734375 0.05712890625
0 0.01220703125 0.326171875 0.0244140625 0.0458984375
0 0.32336546655052134 0.04946189909368348 0.04493526545683779 0.03249682655205621
0 0.38916015625 0.02001953125 0.033203125 0.0400390625
0 0.44932197955177067 0.09313064249786662 0.029869465466969336 0.07565555346978714
0 0.4178606419273725 0.1613731671024059 0.02925542971951378 0.06247195971978714
0 0.37862690330047566 0.14653969535956946 0.03137844706342552 0.05567863712439691
0 0.29882706820906246 0.2349174926409887 0.03895282852535198 0.061177575588226674
0 0.3229308195008841 0.35438199091602396 0.03823847291113114 0.07726528789546072
0 0.5279512714515664 0.3313354390698543 0.07935441777789631 0.048709912235673114
0 0.699592047016424 0.046479711339285246 0.06350199713069049 0.04355436434616966
0 0.8695580598628802 0.029443223411978664 0.05675702788957282 0.04538816761326192
0 0.8473513239237614 0.09735940340403565 0.03658099475249865 0.08357885222177275
0 0.8717614923208303 0.3910039402343193 0.061721457040572414 0.07865095347971574
0 0.6911655836419801 0.21123751546885983 0.04798000956342552 0.0559684184757443
0 0.18174505608873193 0.5843151554868055 0.05975359530074953 0.025925101460637756
0 0.13748270096562876 0.5976911974919832 0.03291151700758732 0.057169049817162865
0 0.08837643080306565 0.8632188643958135 0.046026884563425574 0.055934326552056435
0 0.26892678297946276 0.8639309610869466 0.06304850211926383 0.05476778713432573
0 0.0380859375 0.98486328125 0.0546875 0.0302734375
0 0.01708984375 0.7744140625 0.0341796875 0.04296875
0 0.5597134963032483 0.5708987165141793 0.03603383891621981 0.050881054433616735
0 0.676513671875 0.984130859375 0.03564453125 0.03173828125
0 0.7482075604820528 0.8469162083960926 0.038473898883234714 0.029944621550070605