0 0.15740683114649778 0.1882183320018611 0.04629329997252085 0.07054437331161056
0 0.2795683727878234 0.2949090539257019 0.04608308541880479 0.034411560811610675
0 0.20639720371813292 0.302850213534834 0.047011355386194276 0.026167657850155512
0 0.660888671875 0.018798828125 0.03076171875 0.03759765625
0 0.50634765625 0.015380859375 0.0341796875 0.03076171875
0 0.39892578125 0.086181640625 0.0380859375 0.05224609375
0 0.4147550779963146 0.17476088968374803 0.046020589200132356 0.023669373311610453
0 0.9495871584035738 0.06631019345062872 0.050210912921370365 0.07272501146579025
0 0.990966796875 0.179931640625 0.01806640625 0.04931640625
0 0.1417259930538386 0.9471739286080596 0.024292236350397012 0.06438179931935029
0 0.5004125579968541 0.4937647334072777 0.022767737118937093 0.05404257563653281
0 0.46279217584915505 0.4876686692982989 0.03393570965026471 0.04395448845479921
0 0.40773887184981683 0.5894070756012393 0.024133155066503778 0.037038049319350175
0 0.4232335234885768 0.6518121265736853 0.04608024468159236 0.033923279561610564
0 0.4694813716656996 0.7145439998852958 0.03205076234336185 0.05555948187770943
0 0.4394042705838833 0.8304281150461313 0.032448140002565684 0.039962921021981845
0 0.49482971115804336 0.792654552493191 0.026588765002565684 0.03962165129071238
0 0.530020050004592 0.8005615458808075 0.024201332759600902 0.048756799319350286
0 0.5588087585941053 0.7988214866428822 0.026588765002565684 0.03962165129071238
0 0.5150878643338833 0.8348361824083614 0.027579531188627604 0.042119935829257216
0 0.49658203125 0.974853515625 0.025390625 0.05029296875
0 0.536376953125 0.991943359375 0.02587890625 0.01611328125
0 0.6229699387622889 0.9201943566483011 0.020729390002565684 0.03928038155944291
0 0.6788918572475566 0.7999581411339056 0.03784195965026471 0.044182001608978894
0 0.6702725878792406 0.6608312398255465 0.029067100836326576 0.04611150326207469
0 0.6700765770115864 0.6271398335755464 0.029455956283893303 0.029050098656347112
0 0.6363081453063226 0.5280380030150196 0.031128173850397123 0.06477994733916448
0 0.5906139153350846 0.4765650375976815 0.03148009971420285 0.04137088648343701
0 0.590304926079994 0.5912542530591366 0.031023066573539038 0.04671354108916459
0 0.5551912871381797 0.59653085342152 0.02376702551663612 0.058005703925077756
0 0.5322054643549482 0.6728024932464423 0.026673987118937093 0.05427008879071249
0 0.7052406981221646 0.4627404240017079 0.03341049881650382 0.037578393060526794
0 0.7294934897021178 0.6042422216767857 0.020851541702697984 0.06027647530944302
0 0.8021590075480045 0.5093869995676537 0.02861858990729993 0.052919001617802275
0 0.8283645985774284 0.5670466179640936 0.032394165995530466 0.030685577271981845
0 0.8324242483868969 0.5936413186182732 0.033827761636194165 0.025399800954799323
0 0.7972342350908778 0.6696902610863842 0.030503537214202847 0.04131400819489217
0 0.7652292500934434 0.7058992150644022 0.023256018368937093 0.05407101478080523
0 0.7161862057168908 0.9178137332043397 0.03197406243862755 0.04237588812770943
0 0.853713589170831 0.8130690422834438 0.028610067695662877 0.051454157867802275
0 0.8878989581452557 0.8160363448825154 0.029098348945662877 0.051482597012074915
0 0.9078275858044595 0.801577349797686 0.018844442695662877 0.05088537498235324
0 0.9455982014738853 0.7495963843009373 0.02813883086893698 0.054355406223529856
0 0.9783815484675119 0.8471764928229193 0.02464984368862755 0.041949300963622704
0 0.9366620717399005 0.8916057264154883 0.01583805529092852 0.037531146366718504
0 0.9036394517193749 0.5850981211820513 0.032998917471238176 0.050733547666254264