0 0.1738927581582761 0.15113663378718578 0.03521689767910874 0.0345546775043748
0 0.1648221479144681 0.08162456461846429 0.04837614379126154 0.0288543891728974
0 0.20849609375 0.0078125 0.041015625 0.015625
0 0.33329246006093816 0.17840789047579275 0.04073452008721057 0.030716607505170135
0 0.20626673497841508 0.23362809879255486 0.03774971827879048 0.04677875375457363
0 0.01123046875 0.375 0.0224609375 0.044921875
0 0.2693960115158284 0.2886170692184351 0.03473459263081591 0.045768101254175964
0 0.33068150600804486 0.29763942214351996 0.04475653207473951 0.04881142208883493
0 0.38596530171979226 0.13503074464908787 0.033294096518663 0.05160474958724415
0 0.37523595228524376 0.19062662714829248 0.0332697488808158 0.04575105625397713
0 0.49063389888642983 0.08394939257934297 0.04672205230917248 0.032249631255965694
0 0.5676597125351567 0.035967835922552704 0.03341627753891774 0.04185048792071
0 0.4951171875 0.018310546875 0.0478515625 0.03662109375
0 0.5929376753647578 0.3280626355127797 0.027556902538917738 0.04178230791991466
0 0.5634097192207186 0.4029909096763309 0.03600421244701968 0.03797832792110789
0 0.5275327783336237 0.3605385071709619 0.031139771383159598 0.032556099170511166
0 0.49290199528692236 0.4099909313335188 0.04367018378891774 0.04196980292210206
0 0.17497623005952084 0.4292641117072993 0.05394843767676494 0.04794281125676103
0 0.661865234375 0.448974609375 0.03466796875 0.04150390625
0 0.6888309337588842 0.3603095300564747 0.025444853646382937 0.06224466708605103
0 0.6878291379589998 0.2879586800554803 0.04112496795480314 0.04633024417170439
0 0.7337574564675355 0.23228359631104833 0.03638868411290508 0.04237285917110778
0 0.707275390625 0.02001953125 0.04150390625 0.0400390625
0 0.655517578125 0.00732421875 0.02978515625 0.0146484375
0 0.634521484375 0.015625 0.02978515625 0.03125
0 0.783203125 0.013671875 0.0322265625 0.02734375
0 0.9482421875 0.013916015625 0.029296875 0.02783203125
0 0.994873046875 0.0400390625 0.01025390625 0.0439453125
0 0.987060546875 0.076171875 0.02587890625 0.0322265625
0 0.9660617981559323 0.09666243425760945 0.03601018864872674 0.049197433337641816
0 0.9541239194153074 0.14931158425661517 0.02532311545714694 0.03297620041971583
0 0.9318641820508109 0.12999021383670056 0.0439081267967012 0.05026490250536908
0 0.9254605258303534 0.035581482584712 0.02477971989872696 0.04906675500278401
0 0.8916940859442721 0.4159468946679791 0.037633513460242796 0.06775212083764193
0 0.934156183258132 0.41106442425701295 0.029076417766319196 0.06472584500318179
0 0.979248046875 0.365966796875 0.04150390625 0.03759765625
0 0.99658203125 0.2744140625 0.0068359375 0.0595703125
0 0.9173520921295728 0.31262444633689945 0.027306564296701197 0.0500717258364487
0 0.8459528010127324 0.2795342704934908 0.03322702980682868 0.04526277500397713
0 0.8189815702752035 0.2973052300733773 0.03309887258486677 0.04379793125397713
0 0.8173077788639185 0.17118094423832053 0.026879373556828567 0.0451889133364487
0 0.8455546056193584 0.1500033792419 0.029339151242968597 0.03985190958684637
0 0.7753669436257246 0.3935758375686048 0.04179010170245934 0.0595081562549713
0 0.02854475521284805 0.7547772554553107 0.05050612128891774 0.04204934625636336
0 0.11805870502436422 0.737245267967242 0.05046937841663768 0.0527801704228974
0 0.3295161386069744 0.8399053559138031 0.03613834587068854 0.05066227708764193
0 0.59814453125 0.7744140625 0.04296875 0.05078125
0 0.609130859375 0.5361328125 0.02099609375 0.0537109375
0 0.517822265625 0.988525390625 0.06005859375 0.02294921875
0 0.22480482236634947 0.8914749892335481 0.046245723462586596 0.054682160422300896
0 0.08849577733211922 0.95782907796585 0.03739557045245934 0.0594570212543748
0 0.07400736878515662 0.5368223467088901 0.04374322670245934 0.05953088292190317
0 0.25347529721351314 0.5525964384000821 0.03711490837068854 0.05067364042110778
0 0.3745199091068001 0.5266333334161893 0.04677074758486688 0.04395701792249973
0 0.34117114111073543 0.600539591745877 0.04657552365107054 0.0361501995892326