0 0.13211195030471226 0.1263861538967337 0.028793098343163348 0.04325617336886323
0 0.24680689058377708 0.13227457394910558 0.02951389348848743 0.03599453558739407
0 0.3704939514964409 0.10268728167105134 0.026409047866471913 0.05869343046327069
0 0.4330404584151444 0.13592675768849327 0.03810454440712019 0.044827255069905814
0 0.4220130477987434 0.09916813550318504 0.02863963793035773 0.03886164211886323
0 0.557513428298956 0.17069871895764277 0.03950118352920651 0.04296800152270208
0 0.5168031683744253 0.13496106473214442 0.018016808529206507 0.04159122021502393
0 0.4824188669906846 0.1269113558335654 0.021957160843163237 0.04281810658914731
0 0.4856415356596008 0.2191965120835654 0.033443396947839155 0.05086200647725181
0 0.34179697849096813 0.2016963284595341 0.0415845154826604 0.032870547694029195
0 0.30264922270607614 0.19675168346830096 0.03394252705244427 0.037252712445782876
0 0.18587092977536396 0.0474963188215215 0.032710197197768354 0.02986591272725181
0 0.09716805154277447 0.03255539741948177 0.025863410843163348 0.04306843046327069
0 0.21190640793845295 0.1373458778319958 0.023852930069854894 0.027349559010474422
0 0.6416015625 0.268798828125 0.0234375 0.04833984375
0 0.6703063349543751 0.1110054899524745 0.05345207934323426 0.06578550084786838
0 0.7587953061987607 0.1756259369174526 0.04587209323855834 0.057991924833887154
0 0.8850214337510631 0.17689423484219452 0.051874079796758954 0.07640252641080669
0 0.25230194758847024 0.5733555526082048 0.03382472470373732 0.07573305974298639
0 0.26046169372860506 0.7512150895452665 0.04131325272114783 0.06695636374123293
0 0.3721944206420485 0.9513019186623303 0.04142020621524978 0.04211660095976377
0 0.17507756810623515 0.6638957477044117 0.039330671959422636 0.038085189022702304
0 0.045481513774584315 0.5800766280454044 0.04169302472690406 0.04992910095976377
0 0.14827941373315645 0.3708396837393877 0.041613971244385484 0.06161656047549846
0 0.03243279422846332 0.694704117346115 0.05297464694783924 0.052113625847868494
0 0.3459713383558099 0.5491524690556949 0.04285714995366641 0.05536277567829462
0 0.028466118351258507 0.9019922487080105 0.04788101826172514 0.03181248023947969
0 0.1860987971184564 0.8399899025470658 0.03904080229078999 0.02978440777270208
0 0.4719634169608402 0.6692797776220482 0.04034133677337959 0.03912433249123315
0 0.2044457799326258 0.9049873322778246 0.028912456442012124 0.04667414211886323
0 0.14866540873947973 0.5214056851467336 0.035754596244385484 0.0612410746643135