0 0.023681640625 0.3811848958333333 0.04736328125 0.07747395833333333
0 0.036754329410962794 0.22773835713720084 0.0691731839827312 0.06940480167886302
0 0.1465881548992376 0.2644301643393609 0.06582806641287631 0.03486171556730996
0 0.18972586071887987 0.3132199554424295 0.05539900204086079 0.06528643612083289
0 0.15164921632334305 0.38799929656008053 0.05978733098848754 0.046481983343939014
0 0.32080078125 0.04296875 0.0546875 0.0859375
0 0.4390345420334745 0.11713976607257755 0.1069134517909317 0.09406908557446887
0 0.5917921663531875 0.13624541660038184 0.052594874942083036 0.08867090723132535
0 0.5843516803064286 0.23397742215682124 0.06114986779661713 0.04259846001087079
0 0.5100523210737683 0.27547833883674483 0.07373202450014171 0.05711076556863581
0 0.7980638516434814 0.29248556045117907 0.05319631198855834 0.07436314167594649
0 0.825927734375 0.4095052083333333 0.06103515625 0.020833333333333332
0 0.8836975423181538 0.1909372993250434 0.03963914853517547 0.11580254167329522
0 0.9479212442249195 0.27324035709080147 0.033035724930499555 0.10593843444992383
0 0.927001953125 0.030598958333333332 0.07861328125 0.061197916666666664
0 0.421630859375 0.4075520833333333 0.04150390625 0.024739583333333332
0 0.08515928698678649 0.8749869510198147 0.04262928261057397 0.04361267222973453
0 0.17246397034714778 0.9146314004482625 0.04193174092460161 0.07288682056280275
0 0.11654880774289711 0.7573600687924665 0.03949033467460161 0.07284894278458302
0 0.094970703125 0.4388020833333333 0.02490234375 0.037760416666666664
0 0.343017578125 0.4856770833333333 0.01318359375 0.06380208333333333
0 0.226318359375 0.4293619791666667 0.03173828125 0.018880208333333332
0 0.19463663532504405 0.4593941887797399 0.038842390709422636 0.04810935945124969
0 0.19676023049844082 0.862843057666331 0.021786649273379588 0.0491462983370452
0 0.24514039956296452 0.6369235676586419 0.04601314904661713 0.042363617785908726
0 0.7932012018007433 0.8827994510198148 0.03160963004668793 0.07012356722761333
0 0.953247428202745 0.5490708204368615 0.03322173190712019 0.05713303611685575
0 0.902814959394828 0.4619983554464065 0.04232856408733632 0.050766555007423886
0 0.9131618380858478 0.793734158776293 0.04026228329086079 0.06505159389587097
0 0.8361327586846965 0.7903738049013681 0.0333240388489906 0.061039286116855905
0 0.663653251534325 0.48067676048962427 0.03188709511057386 0.04344601000556795