0 0.16552734375 0.5745442708333334 0.0478515625 0.030598958333333332
0 0.270751953125 0.552734375 0.04736328125 0.07421875
0 0.41064453125 0.5572916666666666 0.0595703125 0.06510416666666667
0 0.41804777291220596 0.48275921975685104 0.06470739278167015 0.08464880126348495
0 0.3863491786259998 0.34345921738185803 0.0816073134813815 0.09986853538202627
0 0.3125 0.0146484375 0.0673828125 0.029296875
0 0.24755859375 0.013020833333333334 0.0625 0.026041666666666668
0 0.535852243624969 0.09219676940372112 0.03184149128228869 0.05234725856278718
0 0.5483927410765359 0.16773575218130046 0.02420470679925779 0.037341462873234775
0 0.6069386433594431 0.15297096742952818 0.025678532965443313 0.06021897174295295
0 0.7012584125103092 0.20286401972704407 0.020255834199298994 0.03502413572769569
0 0.7916884286754637 0.13953503520472563 0.028528200382659796 0.03449598195363279
0 0.7413946382625771 0.314246593059782 0.022208959199298994 0.035206236800465085
0 0.5417780773296287 0.31390145030395367 0.028826558582371153 0.04816785695363279
0 0.5356427124165358 0.482944657296325 0.031140097032494873 0.042536108294594754
0 0.5107060823275669 0.2131494820668712 0.029087519299257736 0.0377967155551587
0 0.6427267177607214 0.21697776281214973 0.02922959463245367 0.04430713222182536
0 0.993408203125 0.34765625 0.01318359375 0.049479166666666664
0 0.5318037427840823 0.5243381723538375 0.033538880682536076 0.040810609635556716
0 0.5077060033161647 0.4627260667411665 0.013766102616103115 0.027921890574527986
0 0.8785538217954844 0.7102652757375378 0.03537312029884543 0.057874268773467165
0 0.9232199611957317 0.7261723504112377 0.02495770606519576 0.07184667120656811
0 0.9344376902304946 0.7950643407175731 0.03659121086527839 0.06903302764318535
0 0.7571788567652575 0.8463835775016463 0.041905474482000216 0.06692963892663488
0 0.6575694817652575 0.8370964227903986 0.04452259624896904 0.05287987386912244
0 0.6936132917662884 0.8893844681730204 0.03538210271503095 0.08061520183860822
0 0.594445818117278 0.9271088892663499 0.05368105461527839 0.07062641202991908
0 0.5364525418157523 0.8492891815468786 0.04121306264839175 0.07985942172358367