0 0.19882525873880164 0.41653185066913423 0.04300488252155832 0.03343420283216503
0 0.285400390625 0.435791015625 0.04248046875 0.02783203125
0 0.2312391428885061 0.3294652626016703 0.040122025433984465 0.055293198815608235
0 0.21276883697848736 0.07516642678585589 0.025610040322307848 0.0577966603160206
0 0.483154296875 0.04638671875 0.01318359375 0.0478515625
0 0.471435546875 0.13525390625 0.03662109375 0.048828125
0 0.34418471942264905 0.07752340949882502 0.03235366328044065 0.03507476209913407
0 0.31192202440109074 0.10885489739969101 0.03925782697460223 0.036738511315608235
0 0.08773667093287207 0.21918914122251565 0.02697187163957282 0.045158177949298994
0 0.31051725677433084 0.41195866826600025 0.022213467354043726 0.037217810149422714
0 0.36086647991765175 0.24424941116480442 0.046377367142117265 0.03255709306540211
0 0.6362436420878022 0.3331051512599589 0.043209561104043503 0.03782873408216503
0 0.6178454564748763 0.37119631387709284 0.033580388492367 0.04047427091577305
0 0.61181640625 0.43359375 0.0419921875 0.0322265625
0 0.5539328282692423 0.263236020429031 0.04591317423982266 0.05399884546544331
0 0.5553334846740354 0.20166996032907225 0.033649960969513726 0.06290679334913407
0 0.6058312043795324 0.020274620694556794 0.033443936104043503 0.037544583415773214
0 0.830078125 0.00732421875 0.0322265625 0.0146484375
0 0.9951171875 0.231201171875 0.009765625 0.05615234375
0 0.9684247349329633 0.30805568256731986 0.02289572929566086 0.051866247649422714
0 0.9076597908936405 0.3424693835356497 0.03185468413957282 0.04530025328249487
0 0.8692367612717866 0.28561188823680433 0.04212063456342552 0.05632659144888663
0 0.8724313482235356 0.22752062702012393 0.026121063637028485 0.0582991490993402
0 0.846923828125 0.4423828125 0.03857421875 0.0146484375
0 0.9375 0.43310546875 0.02734375 0.033203125
0 0.96923828125 0.431884765625 0.02734375 0.03564453125
0 0.91015625 0.4296875 0.0205078125 0.0400390625
0 0.4462890625 0.844482421875 0.0869140625 0.05810546875
0 0.2640435362413916 0.8408564176724331 0.09078021350249865 0.08553675343088663
0 0.05223921758905148 0.7168582840952166 0.07926344951901398 0.04765494651449487
0 0.498046875 0.9130859375 0.0166015625 0.07421875
0 0.5341796875 0.96923828125 0.0498046875 0.0615234375
0 0.7083406486538634 0.946094265347959 0.05938037065733748 0.05000212514839175
0 0.805419921875 0.976806640625 0.04833984375 0.04638671875
0 0.51318359375 0.560546875 0.046875 0.0830078125
0 0.499267578125 0.491943359375 0.01904296875 0.03759765625
0 0.6059863599836216 0.5402270470847013 0.07421074467510214 0.0543346011479795
0 0.552490234375 0.4580078125 0.04248046875 0.0166015625
0 0.885009765625 0.486083984375 0.04736328125 0.07275390625
0 0.9364724958656072 0.5620667859253818 0.04259821792255769 0.06658049769888663
0 0.8565254381219909 0.6409050982275262 0.04102101013193993 0.08506414753228864