0 0.188125 0.3903333333333333 0.04825 0.048666666666666664
0 0.14675 0.2675 0.0305 0.083
0 0.121375 0.24516666666666667 0.04225 0.041
0 0.020125 0.21866666666666668 0.04025 0.054
0 0.0215 0.2755 0.0365 0.043666666666666666
0 0.126625 0.46166666666666667 0.01875 0.04066666666666666
0 0.197875 0.49733333333333335 0.04025 0.054
0 0.195375 0.64 0.03775 0.054
0 0.18725 0.7055 0.045 0.053
0 0.1335 0.6698333333333333 0.043 0.04766666666666667
0 0.135125 0.7485 0.04225 0.035666666666666666
0 0.0375 0.648 0.037 0.06733333333333333
0 0.03475 0.8486666666666667 0.028 0.078
0 0.12625 0.8388333333333333 0.0325 0.061
0 0.156875 0.9425 0.03525 0.051666666666666666
0 0.155375 0.8085 0.04625 0.050333333333333334
0 0.220375 0.794 0.04775 0.05533333333333333
0 0.244375 0.7351666666666666 0.03975 0.04633333333333333
0 0.244875 0.6426666666666667 0.04425 0.062
0 0.358 0.5323333333333333 0.056 0.05266666666666667
0 0.402 0.4755 0.0305 0.053
0 0.401625 0.4061666666666667 0.04825 0.051666666666666666
0 0.452875 0.37783333333333335 0.02925 0.042333333333333334
0 0.4375 0.3355 0.0455 0.061
0 0.48825 0.27016666666666667 0.0415 0.049
0 0.58725 0.23116666666666666 0.051 0.087
0 0.5915 0.5033333333333333 0.0555 0.04733333333333333
0 0.545 0.603 0.026 0.059333333333333335
0 0.53575 0.6796666666666666 0.0325 0.054
0 0.496125 0.8011666666666667 0.02875 0.06233333333333333
0 0.41575 0.87 0.0475 0.07533333333333334
0 0.378 0.7726666666666666 0.045 0.06333333333333334
0 0.392625 0.6783333333333333 0.04425 0.04066666666666666
0 0.5345 0.897 0.0415 0.05
0 0.597 0.794 0.039 0.07933333333333334
0 0.709625 0.42 0.04575 0.05533333333333333
0 0.780875 0.383 0.03725 0.06066666666666667
0 0.81025 0.38183333333333336 0.0345 0.053
0 0.844375 0.3006666666666667 0.03775 0.07533333333333334
0 0.886375 0.537 0.03975 0.06466666666666666
0 0.7165 0.9788333333333333 0.036 0.029
0 0.754625 0.8375 0.03775 0.08433333333333333
