0 0.035548468006890266 0.11188440216279916 0.033801471244385484 0.06037526711019858
0 0.08058661030364914 0.1833956432037641 0.03567398701172514 0.03022120522806304
0 0.30892705648344 0.04304590658353766 0.03854787448855834 0.05666797647330607
0 0.4877000377053673 0.3315919648063298 0.05547340897114772 0.06662178205787139
0 0.457242128280695 0.25753072067604244 0.032899315674672414 0.07642886055126641
0 0.4874256427453778 0.12770014044797934 0.04093812726762325 0.055302612404859786
0 0.25505027466408126 0.16650727300451656 0.037349646947839155 0.05028052835068453
0 0.20684372866962497 0.08827947008141607 0.041317899273379366 0.03825256052748127
0 0.10212991752529305 0.3942444423007525 0.040699411069925695 0.0484666749048599
0 0.12472417347903031 0.46715917766201187 0.039626743930428754 0.05963745584592761
0 0.174560546875 0.56103515625 0.03564453125 0.017578125
0 0.19677734375 0.5517578125 0.0234375 0.0361328125
0 0.23902849289773387 0.49184019543791835 0.05091456845373721 0.07570016644476407
0 0.2431640625 0.546630859375 0.02734375 0.04638671875
0 0.531982421875 0.537841796875 0.01513671875 0.06396484375
0 0.8252201631058808 0.26023661152727384 0.03231337403503365 0.045687037737577096
0 0.6625822022395507 0.251705343632442 0.03266524602920651 0.041800683673887784
0 0.6323661205128591 0.26858378762001905 0.040307234459422636 0.037236206154859786
0 0.5650576942449526 0.13343515496779473 0.033368990017552225 0.034027975546509326
0 0.6085689904661711 0.21723301100400272 0.03842231408733632 0.0391097474096167
0 0.5654545381058808 0.2708212496445914 0.04918155274431468 0.04003573925845316
0 0.69384765625 0.004638671875 0.0341796875 0.00927734375
0 0.715316556541357 0.09552913346146302 0.03788908166877447 0.05176526803699533
0 0.6984220335706344 0.15782851247758217 0.03357980620366652 0.05402761086019858
0 0.8118613905356715 0.12973536338086733 0.05376984902345017 0.05972615674893922
0 0.8824544464016474 0.03688732699794446 0.03770151894201201 0.0463941742869953
0 0.5671317744903303 0.48688031338032034 0.04585504208157998 0.05647813426796722
0 0.6509394356181729 0.46439534764856116 0.04717262772114772 0.06628355114058859
0 0.7292907472111236 0.43968783096622 0.05359933745366652 0.05484334424893911
0 0.8583023949550839 0.36744129284862903 0.043697303197839155 0.050539175522724245
0 0.894898700193784 0.46325633792949816 0.06171255597690406 0.04981048141622191
0 0.7580791990020554 0.5079493879054398 0.04777406476762325 0.05558115551321041
0 0.98974609375 0.03662109375 0.0205078125 0.0390625
0 0.980712890625 0.09521484375 0.03857421875 0.0498046875
0 0.8533343059719982 0.21117139691231823 0.0346695245001416 0.04334511116913076
0 0.9292891831817045 0.32787560052463843 0.044253789075752614 0.05251219645903504
0 0.9664063162342196 0.38259543686026465 0.05304749812798448 0.025078083935250017
0 0.205078125 0.982666015625 0.0546875 0.03466796875
0 0.48066413287385834 0.9039081604574933 0.04529855620366652 0.05450511333165653
0 0.13362788543106657 0.6417773461982198 0.049176906192083036 0.06782797863583173
0 0.1821894149199793 0.8001827538028741 0.055802027505968854 0.04810688643049299
0 0.12699660321119452 0.9559701624054067 0.05224300294791012 0.07185360425369636
0 0.44295639093127925 0.6922510835087597 0.0434585870001416 0.043703238022724245
0 0.3521841411001245 0.7673402698441124 0.03266059947697486 0.06959292305126641
0 0.6732003850884702 0.6715459297534558 0.03382472470373732 0.07500380867388778
0 0.6813601312286051 0.8492007210082129 0.04131325272114783 0.0660447999048599
0 0.5959760056062351 0.7705318842447291 0.039330671959422636 0.0371964142822383
0 0.7668697758558098 0.6374126806091708 0.04285714995366641 0.05440563365010287
0 0.6069972346184564 0.9461141748816216 0.03904080229078999 0.0288956330322383
0 0.8928618544608402 0.744743384031484 0.04034133677337959 0.038212768654859786
0 0.625244140625 0.9931640625 0.02880859375 0.013671875
0 0.5695638462394798 0.630294024192402 0.035754596244385484 0.060454850855441555