0 0.051807334616380096 0.20188792104017939 0.022466989143475002 0.029985300830417616
0 0.017042032770210436 0.13781150143353915 0.018492555296099056 0.02578305290500993
0 0.0126953125 0.20751953125 0.025390625 0.0439453125
0 0.032356371750705715 0.26088080693178967 0.026776290584255014 0.025435485996501028
0 0.007568359375 0.261474609375 0.01513671875 0.02392578125
0 0.0458984375 0.31005859375 0.0263671875 0.01953125
0 0.0068359375 0.306640625 0.013671875 0.0263671875
0 0.08490929281389709 0.2824179041841158 0.02135405894872322 0.02209880134906561
0 0.07067737241049338 0.22136031743586526 0.019074589336240844 0.031191146395685987
0 0.07695326450708972 0.16185671979600447 0.018106549817162865 0.03160542816433409
0 0.09956761566368533 0.17234777036709792 0.011673663757943098 0.02624161903554678
0 0.11842913047687664 0.19133188551278385 0.026887089336240955 0.03178314224650103
0 0.14774305143872063 0.1945284324533405 0.017498946834255125 0.024732490923658146
0 0.140237378751912 0.2115145616025254 0.018526647219786918 0.02773617790500993
0 0.14121530362077828 0.09992015379658109 0.022415851257943098 0.027055613330417505
0 0.16353135044510458 0.09332136061767454 0.02477202769872322 0.02235779953379724
0 0.14105583832070767 0.06284777853725704 0.023829557122411194 0.024236925052445346
0 0.237548828125 0.012939453125 0.01708984375 0.02587890625
0 0.2608942387877293 0.028041401984215453 0.031693195007942876 0.0277586084032605
0 0.20968794871021113 0.08365274223188932 0.016905918475744297 0.046631147692306196
0 0.19535239016687733 0.12840418777093504 0.024386022219786918 0.028180174793121293
0 0.23578350978928841 0.15389910400636253 0.017609745586240955 0.031080147173658146
0 0.24569649680240913 0.13514484856055736 0.02096805346978714 0.027921176608389664
0 0.2621215480404947 0.09835390198421545 0.02084873173687929 0.021085239108389664
0 0.2530427041891473 0.0810863441520484 0.021995753855318823 0.030924863589741558
0 0.36746492466411196 0.07122659571089551 0.028462731838226674 0.03824179771852887
0 0.3304809230404947 0.10353386567884776 0.02977416193163096 0.02956373444055671
0 0.29263720931233794 0.17039810517477216 0.022989362317162865 0.03197542557109356
0 0.3361258611485789 0.20343923860425528 0.020933961546099056 0.025968051608389775
0 0.3332704091394296 0.23540680291952365 0.02332422991056715 0.02322336281176951
0 0.26122032999992617 0.21434284104015977 0.02430079241056715 0.023297362293121293
0 0.23769265751581226 0.26327410400636253 0.017584176643475002 0.029615303423658146
0 0.25746255098162774 0.2784259686334003 0.026407331067162865 0.03223442375582508
0 0.17032441964020917 0.28693973380240617 0.023375367796099056 0.0261530503117694
0 0.1533734149224079 0.26566221136942403 0.021070329240850727 0.033780551608389664
0 0.32373046875 0.309814453125 0.0244140625 0.02001953125
0 0.4160079575873733 0.19827672732511026 0.018756767704680488 0.04091977165501004
0 0.4104834501807776 0.1890806676776749 0.02830931818163096 0.02945273521852887
0 0.3980207295031182 0.17350723666077628 0.022364713372411194 0.024125925830417616
0 0.44169824928850887 0.10562215030296318 0.03202559126390048 0.0468015771532605
0 0.49562473264900553 0.09410412151799308 0.02426422914943216 0.049139268802445346
0 0.421142578125 0.011474609375 0.02392578125 0.02294921875
0 0.903076171875 0.31005859375 0.06103515625 0.01953125
0 0.2118857688195015 0.5085157067015911 0.03144355722375858 0.04139348366258455
0 0.2536076922674452 0.46827765289039824 0.027537307223758578 0.041097485737176975
0 0.18498163352141667 0.47575600195509 0.0303817649145387 0.03643667168123266
0 0.08554160917127551 0.39410030407922503 0.03954830991255287 0.030792010504075595
0 0.3557206057213461 0.4516335359323467 0.03772302962638263 0.03796823029137181
0 0.3425856785194309 0.48135926194342027 0.05812856635531882 0.03366284439976153
0 0.41523867136723336 0.36934444101683983 0.03584661145468049 0.04221476257866802
0 0.3341218516633324 0.387579546823957 0.031006413859290483 0.044286171421908604
0 0.060302734375 0.326416015625 0.06005859375 0.01318359375
0 0.0048828125 0.36962890625 0.009765625 0.0419921875
0 0.017822265625 0.451416015625 0.03564453125 0.03759765625
0 0.02783203125 0.582763671875 0.0556640625 0.05810546875
0 0.1290896684736847 0.6261011893239766 0.045098386261914536 0.04145291390151096
0 0.1445648351231169 0.6745744627942549 0.0325820563612762 0.050744826893936446
0 0.16916751217198123 0.7710400131060244 0.029694983765885974 0.05296423469988065
0 0.14243136515488897 0.7758409648688473 0.031142781554042154 0.052098671421908715
0 0.30116922001581226 0.6508438480419092 0.03717508750992882 0.034513261800695916
0 0.35559361657581157 0.7237244760255872 0.023151298954680488 0.04125276932109345
0 0.30600311256744184 0.816030909504613 0.0452773688612762 0.05170682015151096
0 0.06074819500382389 0.9013129469725849 0.05941195616851025 0.05131496888111342
0 0.4403527272714167 0.49510686632860923 0.02292970145070905 0.028557456821093452
0 0.49920302226737134 0.7936104315529633 0.0782905169435455 0.07127564652679919
0 0.08644615411758627 0.5297314923571972 0.040420125304042154 0.05280166649475149
0 0.012939453125 0.76513671875 0.02587890625 0.060546875
0 0.4045179657034005 0.7050005123338577 0.03988922914943216 0.05032326050407554
0 0.3732751263154561 0.8147892174678935 0.06720493886921908 0.07872543374125263
0 0.24521376039531306 0.937234505457416 0.026637451552056324 0.04541801750582497
0 0.462890625 0.98046875 0.0390625 0.0390625
0 0.171875 0.993408203125 0.068359375 0.01318359375
0 0.416259765625 0.991455078125 0.07177734375 0.01708984375
0 0.48872121346963937 0.9473965948047127 0.05025640548886501 0.029652879798946596
0 0.7223937487280091 0.8701436544405371 0.05812362368042473 0.08925290741840963
0 0.681884765625 0.930419921875 0.04443359375 0.06884765625
0 0.9697265625 0.50732421875 0.060546875 0.0634765625
0 0.8092703923985789 0.6231563559469389 0.032752515979715735 0.060510451893936446
0 0.7162596738016297 0.49078612293121304 0.04520918501390031 0.04780057015151096
0 0.7364656016633324 0.4191719240209546 0.05148865741652442 0.04437531678029827