0 0.2046310962857436 0.05784328994146973 0.0668640196323399 0.05765383310703642
0 0.08545254565574234 0.18916675818293593 0.03840733943758823 0.0483571284203097
0 0.08334217329283328 0.3197958255591335 0.06396842405602787 0.05945341969116813
0 0.05621891182822403 0.24715050705229696 0.040119349634325674 0.0625940538782438
0 0.1646137690221962 0.19673026416137962 0.060567501267871804 0.06025085403932173
0 0.20307335531389703 0.3319246858737551 0.052181490208651926 0.05493301602769496
0 0.2613630027384384 0.0939892345789452 0.040207050780992626 0.03967042486422184
0 0.370849609375 0.027099609375 0.05810546875 0.05419921875
0 0.42012506417326123 0.07840570725778867 0.03911721819155978 0.061078030656287696
0 0.018798828125 0.20556640625 0.03759765625 0.0576171875
0 0.08847981965219748 0.055170901528694444 0.05293645520468049 0.042288882999651056
0 0.4797402095150327 0.25178427288124217 0.046793350496808106 0.05367496643193648
0 0.562744140625 0.215576171875 0.02587890625 0.04541015625
0 0.5918021664426183 0.32000464333029355 0.06891942040340382 0.06361556705094862
0 0.9571890995309187 0.06840556945165355 0.04295528434418383 0.05737649854411209
0 0.307633726661273 0.7332337379140763 0.025430768567162865 0.031578514034880434
0 0.4077775781219106 0.79702220431762 0.028993627992836668 0.04005842343672672
0 0.4704590320587193 0.7827451552587881 0.03375711875992882 0.03347838329650721
0 0.5115065310452457 0.6190326064968124 0.034708112317162865 0.032064719018463306
0 0.5073970918719845 0.4953950913029002 0.034219831067162865 0.03203912928248531
0 0.539794921875 0.458984375 0.02001953125 0.0244140625
0 0.2829436018660272 0.4646064337389764 0.02295527039347478 0.02949744035499019
0 0.023157952766165113 0.8690658794089845 0.01767792943361668 0.034587047009231764
0 0.036894684707798664 0.6219658246401722 0.043394899046099056 0.026665959266068184
0 0.7697570299780091 0.8655407246432651 0.05812362368042473 0.08792934687345344
0 0.7210773759597107 0.9273836965735044 0.06118362723170151 0.06760066252529984
0 0.8566336736485789 0.6164197552711601 0.032752515979715735 0.05976880158857312
0 0.6560157924085076 0.6376150652982046 0.032735470017871804 0.05879223908857312
0 0.611083984375 0.44189453125 0.03955078125 0.0439453125
0 0.6738047739943956 0.4829281154592825 0.05870812905801359 0.0655195888454096
0 0.7636229550516297 0.48617178312924325 0.04520918501390031 0.04676225972400233
0 0.5791015625 0.988037109375 0.05859375 0.02392578125
0 0.78369140625 0.427734375 0.0517578125 0.015625