0 0.24069142285544776 0.07961283693962917 0.03405469567015906 0.059136141132178764
0 0.1943359375 0.025065104166666668 0.0478515625 0.050130208333333336
0 0.10727964238341992 0.07248816981129913 0.034749829487176975 0.037076497976549806
0 0.12125537656465257 0.11265635254419266 0.029541303942306252 0.022583090910048103
0 0.38330078125 0.006184895833333333 0.0576171875 0.012369791666666666
0 0.5862684027563821 0.0650867868599317 0.05951203553029827 0.0698678783979106
0 0.5951034795221078 0.18625631037096957 0.05473293763111342 0.08007616790922345
0 0.3297307697202392 0.2318270359366051 0.04682400765151096 0.06093075228725775
0 0.28655574378783366 0.2951126383383646 0.050626543050695805 0.05068457602042612
0 0.4854779192278138 0.25475917001968423 0.0493909823659644 0.046089397598240524
0 0.5400471353845732 0.2633723016176499 0.03911464561771383 0.02815134842081098
0 0.48283867493584576 0.39692054070897625 0.05073754227272387 0.05263770102042642
0 0.42053766624703837 0.33798776700008276 0.04826642090326061 0.043447344176055225
0 0.3623223515442353 0.4195284462691138 0.05871261047785303 0.038655765153429535
0 0.4540458036974959 0.4646617510657598 0.04862913368880717 0.0584023591316288
0 0.5737929937907364 0.4628114053279179 0.06450584725232611 0.07201043717550526
0 0.2785268000611536 0.1538365966716979 0.031102577671908493 0.0414822426211409
0 0.027731411450994836 0.4130437057927973 0.03042929771852887 0.0382080909100484
0 0.06527136736590544 0.5249331653027355 0.054421793828668075 0.048882998042501846
0 0.1334999841899409 0.15665501176604835 0.031206292272723646 0.0518799659100481
0 0.44384765625 0.0146484375 0.037109375 0.029296875
0 0.44018374028260476 0.07500983015433715 0.04168948158799202 0.04773942855408938
0 0.41138971577503014 0.05700297428871511 0.03715423599650114 0.03652017319868032
0 0.9012115389102193 0.22356404306218605 0.033543983921908715 0.04157695950993823
0 0.7628950920745532 0.2415837370229832 0.031213576893936334 0.0434353676211409
0 0.7124614089830621 0.22858380415818588 0.037561233143936334 0.0436816315320138
0 0.9167855465617303 0.2832824191728389 0.03079929512528823 0.04471850757671477
0 0.00927734375 0.7548828125 0.0185546875 0.029296875
0 0.04651192220858896 0.7112377754131135 0.051447245332167046 0.013688861286982915
0 0.031929622934115776 0.6775421225913679 0.03734651932109345 0.03133078324310645
0 0.13636180356057692 0.6205306924095397 0.032190139393936334 0.04347325437665983
0 0.197509765625 0.6103515625 0.03857421875 0.041015625
0 0.468505859375 0.5973307291666666 0.03271484375 0.014973958333333334
0 0.42919921875 0.5966796875 0.041015625 0.013671875
0 0.45915999417246556 0.6252587084862959 0.044522739108389775 0.02901076724283162
0 0.5517787247231615 0.6775724149940349 0.046365441520974215 0.07000744886507215
0 0.48230264951628277 0.7067077235078217 0.03091029434731629 0.04667163257671477
0 0.4903820089568395 0.7459975440409351 0.0409349175320477 0.051607791798570446
0 0.7467582270570781 0.7547820275789969 0.06608955148017914 0.10844982713107913
0 0.952880859375 0.6155598958333334 0.06201171875 0.051432291666666664
0 0.8912256453700007 0.9650127513295675 0.030525727698131444 0.0570504124878625
0 0.7182322152592848 0.8615099644247426 0.06567469307691853 0.06685893397545017