0 0.06169556691450653 0.1681782319928945 0.022405137476833203 0.027743968807678154
0 0.0955481916298272 0.23075898847014642 0.020509368250141713 0.04321251638635104
0 0.057099553979242934 0.39929827315199384 0.027611921959422636 0.03733421740033238
0 0.15884341440363192 0.3970489218634651 0.024903899500141824 0.043494130744739845
0 0.13538110519413837 0.3390315155557868 0.02997427472690406 0.04917812933739407
0 0.13240335502529305 0.2677111625715215 0.024790743703666407 0.05420502776047442
0 0.397216796875 0.011474609375 0.02392578125 0.02294921875
0 0.3755363853152325 0.059185096483943656 0.026368743250141602 0.04358800219753611
0 0.47291361450120495 0.043501827571291674 0.018993371029206507 0.041653801183554884
0 0.51171875 0.12451171875 0.015625 0.046875
0 0.25002024545003637 0.3712245421396281 0.02938368653503376 0.04621715135312865
0 0.21000752721147803 0.3136081031169259 0.022247030511795995 0.05111888783914731
0 0.26530109011199143 0.12519918211863335 0.03273965295949344 0.05861192550872096
0 0.3030816625365221 0.16074909343853927 0.0276692777327312 0.05292792691606696
0 0.295289325193784 0.2445333590347002 0.02641989672107692 0.04505284594753611
0 0.7115730807568195 0.21330809203119339 0.020901544860644772 0.05444298513635104
0 0.849866739501205 0.2811201683912436 0.03042845366294733 0.048232857321659384
0 0.8091440749719274 0.21712478263427598 0.03927951848848754 0.03662034527270219
0 0.9634719407856007 0.14419250606773892 0.01779514348848754 0.03524356396502404
0 0.6994667800003544 0.020092802954273847 0.04141400391287642 0.027987735194029306
0 0.2090944606925791 0.6723061516761276 0.04035838793035795 0.03961261374123304
0 0.05626554094286251 0.7463088621954609 0.03826885367453059 0.03558120180417146
0 0.10101381357098882 0.8139725405765519 0.03360770621524978 0.04161595321151723
0 0.38330078125 0.98046875 0.0380859375 0.0390625
0 0.28181430602500956 0.9829206681778351 0.029326330761725083 0.030623441837394072
0 0.10986328125 0.9951171875 0.0341796875 0.009765625
0 0.12427926694925673 0.9221577536971683 0.025198415721006118 0.02402546171327069
0 0.5516044141817753 0.7583536320136595 0.03815105132582364 0.07406154910137519
0 0.5938911179026396 0.7415759446290158 0.045690732814169355 0.06674969684962173
0 0.6090247665487434 0.9656781143929969 0.04144345967460161 0.05673374797549835
0 0.7001953125 0.9853515625 0.044921875 0.029296875