0 0.53875 0.214 0.0265 0.04466666666666667
0 0.589125 0.3323333333333333 0.03125 0.06733333333333333
0 0.506125 0.366 0.03575 0.05533333333333333
0 0.437875 0.3401666666666667 0.03575 0.059666666666666666
0 0.435625 0.15716666666666668 0.03775 0.050333333333333334
0 0.376625 0.14 0.04375 0.04733333333333333
0 0.525 0.05683333333333333 0.0385 0.058333333333333334
0 0.618125 0.1605 0.03825 0.057
0 0.713875 0.319 0.02525 0.051333333333333335
0 0.78375 0.177 0.043 0.06066666666666667
0 0.859375 0.16516666666666666 0.02725 0.053
0 0.88775 0.18033333333333335 0.028 0.043333333333333335
0 0.902375 0.20016666666666666 0.02725 0.035666666666666666
0 0.91925 0.3355 0.0105 0.042333333333333334
0 0.88575 0.358 0.036 0.04466666666666667
0 0.85 0.39816666666666667 0.028 0.035666666666666666
0 0.820875 0.42866666666666664 0.05075 0.030666666666666665
0 0.8505 0.5131666666666667 0.0345 0.043666666666666666
0 0.80075 0.6183333333333333 0.0405 0.06066666666666667
0 0.835875 0.716 0.02875 0.066
0 0.851625 0.7416666666666667 0.02225 0.059333333333333335
0 0.9205 0.6835 0.0325 0.03833333333333333
0 0.91375 0.7706666666666667 0.0295 0.07
0 0.902875 0.6565 0.02475 0.03966666666666667
0 0.85225 0.060833333333333336 0.0365 0.03966666666666667
0 0.828125 0.037 0.02875 0.032
0 0.642625 0.6651666666666667 0.03125 0.041
0 0.7135 0.6486666666666666 0.0325 0.05266666666666667
0 0.72075 0.5891666666666666 0.0455 0.069
0 0.681875 0.5403333333333333 0.03325 0.066
0 0.706625 0.7623333333333333 0.03975 0.06066666666666667
0 0.7125 0.8031666666666667 0.0385 0.03966666666666667
0 0.569375 0.827 0.04225 0.05
0 0.55725 0.7001666666666667 0.0455 0.045
0 0.523375 0.6685 0.02725 0.050333333333333334
0 0.520875 0.57 0.03525 0.062
0 0.47625 0.549 0.0265 0.07533333333333334
0 0.445 0.6168333333333333 0.0345 0.029
0 0.477 0.6921666666666667 0.041 0.061
0 0.421625 0.6921666666666667 0.02275 0.05566666666666667
0 0.393875 0.6063333333333333 0.05225 0.03933333333333333
0 0.410125 0.539 0.02225 0.05533333333333333
0 0.3975 0.8263333333333334 0.0305 0.07533333333333334
0 0.286125 0.6076666666666667 0.02925 0.07666666666666666
0 0.251375 0.7113333333333334 0.04175 0.046
0 0.1995 0.615 0.0385 0.07266666666666667
0 0.221125 0.3395 0.03975 0.045
0 0.27475 0.3408333333333333 0.03 0.06366666666666666
0 0.330375 0.401 0.03075 0.07
0 0.30725 0.056 0.0405 0.07266666666666667
0 0.255125 0.12483333333333334 0.03775 0.083
0 0.193375 0.27266666666666667 0.01825 0.062
0 0.16075 0.2886666666666667 0.0365 0.043333333333333335
0 0.114 0.2245 0.039 0.05566666666666667
0 0.081625 0.08266666666666667 0.03325 0.062
0 0.096625 0.671 0.03975 0.06333333333333334
0 0.085 0.6995 0.0435 0.05433333333333333
0 0.10125 0.8606666666666667 0.041 0.078
0 0.05625 0.8606666666666667 0.0215 0.07266666666666667
