0 0.4253799125006241 0.16121603813514984 0.0410720476486075 0.054155511022723646
0 0.4528195228080528 0.04808336373246591 0.03913773019814348 0.07102335632866796
0 0.44745623809304 0.23143268479015977 0.025100962119969816 0.055375925830417505
0 0.5716503104586748 0.24376030642184976 0.04426250324442793 0.050508259207455275
0 0.6171875 0.225341796875 0.0048828125 0.05322265625
0 0.0673828125 0.02197265625 0.048828125 0.0439453125
0 0.5436733496476882 0.5396357367889869 0.03887260194489217 0.03308541779137175
0 0.32441626084815245 0.5060070089568396 0.029775069015326006 0.06885551750582497
0 0.706031779191028 0.3914578116083309 0.0322357384547991 0.035985390171908604
0 0.6462121527496936 0.17400164926276418 0.01589975984798797 0.02259436722027841
0 0.7536466525820491 0.3576341289072773 0.0220671496376168 0.03667323936771383
0 0.01953125 0.656982421875 0.037109375 0.01416015625
0 0.3515625 0.658447265625 0.041015625 0.01708984375
0 0.43854606562090037 0.6935160234818893 0.046898167706966865 0.06237500817015912
0 0.5270719833896309 0.6943906012849113 0.042901784476780946 0.0688779480040756
0 0.3033988219509351 0.9438388533536982 0.0448361019272453 0.05201010269813122
0 0.35595703125 0.985595703125 0.05078125 0.02880859375
0 0.05175507866037585 0.7881689515064016 0.02882694565959848 0.06926979927447319
0 0.014892578125 0.86083984375 0.02978515625 0.0595703125
0 0.5341524190335969 0.9161145731468 0.03529799008142476 0.05517635788461228
0 0.41783690091130643 0.9388989171532213 0.03690502955278718 0.05772876335664012
0 0.639892578125 0.7646484375 0.04052734375 0.029296875