0 0.18968955471098414 0.3885992722280851 0.039825085458050524 0.09986111486809406
0 0.23379587048188233 0.3675699769092578 0.04718255914969127 0.09035578844648917
0 0.021484375 0.12532552083333334 0.04296875 0.09049479166666667
0 0.5248683737704272 0.277850474474266 0.03010234699442793 0.06634073252438262
0 0.45574550203250186 0.2311799951700609 0.04472234535015551 0.06739845381720662
0 0.6795957404520075 0.16241039789575482 0.031135787782972768 0.06775673338834871
0 0.8586059724267743 0.2775199348893886 0.03992485028297299 0.06878199116404311
0 0.801025390625 0.4781901041666667 0.04248046875 0.022786458333333332
0 0.65380859375 0.4677734375 0.0390625 0.043619791666666664
0 0.992431640625 0.3079427083333333 0.01513671875 0.05859375
0 0.8348797208266189 0.3375707079807852 0.0367676496287932 0.06323190523881166
0 0.8762636877823486 0.13169456982499814 0.043205439108978894 0.054914744619907196
0 0.135986328125 0.5032552083333334 0.06396484375 0.02734375
0 0.15532250675355774 0.5591249697224527 0.05783506905944302 0.033950966776697365
0 0.06443177985278264 0.6512568099281242 0.05957948845479921 0.05164300930733005
0 0.21923320605463698 0.9722829168636177 0.05702432562770943 0.048754048814081706
0 0.3360670708890068 0.567121920790855 0.05628926803405654 0.08753175498749988
0 0.376953125 0.9899088541666666 0.0517578125 0.020182291666666668
0 0.659566577607271 0.6153246802550913 0.03747862823560455 0.07950794690547831
0 0.638911297948603 0.5376639090879233 0.04918338648343701 0.04719166690235325
0 0.7602325611027827 0.5465813495530464 0.030135601936068568 0.055981024623032415
0 0.7628450578583548 0.6103589376381929 0.025575251617802053 0.040551396167168186
0 0.8204762371105223 0.5830550289829073 0.04357996378188922 0.052367536718556984
0 0.6609816370657811 0.9649175282758474 0.028097159503251312 0.05380006456176704
0 0.7370016847496823 0.954808969801233 0.035340876617802275 0.0416905714734952
0 0.952880859375 0.9833984375 0.03857421875 0.033203125
0 0.9873271401690347 0.7405882235715643 0.025105777917338035 0.06316697820455246
0 0.975830078125 0.6373697916666666 0.04833984375 0.07682291666666667
0 0.9110458687493759 0.6780324456889643 0.0279120772455117 0.08292606326581782
0 0.9755859375 0.5055338541666666 0.046875 0.031901041666666664