0 0.17071361807809682 0.2258559325916415 0.07006171892676494 0.05043345998727844
0 0.13907361304152288 0.28179424615127335 0.05101277397505788 0.03836153484261695
0 0.216552734375 0.47607421875 0.04638671875 0.02734375
0 0.14637126999858263 0.09277322038096442 0.03578419804435762 0.06439828926267599
0 0.25927734375 0.0244140625 0.060546875 0.048828125
0 0.5966942968895259 0.09074258995193168 0.0607724227733506 0.02763139151646965
0 0.47945721595179425 0.030067340261517972 0.06145592795714694 0.03544389151646965
0 0.5505335687438951 0.10699501615622509 0.03522885008252308 0.05805063301267599
0 0.465685516846847 0.37646207881101823 0.04828428661056128 0.057199825010131544
0 0.6465631747167834 0.36560610861440346 0.06524597313859948 0.05653095352535198
0 0.3996017623405679 0.2924937868338259 0.04908399661290502 0.044107199519013984
0 0.12634753387094988 0.6666709612819183 0.03801842795714694 0.0343522724098817
0 0.16342702786241414 0.7208674874659483 0.03444795434733794 0.02689160127155832
0 0.24006881267627406 0.7119486316195378 0.02217983258721057 0.03118312008882329
0 0.25107594780801634 0.9307534673568618 0.03118249045714694 0.03403388350379366
0 0.138671875 0.5029296875 0.03515625 0.0263671875
0 0.013427734375 0.807373046875 0.02685546875 0.02685546875
0 0.3291015625 0.4921875 0.021484375 0.0048828125
0 0.300048828125 0.504638671875 0.02099609375 0.02978515625
0 0.303955078125 0.526611328125 0.02880859375 0.02685546875
0 0.3453144484564818 0.5242106578274879 0.04022189119936337 0.026187943548205306
0 0.340024145145805 0.6513791593008409 0.045140560909606275 0.09352527191876414
0 0.3595365808786463 0.6062178194797824 0.04837614379126154 0.030458066583734567
0 0.4288357755063662 0.5922917429189011 0.04075886772505777 0.03788395148348467
0 0.4097996686201105 0.6598003099163567 0.03952599078113417 0.034908779854043503
0 0.4877097447571185 0.5418930691701961 0.027721802633159598 0.03338640780074964
0 0.459228515625 0.503173828125 0.01708984375 0.02685546875
0 0.548095703125 0.501220703125 0.02978515625 0.02294921875
0 0.5597130791114877 0.552641915712109 0.03218340059499414 0.03991600056851424
0 0.6312823608622399 0.501651948280669 0.035461259719618 0.016240382030440648
0 0.638296479352952 0.6049053663948898 0.03226286254126154 0.029707578447955407
0 0.6284885781099833 0.6447517944862573 0.0376950468013888 0.02509767072460245
0 0.5850448277564533 0.7411157856461391 0.0361263934672742 0.02940123371572012
0 0.5760003364745669 0.8222614414050214 0.05122636934499414 0.04080294109261695
0 0.5041619022144396 0.8207444544836673 0.04429259846258671 0.05604132599236711
0 0.51611328125 0.9814453125 0.0498046875 0.037109375
0 0.6329528330579293 0.8716420350002283 0.04439043184499414 0.04048455218652869
0 0.6692698027503484 0.9623459446106555 0.03519210721024291 0.06874733638323471
0 0.7393549836529234 0.8282692405941858 0.03513743573284134 0.045889085892117154
0 0.7077315787284151 0.7339426836512734 0.0452755799953124 0.028368489195411017
0 0.723289069185562 0.7006365462185383 0.04461642244936348 0.02639262213069049
0 0.7305628213357933 0.5563554589304647 0.03628487452879048 0.04788769502155832
0 0.7108602522088256 0.520314960972332 0.0391047762429686 0.04121095197460234
0 0.7012048558256659 0.5528599123784201 0.0321163338831596 0.033591086383234825
0 0.70654296875 0.495849609375 0.0205078125 0.01220703125
0 0.8271484375 0.496826171875 0.0419921875 0.01416015625
0 0.850341796875 0.501953125 0.03173828125 0.0244140625
0 0.8478114118459206 0.5557574338328048 0.02122761772505788 0.03697426889466149
0 0.8594575617633975 0.611624828632305 0.02562214897505788 0.03717894747714667
0 0.8089822071450528 0.6771936610865985 0.019909302633159598 0.033022534765220324
0 0.8631152448452555 0.7588008171818054 0.05704900147271408 0.05177254923982266
0 0.9000046054425934 0.7317955055866441 0.0413142156868922 0.04423160773348467
0 0.8993996765430273 0.6720098166132911 0.03912314767910874 0.03586260028932298
0 0.897641332645805 0.625407721389938 0.022838990133159598 0.03315898715354382
0 0.951773041852952 0.5903049608442771 0.027233521383159598 0.033363665736029
0 0.960873090274277 0.5641076656881889 0.027050692683796118 0.009040571494911331
0 0.9166039537875004 0.5365057476513647 0.03217742439328708 0.028731015947955407
0 0.99560546875 0.509521484375 0.0087890625 0.03369140625
0 0.996337890625 0.536865234375 0.00732421875 0.02294921875