0 0.2717223950884683 0.32969009388266046 0.06528998286203436 0.06198548879891119
0 0.4360543197055292 0.23044665329688202 0.05960002471794801 0.057735043471991654
0 0.4786840748212595 0.28855137356958427 0.05525533617607925 0.05211362584786827
0 0.5029296875 0.336181640625 0.068359375 0.06689453125
0 0.577117758247398 0.24482940651532092 0.04955523220068003 0.10129250366256004
0 0.415771484375 0.333984375 0.06982421875 0.0712890625
0 0.08712293447406858 0.09734035124815468 0.09381932850854519 0.13181551655938561
0 0.8710824759615907 0.33004890113971996 0.011310104262300391 0.02549686295104281
0 0.886239325201774 0.27176149849460196 0.010672375474127693 0.01768436295104281
0 0.9286004615626552 0.2016170689368778 0.016073342614518094 0.024344924043697036
0 0.9328649504886752 0.3490656399386312 0.018116168371910102 0.01961856396502404
0 0.9349477148815493 0.3210269417970199 0.017020031724127804 0.018091139246493193
0 0.860320480316292 0.2934154408914734 0.022709989868214042 0.02234158457341273
0 0.42670756686076283 0.4818539766115278 0.03684019214160261 0.0407332621643135
0 0.3619555467844175 0.4621612136570241 0.03179794744455944 0.038467232321659384
0 0.2900390625 0.3955078125 0.0361328125 0.0517578125
0 0.08480094119940859 0.5002589479858809 0.039261629073861604 0.05254588361710971
0 0.01513671875 0.555419921875 0.0302734375 0.04345703125
0 0.01171875 0.881103515625 0.0234375 0.04150390625
0 0.04583659547746877 0.9392878696590073 0.03259510842977531 0.04823285732165927
0 0.26189605627303353 0.9560479512043198 0.05617207130907742 0.0633440945978685
0 0.384033203125 0.990234375 0.03564453125 0.01953125
0 0.4312400298518626 0.9479566519472143 0.04603781979308108 0.04035121886535631
0 0.6396484375 0.883056640625 0.0205078125 0.03857421875
0 0.625732421875 0.719970703125 0.04833984375 0.04052734375
0 0.610280944611916 0.6242784642914839 0.049724810229035965 0.049816305520948845
0 0.46728515625 0.38916015625 0.0322265625 0.0390625
0 0.5577564892068598 0.427107459221578 0.04542996439529867 0.038855084631090914
0 0.1937875065381135 0.44895588081972215 0.04327754914899473 0.03628851644402925
0 0.15546161488033694 0.6815917286764034 0.04382557717977531 0.04895253845976377
0 0.32004283362427555 0.5318486524490137 0.03330256865759895 0.06285000433739396
0 0.994384765625 0.9677734375 0.01123046875 0.0458984375
0 0.9293381175257539 0.5473164515503888 0.04275931392238319 0.053741479506967615
0 0.7711645435712595 0.6386971776658831 0.049126939490124144 0.042492086770948845
0 0.705345776720195 0.7665970716362132 0.06090543627090472 0.05587578992478792