0 0.4465263392442118 0.296479869372132 0.07761148545011554 0.07350998021460908
0 0.35519384068738313 0.2530836079571668 0.0522640223551214 0.03455222732312002
0 0.4624705155223371 0.1377568425358912 0.0428585213831596 0.03292544693560251
0 0.5151006381072039 0.18036157569369304 0.034960140404166395 0.07081535587439691
0 0.532203762753674 0.08519181818575006 0.0368158748527776 0.04744603972177275
0 0.60791015625 0.241943359375 0.0439453125 0.05517578125
0 0.2615806310971637 0.03269941355730788 0.03179250989638294 0.06247195971978692
0 0.28765343278790423 0.15743520114872644 0.04627007110043402 0.06077452414744644
0 0.026611328125 0.078369140625 0.05322265625 0.04443359375
0 0.004638671875 0.26123046875 0.00927734375 0.0615234375
0 0.986328125 0.06103515625 0.02734375 0.0595703125
0 0.8787594979093449 0.09006338296709548 0.05460161902100691 0.038980850496808106
0 0.98583984375 0.322509765625 0.0283203125 0.04833984375
0 0.916073392260444 0.354464654020358 0.0586911405513888 0.024426165786950005
0 0.6798076862636271 0.2363319587063133 0.05905679795011559 0.07318610693957384
0 0.17032028979183955 0.6839483882929809 0.06212703790651031 0.058126095017871804
0 0.20132459925827445 0.8203347420370236 0.05319144674840848 0.06187040838035429
0 0.12703789688440276 0.8935183776391505 0.08176209749062491 0.054081005985673114
0 0.3287724245410002 0.7902355978617766 0.05016392586600105 0.07741870155205632
0 0.23054644062219298 0.43887270672901 0.06888351346024302 0.06848227703893561
0 0.5327329917535869 0.8409574403956083 0.05040186887378462 0.0857109598211343
0 0.419390208412441 0.8869482683168837 0.04905322994233208 0.06472338905205621
0 0.171630859375 0.391357421875 0.07373046875 0.02294921875
0 0.8116301234686916 0.5007576897337611 0.04691085721024291 0.06809874289744644
0 0.8247701124826672 0.5782836097317753 0.05123234554670131 0.05062289366851025
0 0.6587706447637143 0.7714126108465964 0.03508232142442119 0.061066776836240955
0 0.6888915774039053 0.7635514442985115 0.03477731170480314 0.046435385298084775
0 0.9410288595963243 0.6662352579670955 0.06547196374296871 0.04063319982709157
0 0.9326298021328984 0.7211528784519889 0.04272992133017928 0.07046344231914858
0 0.9319146446164919 0.8135914483585847 0.04794253401866311 0.05202807655205621
0 0.8794255173190384 0.716702266641563 0.03233590545480314 0.04639277039347489
0 0.9127541425548886 0.9523205128875913 0.05189747929435751 0.06379796443758812