0 0.005615234375 0.2333984375 0.01123046875 0.0595703125
0 0.03349593452937391 0.30627797052666816 0.03600975056851424 0.02941372539546072
0 0.19189453125 0.008056640625 0.03125 0.01611328125
0 0.20060459729195856 0.08088584365071222 0.03363926307864595 0.07279404981716286
0 0.27250096412448943 0.17135313362688315 0.03919094706342552 0.055815004819148584
0 0.3426864357170607 0.026202177357025555 0.02722203435149917 0.05023935952702105
0 0.370849609375 0.01416015625 0.03564453125 0.0283203125
0 0.509033203125 0.02099609375 0.05126953125 0.0419921875
0 0.5241370465013864 0.15281216518298477 0.03700104980833707 0.08212253145269471
0 0.559326171875 0.344970703125 0.02099609375 0.08056640625
0 0.55126953125 0.44287109375 0.037109375 0.0732421875
0 0.427001953125 0.460205078125 0.05615234375 0.05908203125
0 0.40286929293550766 0.38911335887135245 0.033775715466969336 0.07572373731716286
0 0.4435184247070203 0.26009025847589184 0.041564127119263716 0.05439277597375847
0 0.20875546332378547 0.2934611183565989 0.037918737722058005 0.04945030260730465
0 0.16707500568796074 0.21417563058234312 0.041744717354043503 0.0373199781856024
0 0.6910810573059752 0.13703188235695174 0.04089256306851424 0.029498955204680488
0 0.9404027618403008 0.2624571758347556 0.036679968336278845 0.03332849837638263
0 0.979779611897434 0.3178765432254652 0.03340914986547017 0.025953141740850727
0 0.9462274229747394 0.0954990802584435 0.033682054642117154 0.03181251674085073
0 0.7841046575179016 0.13004142223177528 0.03029752584770551 0.021995753855318823
0 0.8329835070332589 0.4004519016356056 0.026573212365470278 0.025833820007942876
0 0.08331401248621162 0.7481752265144008 0.04423160773348478 0.03833915559021239
0 0.2879801601282832 0.6172649670291543 0.0422450427778962 0.048062165685602454
0 0.36922202453196395 0.884183242192134 0.030423280345161174 0.03517082462439691
0 0.39208984375 0.98193359375 0.0302734375 0.0361328125
0 0.3445886190826679 0.7636179170092968 0.05112507353677875 0.05016870434219811
0 0.3573281418021359 0.605321039219155 0.04367510028932298 0.03686578885929037
0 0.1826585604074744 0.6264216266773803 0.046933874586278845 0.0335074809757443
0 0.11793777101674358 0.9056453751551103 0.04251660127155832 0.03294249289744644
0 0.488037109375 0.99072265625 0.03076171875 0.0185546875
0 0.438660974464699 0.8702861893821346 0.01771861623727844 0.06617365817765952
0 0.2927893613021816 0.7025607721225587 0.038815029854043503 0.037268840300070605
0 0.21340681632762482 0.8356751567608559 0.030753713425102136 0.05274042664347489
0 0.242474924397434 0.861025638193693 0.015616994675101914 0.05247621423489357
0 0.2389953884951852 0.9357326694436932 0.037759543269014095 0.046032333857304764
0 0.6798853024215368 0.832649245133267 0.038987614763925316 0.07239952135730465
0 0.7237637350103598 0.8123679728121327 0.04643624172839589 0.06472338905205632