0 0.13453366120017318 0.0444963535264388 0.05873862759783144 0.028657201861849557
0 0.08969416757933218 0.0615352343288568 0.03060296301663612 0.058580635024455596
0 0.029721772597291973 0.3320793978462988 0.04377803455499896 0.05796063434962173
0 0.21037163141123005 0.318060512418096 0.060859356093361905 0.05759095754891119
0 0.351318359375 0.55078125 0.06298828125 0.0576171875
0 0.8017392295416311 0.272060149022932 0.05696162830499896 0.05880547742478792
0 0.8675502269291491 0.5013282425998975 0.04720452551663623 0.05964451148947969
0 0.7060733596759216 0.36855640567321835 0.04091652474809615 0.0694916414440293
0 0.6447758789507942 0.07549884475359872 0.04477732295269804 0.06192946531815258
0 0.7392578125 0.007568359375 0.060546875 0.01513671875
0 0.8436284994009265 0.08375971140757568 0.03167042910743234 0.07426821599298644
0 0.315185546875 0.59521484375 0.04248046875 0.03125
0 0.4152509048063635 0.776287537115862 0.04185331692712291 0.06271828491256004
0 0.5341796875 0.722412109375 0.03125 0.05517578125
0 0.47718559810109973 0.6751143863798891 0.04516901913747695 0.045359193302418
0 0.9477665714009673 0.6412176313849653 0.04805893631650382 0.038710998708010425
0 0.8662690544463654 0.6542556422572894 0.04814983990729993 0.054335998708010536
0 0.7572033692519855 0.6304717014984764 0.049080950611901875 0.04658607967654127
0 0.6435546875 0.606689453125 0.041015625 0.05419921875
0 0.5818251783856141 0.6270565478497596 0.025660495035176145 0.048013823931801536
0 0.6321989899796785 0.9735681649074838 0.04613990016305236 0.044445211770948845
0 0.7610765070570252 0.8764089990771493 0.028612908432875228 0.05210781683739407
0 0.9569170586279986 0.8706974523867188 0.04028620663747717 0.04504628845976377