0 0.12210200787716091 0.14125895205085376 0.047624980008749596 0.06499856500636336
0 0.1278868370315649 0.2315114399665924 0.02661184125855076 0.06328940958684637
0 0.2565981999174754 0.4565455716154285 0.043411920005170246 0.03858592417249973
0 0.2882081974558543 0.1735011911949173 0.02897938584102233 0.056970161670511166
0 0.402587890625 0.064453125 0.03466796875 0.0478515625
0 0.41455078125 0.155517578125 0.0107421875 0.04443359375
0 0.3658729824504853 0.21214290576764505 0.0334364154250848 0.06239239042110767
0 0.38448982619551386 0.24854241451505998 0.0267933125049713 0.03692790375357946
0 0.3352114811674754 0.45563082327142324 0.02119529417468713 0.059320661252784124
0 0.387599958674833 0.4008293478477305 0.020979390838834933 0.040765973752784124
0 0.06882753244849671 0.23024579664127953 0.024919730839232712 0.043741114586647534
0 0.686940802036934 0.3052629249383551 0.037018810421306614 0.03460581250497141
0 0.7815387387362791 0.06347211534256023 0.0429065937549713 0.037115398755766776
0 0.8382582228924726 0.13995011616807196 0.04010190292309623 0.04782349625536908
0 0.8640792862080418 0.27049131783102665 0.034543314170909056 0.031647716671306614
0 0.6661680037346882 0.07653173869153679 0.03169885167190323 0.03893784542090889
0 0.689697265625 0.509521484375 0.03369140625 0.02001953125
0 0.622679485349719 0.45735736578017294 0.04336078500457363 0.03419139292249973
0 0.8424237770279855 0.36936276033381066 0.04305999875676103 0.05029899250576686
0 0.994140625 0.134033203125 0.01171875 0.02587890625
0 0.3636862249363666 0.9536034945148611 0.03039309459042583 0.05259267542071
0 0.404296875 0.884033203125 0.03125 0.04541015625
0 0.22707782122752945 0.6520114766172183 0.031136708754374798 0.032584507504175964
0 0.4838565999711661 0.559881435814177 0.08027732542468713 0.060008142927471086
0 0.7119140625 0.53662109375 0.046875 0.0341796875
0 0.7853677061784123 0.8712718003560824 0.05470488708923271 0.044087696257357756