0 0.489013671875 0.133544921875 0.04150390625 0.05908203125
0 0.43836358825327704 0.15482107165252273 0.058360853157299886 0.06746577543398447
0 0.3074496867271139 0.06835788397099132 0.05488030343876904 0.06633001848094039
0 0.13179940767464998 0.10151559721456205 0.06920346959786838 0.05433970998727844
0 0.03339649810815891 0.19376200075004568 0.058461282097868356 0.05383938456342552
0 0.09494766251384329 0.05376839343028206 0.06186688434962173 0.04620882108119029
0 0.7562789086551789 0.03841218698496229 0.050730287052418 0.04715059734261695
0 0.6193980760312854 0.5361380528859161 0.04868329059962173 0.04559478533373462
0 0.522216796875 0.44873046875 0.02490234375 0.0537109375
0 0.8127761962093962 0.8483998619748306 0.05058620112933754 0.0524989490278962
0 0.8241550629383554 0.9418996992629043 0.048457699721991654 0.057268051204293347
0 0.9784716104016721 0.8891665981728774 0.03547421537583073 0.06737346089211727
0 0.9688987888404411 0.9537682197350537 0.05076157753668342 0.04763887859261695
0 0.9642031495766438 0.6665103481728774 0.04642962725521427 0.048410762510131655
0 0.8969005238845058 0.41106302290381774 0.05619525225521427 0.0488656038045433
0 0.8663765837024745 0.7371814084494787 0.06016408322374511 0.05002410282230785
0 0.88623046875 0.36474609375 0.0419921875 0.0302734375