0 0.18203923409156597 0.146724037488291 0.0519115595908235 0.059060754020974215
0 0.2659220232684405 0.07781868090320176 0.037626748761732554 0.0892007618006958
0 0.327880859375 0.145263671875 0.02392578125 0.08154296875
0 0.70556640625 0.202880859375 0.0419921875 0.05419921875
0 0.8600406474280147 0.1229849848455078 0.0264925262571587 0.05469536125582497
0 0.775390625 0.22119140625 0.0400390625 0.017578125
0 0.6892675486851734 0.057263700868251166 0.033913333341618945 0.06355113861596418
0 0.4912109375 0.018310546875 0.048828125 0.03662109375
0 0.5159444078463384 0.0846931364189667 0.036723705840226994 0.05351923081002008
0 0.457543492426225 0.10568079227852922 0.04794281125676103 0.05339366234556664
0 0.350341796875 0.121337890625 0.02099609375 0.06787109375
0 0.17326755868079868 0.5919541001165016 0.03982952500894843 0.06887794800407576
0 0.1251205495106852 0.613718750530259 0.04023826292468713 0.06207901024475149
0 0.12298697953136606 0.4610790026048515 0.05264983417707336 0.08058212876165016
0 0.07757819163750135 0.2895212777592848 0.0391878387571587 0.05565735451339965
0 0.015869140625 0.63134765625 0.03173828125 0.0419921875
0 0.10450273280855615 0.8736172286159251 0.05328549667309623 0.051359253243002057
0 0.022705078125 0.897216796875 0.04541015625 0.02783203125
0 0.029391961131482736 0.9446534242831814 0.04815837250357935 0.029993162086242586
0 0.21140257864719225 0.8426206720832811 0.04875460542150556 0.03930750557691853
0 0.29110311077738893 0.5031407881380525 0.04202661958943166 0.048066852957455275
0 0.03466796875 0.240478515625 0.0419921875 0.02099609375
0 0.5971425053707976 0.5711541145046326 0.061222993341221166 0.06269343659381721
0 0.7717664058024446 0.4739374599445931 0.055806446257357534 0.05838018944638179
0 0.8092046332948881 0.5324875022173168 0.05183769792329507 0.052713097770974215
0 0.8291158707879283 0.5853110225757066 0.06334088667647686 0.077001591806521
0 0.9123289074683821 0.48996447900926526 0.0426516029300561 0.10177779045745527
0 0.8485658670084978 0.8037728859061241 0.06428904084281206 0.07463418503787289
0 0.9486628390804301 0.8954162072260446 0.0749577087643174 0.11105571084206778
0 0.849365234375 0.976806640625 0.07470703125 0.04638671875
0 0.68115234375 0.9677734375 0.03125 0.064453125
0 0.7389976903395774 0.8120865064947124 0.04547333876213011 0.09272244515151096
0 0.7411684291205987 0.5835338817540364 0.06439699251073816 0.08391152878787289
0 0.7163506261935253 0.6583810507109151 0.052587335843010896 0.07521103501165016
0 0.4884402028216805 0.9250525762499804 0.05936077500894843 0.07035793763111342
0 0.39724592658440716 0.8243096252622268 0.0458707133444029 0.08494694489218713
0 0.41069724284892356 0.7183010250291254 0.04083449584261323 0.07139335373542743
0 0.43321807581755756 0.3368575154341354 0.08496764543383445 0.1327917994055866