0 0.05859999369876062 0.15633225167120168 0.03227927172107692 0.043993979048084775
0 0.0185546875 0.115234375 0.037109375 0.0380859375
0 0.078369140625 0.017822265625 0.03662109375 0.03564453125
0 0.20446276899502336 0.08519276912148399 0.056454618023379366 0.03758419059418394
0 0.2253720512099897 0.04115123249389513 0.03200645320942286 0.03618147904808483
0 0.47370879587862236 0.053781688052261606 0.060576330761725306 0.029848397422481687
0 0.4860305386752395 0.08522771661346717 0.04961247822100612 0.02331323559219811
0 0.513916015625 0.00341796875 0.04345703125 0.0068359375
0 0.40503476269868977 0.14139599735673036 0.057437382825752836 0.05175286982510585
0 0.41015940289667074 0.23225040178041828 0.05233910758740712 0.059471617034964064
0 0.14307111489681246 0.2695549497733286 0.04500868653503387 0.045192139052056324
0 0.09790123059465172 0.3175648686048184 0.049130399273379366 0.03745634588035418
0 0.2982996012282506 0.28495204722559664 0.04803447867453059 0.03402133116851025
0 0.3526693315480346 0.29078091060793654 0.03829675368611407 0.020675800780992626
0 0.29129161710651863 0.39169813539531306 0.04918155274431468 0.03892118963035429
0 0.23072613519939855 0.3481863859537533 0.04698971154661713 0.03205116020666621
0 0.16993745319961118 0.4100752026648178 0.05759548979078977 0.028332415786949783
0 0.2603841959962283 0.4428849081735403 0.04689360690711997 0.0432731059757443
0 0.3803308719264443 0.44009874898034773 0.06237134879668793 0.05330294338432573
0 0.522216796875 0.256103515625 0.03466796875 0.02490234375
0 0.5048735814901175 0.3593154345009848 0.05568887170949344 0.05757815290141788
0 0.09420112953034054 0.21160783735481842 0.0298657654826604 0.030776293374396912
0 0.2644934627334399 0.09941616654396568 0.03533916617453059 0.03379973366453859
0 0.2584713342161712 0.150549330099214 0.040273132145465906 0.03534980722375847
0 0.23019597288473292 0.13736820768666108 0.03607701247683304 0.02698084212638263
0 0.8448072545254348 0.4517839138572308 0.04340123122683315 0.027108686840212393
0 0.8497768785604685 0.49627716847368475 0.040232827529135706 0.020221611454680488
0 0.9423301860716975 0.37980065619623704 0.03439670598848743 0.03475925020269477
0 0.9600292249206881 0.4254920708166624 0.0327954529826604 0.030827431259928817
0 0.6826699381174641 0.15469967304049465 0.03771236779661713 0.031889223569148584
0 0.6463542094429335 0.12088289341411201 0.0399832624768332 0.027049025973758467
0 0.5978516121756647 0.17127455762914795 0.034748577982660345 0.03086152318361668
0 0.6241195835358841 0.0990235072535448 0.04159536433726535 0.01731749289744644
0 0.6705791534660295 0.07397133015297702 0.031194199976833203 0.026895612317162865
0 0.9109360187633553 0.3192306835909182 0.033857271267552336 0.03328588347177286
0 0.6101780429209007 0.48233528282191385 0.030490455988487486 0.034691066355319045
0 0.7576637275358133 0.08037123325708967 0.04243087102920651 0.04124327414744644
0 0.2864382603682438 0.9781580085690009 0.03357360390129305 0.03913673549085095
0 0.08321404422846335 0.9019011571600667 0.03517485690712019 0.04306855443361668
0 0.0666279771353 0.8601330385014853 0.029462740017552225 0.033209176643475
0 0.19858947503652213 0.8800038453694983 0.03318142729078999 0.027906266740850727
0 0.18199722633917892 0.9777989344016971 0.031091893034962848 0.023965924817162865
0 0.323974609375 0.99462890625 0.03857421875 0.0107421875
0 0.22673769951840272 0.6799339062458809 0.02303603028503387 0.04480860491056715
0 0.13490981300653582 0.6075734194871583 0.02947979117453059 0.03369745789347489
0 0.10561293800653593 0.6070620406318394 0.02452877404661713 0.031659103084255125
0 0.028154509577028586 0.8204227919514147 0.021871905058271413 0.03942046519872322
0 0.04585043692573554 0.782180969457372 0.019304938407049166 0.021808248275035247
0 0.4042876025937303 0.6078835737060919 0.04053974835474694 0.029010673954680488
0 0.5151584578555972 0.6805764567207718 0.03325583422107692 0.04401102500992882
0 0.7496342297455195 0.6693574890897119 0.045678328209422636 0.036420122513900255
0 0.99169921875 0.749267578125 0.0166015625 0.03759765625
0 0.7177192553215558 0.8034838905205632 0.04029018330244427 0.03583808847375858