0 0.80419921875 0.014973958333333334 0.03515625 0.029947916666666668
0 0.8005322417768989 0.04654223554756124 0.01876206131650382 0.04896695830980432
0 0.761962890625 0.01171875 0.03173828125 0.0234375
0 0.841552734375 0.011393229166666666 0.03955078125 0.022786458333333332
0 0.508544921875 0.027669270833333332 0.03466796875 0.055338541666666664
0 0.4407030493734474 0.08230093465262489 0.03877875182929147 0.04987058986336498
0 0.04075241309083699 0.37153098981464255 0.041271291349114225 0.06177893415851473
0 0.101318359375 0.3538411458333333 0.02685546875 0.048828125
0 0.07449243742397693 0.4919993824006068 0.051034075611901875 0.06188626967244678
0 0.11192030054229296 0.6740513013066948 0.027573849714202847 0.05485783110567658
0 0.16002184791698248 0.7276269197884276 0.030040822599114225 0.06090680040082619
0 0.03590149980123214 0.6031058077896684 0.04608308541880479 0.04588208108214742
0 0.12634497090357377 0.8455156149205232 0.05502270699106093 0.08106982887801983
0 0.44323032884087776 0.693724160560158 0.04620239638172474 0.07322583108214742
0 0.6640275237194158 0.810086296804323 0.03203087718287523 0.06952201750361257
0 0.9282782580096824 0.6983884418767637 0.042284783432875006 0.07031831354324118
0 0.9249388532500409 0.38083178397955014 0.035954171606149554 0.07373161837585207
0 0.994384765625 0.3623046875 0.01123046875 0.06315104166666667
0 0.866943359375 0.986328125 0.05712890625 0.02734375
0 0.5642366670883529 0.8881721629054602 0.041819228080574256 0.07548872801754462
0 0.43408203125 0.9739583333333334 0.0322265625 0.052083333333333336
0 0.5612886329629607 0.4364250839568533 0.03300743968287523 0.0695978552216725
0 0.6797818954290674 0.3907524678792453 0.043221575611901875 0.06127956792796777
0 0.6533582187353493 0.49179633845922516 0.04366440506650382 0.050900820120331