0 0.3276053948076285 0.251731472144598 0.04724354592977531 0.06623959422687875
0 0.23093545020783546 0.34993269154629464 0.06099513702829684 0.0689230012121141
0 0.431640625 0.009765625 0.033203125 0.01953125
0 0.39851544320165566 0.11331933246698463 0.03616260530416912 0.04376855947552016
0 0.389892578125 0.1611328125 0.04052734375 0.033203125
0 0.481224199452868 0.14819747250584467 0.0460478044519515 0.04670834422687875
0 0.5073624650748372 0.03747028733879354 0.03991932717977531 0.06549959941335981
0 0.705322265625 0.0048828125 0.02880859375 0.009765625
0 0.74951171875 0.015950520833333332 0.041015625 0.031901041666666664
0 0.7911335068371377 0.04220827851209993 0.05107007983125367 0.06533217479408886
0 0.7716715853456828 0.21383738242041014 0.033412238732732025 0.062254103908310064
0 0.0834844167804848 0.66434773407931 0.07539452216008269 0.042556198135189106
0 0.19901776744305133 0.6415387747048101 0.06634626146055589 0.08499199810022547
0 0.29026677558471303 0.551091009487262 0.06537960303320522 0.10883387482905249
0 0.35595703125 0.4817708333333333 0.02734375 0.08854166666666667
0 0.19881783250697793 0.8950705553069837 0.04721359195316377 0.08952909526417525
0 0.13619825835919563 0.8994320527156784 0.07516527793716721 0.06259049083915198
0 0.03173828125 0.9215494791666666 0.0634765625 0.11393229166666667
0 0.87060546875 0.4029947916666667 0.0556640625 0.026041666666666668
0 0.6212523763348314 0.5355133181080445 0.05438836316499107 0.07990175639859516
0 0.42511251961434054 0.6621062996154007 0.033023642898994676 0.047980520229211475