0 0.34710786503917435 0.1982577929470426 0.051531230008749596 0.08948594338895581
0 0.4286444679443737 0.09139380512076267 0.0541370625049713 0.05258128627678027
0 0.6112900637780385 0.10740976179514898 0.04152697500596547 0.06145980042954132
0 0.6689453125 0.08203125 0.021484375 0.08203125
0 0.6455670237905664 0.2327767728571586 0.05128691833923282 0.06149115172228914
0 0.674560546875 0.419921875 0.01025390625 0.0546875
0 0.27997538796445803 0.2781505785457778 0.041901622921306614 0.048473086744178794
0 0.30621621044019776 0.04184826812808018 0.0620859225065622 0.06875220064431198
0 0.18588982753818006 0.1772326841167017 0.0505884154201135 0.03736849040765181
0 0.19671621377207285 0.01988255031597001 0.03883557541971577 0.03264336885635433
0 0.23357593752485684 0.04978527391377474 0.025254607087442982 0.04210468537984058
0 0.1266784863094575 0.3819521031203605 0.05412569917150545 0.05127920294344701
0 0.3629384313086621 0.3906535127381938 0.03967043834042583 0.07239103017099173
0 0.3681640625 0.50390625 0.04296875 0.01171875
0 0.354248046875 0.007486979166666667 0.03759765625 0.014973958333333334
0 0.37311642335693074 0.047173701566736836 0.02472655417031233 0.037513274065203106
0 0.6074476804682363 0.33812011768616684 0.04626774583764193 0.04552495524258197
0 0.19423640421107752 0.2389765151509001 0.04526277500397713 0.042201507613307175
0 0.04741715296286719 0.24628462611171043 0.0405674575061645 0.06334468613359985
0 0.44512808379911706 0.30270385289321783 0.048328822505567914 0.058031225501131566
0 0.813720703125 0.0341796875 0.03857421875 0.068359375
0 0.17138671875 0.9674479166666666 0.078125 0.06510416666666667
0 0.35336358835434556 0.5980618776364661 0.06201774250576664 0.06093970064431198
0 0.5240290775182946 0.5833110460928883 0.055204531672698565 0.06306619223938847
0 0.49943388586090776 0.6726826577317437 0.03368072709460179 0.11296309974737229
0 0.3391707104600832 0.8169880125867653 0.0460521845908235 0.07674083559461131
0 0.37255859375 0.5270182291666666 0.037109375 0.034505208333333336
0 0.7371529929433794 0.7216602739137747 0.039499988338437264 0.05285978017099172
0 0.7940773591909932 0.7022147727263501 0.03996554292150545 0.05028973315229579
0 0.9499356662754534 0.7241666487623464 0.04111255542349401 0.06988922244823725
0 0.885986328125 0.9733072916666666 0.02685546875 0.053385416666666664
0 0.842969350881191 0.9366100505982069 0.02449962959002816 0.06742707108389911
0 0.8701977571013628 0.6457225991244214 0.020797577503380515 0.03463615021477066
0 0.7622829454517314 0.8053975063123112 0.021802548337045202 0.03795959784404553
0 0.7571959350383789 0.8375742735179665 0.031653398338039596 0.048407615803460015
0 0.7241689417071004 0.8554364291226236 0.030290824589232712 0.060024006859547896
0 0.6969221221305943 0.9205489008549587 0.02265411416892038 0.02370492047332018
0 0.7690513871290036 0.9099736087546267 0.04428621250397713 0.04213326831736571
0 0.69384765625 0.5498046875 0.0283203125 0.06575520833333333