0 0.19043057032241806 0.21015167578518024 0.02463040332912325 0.03124833837922658
0 0.03767686840865936 0.15674910354151184 0.023472002873220488 0.023396046506605206
0 0.053466796875 0.0078125 0.02880859375 0.015625
0 0.06646395718363768 0.21764664985811 0.023358354150781246 0.018513234006605206
0 0.2829767103775396 0.19660582288613826 0.028354815373220488 0.023595005869712526
0 0.34649954887949275 0.23800445553836258 0.01719253585668401 0.02606708683456538
0 0.5055428579125657 0.22565900530105887 0.01889604192380645 0.03638068089349766
0 0.5243930320909076 0.23759827222125052 0.012854828967903575 0.028329429657768745
0 0.3984375 0.00732421875 0.0185546875 0.0146484375
0 0.3109118419907124 0.2418982651390471 0.02298372162322071 0.023376150570294296
0 0.204833984375 0.005859375 0.02294921875 0.01171875
0 0.43354917333344234 0.19829037450242804 0.030398859351171925 0.0275808396149555
0 0.53369140625 0.13720703125 0.01171875 0.01953125
0 0.4194352930853955 0.24285246102806113 0.027060444706879405 0.03085953681078024
0 0.928728426219575 0.20793743293846534 0.05990071030805133 0.05853985610728962
0 0.8666489264926001 0.22855051903624102 0.0557107467584419 0.06714985518049299
0 0.7395009656384984 0.14135872248179232 0.05227004826395398 0.06603402112631773
0 0.64599609375 0.024658203125 0.0615234375 0.04931640625
0 0.56787109375 0.17333984375 0.056640625 0.0537109375
0 0.548583984375 0.12548828125 0.01806640625 0.0458984375
0 0.21212271276527794 0.37684124843210065 0.06371563307361117 0.03381657578408637
0 0.23685825774001767 0.5576462441070492 0.05538157371985686 0.0739658967441823
0 0.51904296875 0.37548828125 0.041015625 0.076171875
0 0.8456094145360681 0.7192557500246054 0.02844614260766065 0.04847745368340184
0 0.7741381058236765 0.6933320670396638 0.043083215235416694 0.048586050522724245
0 0.988525390625 0.61328125 0.02294921875 0.0498046875
0 0.8132395995182731 0.9453971121205329 0.03295432258009989 0.05353932961019847
0 0.7730406122938807 0.8981606620253928 0.03654235615726997 0.04002662210068442
0 0.6541240186868493 0.7446529779947291 0.034816528602148455 0.049712663355441555
0 0.6823201341051437 0.7801598993113272 0.035985477417317724 0.01610084085068464
0 0.6018864320136721 0.6001581966258038 0.04609204858463545 0.031147197076899502
0 0.6749686947892797 0.5483058893065702 0.040437241285026015 0.039697508341170556
0 0.5960367888599611 0.5168212703662898 0.04014216286317274 0.047978393654859786
0 0.983642578125 0.853515625 0.03271484375 0.0498046875
0 0.7005395247192276 0.47101984187316837 0.028445734351171925 0.027501255869712582