0 0.07091146963019668 0.30966305043723596 0.0553011200071587 0.0707367167570488
0 0.32177734375 0.021484375 0.0498046875 0.04296875
0 0.46337890625 0.013020833333333334 0.056640625 0.026041666666666668
0 0.58935546875 0.14420572916666666 0.0205078125 0.052734375
0 0.37683086504414565 0.2805954857943525 0.04847654584062466 0.071985772995751
0 0.18471474879156058 0.2566934070936399 0.0592073700071587 0.07076701795398084
0 0.203369140625 0.4778645833333333 0.06298828125 0.0234375
0 0.585205078125 0.427734375 0.02880859375 0.07552083333333333
0 0.57861328125 0.4749348958333333 0.0419921875 0.029296875
0 0.49853515625 0.47265625 0.0400390625 0.033854166666666664
0 0.389404296875 0.4586588541666667 0.03759765625 0.061848958333333336
0 0.031494140625 0.4521484375 0.06298828125 0.06705729166666667
0 0.5617250325479239 0.31627312923931267 0.0592357783408235 0.07402222628731418
0 0.993408203125 0.09830729166666667 0.01318359375 0.05859375
0 0.938720703125 0.014322916666666666 0.03466796875 0.028645833333333332
0 0.784912109375 0.014322916666666666 0.04638671875 0.028645833333333332
0 0.7587967967009359 0.11929039471516985 0.025686071670113497 0.034051124446725055
0 0.7595009812867881 0.14402619039888673 0.03842683750397713 0.03935793667008758
0 0.7309878342069016 0.17810382839292727 0.02922903708823843 0.048400554660707286
0 0.7757907362945434 0.2200768606111585 0.040856880420511166 0.03807479158483673
0 0.8462509596296002 0.23645852239971474 0.0342766179234939 0.0673186394902056
0 0.8938528708823841 0.26343487038691354 0.03801241792150556 0.04781769068713778
0 0.75244140625 0.4723307291666667 0.0244140625 0.034505208333333336
0 0.7346149983589193 0.034185743563428884 0.0340891229213065 0.045834264490205744
0 0.7154384063195991 0.46665542976207136 0.025782660004573632 0.045118832780058384
0 0.20532982878141903 0.5663927167142875 0.03877341917468713 0.07907147833675425
0 0.081787109375 0.4938151041666667 0.05322265625 0.008463541666666666
0 0.051938049237127415 0.951072093907853 0.0613306029201135 0.034327622868730145
0 0.302732798401673 0.9282919086716349 0.0459726412565622 0.06480537641433504
0 0.4325524283895428 0.8081361935744109 0.04860722417548269 0.08695973132908434
0 0.495154698390736 0.819370124423498 0.036570300838437264 0.050410494404954896
0 0.2763671875 0.5149739583333334 0.046875 0.05078125
0 0.7176365271671836 0.9326270312130452 0.06029756584181778 0.08379542658654711
0 0.8948190963160196 0.7561105431200703 0.055545089587641816 0.04274571273999861
0 0.62109375 0.5374348958333334 0.04296875 0.029296875
0 0.619384765625 0.6041666666666666 0.03955078125 0.06380208333333333