0 0.5324405547090145 0.0283961249706986 0.041671052370150896 0.051491108752565684
0 0.5553212580703598 0.09734888849755668 0.025728490875872145 0.05383877067455711
0 0.059814453125 0.413818359375 0.03466796875 0.01220703125
0 0.08443289128598898 0.3571977823107514 0.028709508045771687 0.019690331283893414
0 0.4356128880386264 0.3816926876548159 0.030556627556768023 0.06704509032225614
0 0.634521484375 0.408203125 0.04638671875 0.0234375
0 0.6064453125 0.347412109375 0.013671875 0.03173828125
0 0.6162109375 0.2421875 0.033203125 0.02734375
0 0.630401209092841 0.1478463903268481 0.04791293061751323 0.02907562304796374
0 0.6682856290351799 0.16612585186777662 0.041882835861791756 0.026600127951415198
0 0.6217418026126429 0.17756905035817572 0.03961214936751323 0.029027330515353278
0 0.7095503001408037 0.23274515715870514 0.059792134439254685 0.03841830375384858
0 0.7021883638040886 0.28102250469003276 0.060167717901842055 0.04378939750384858
0 0.7860055926839379 0.23026146540104891 0.050070919324378904 0.03201667349681325
0 0.7501430406166201 0.0733783065532175 0.034763480818657655 0.029487204393229494
0 0.774833600874979 0.0984141649521994 0.0241442570400503 0.017223358398981925
0 0.6901937985048283 0.04667307132494422 0.027767089496915975 0.020172931059468546
0 0.6736674436918922 0.019732380458572812 0.03789468587631872 0.011446364778140927
0 0.8218750645360311 0.3593239559477298 0.05431860883582207 0.03692221189451228
0 0.73974609375 0.39990234375 0.041015625 0.0400390625
0 0.8506573440651269 0.05199936438060504 0.042101311651842055 0.04368429022699044
0 0.8223778678146803 0.09429802594901268 0.029962568304130688 0.04458983429668095
0 0.993896484375 0.319580078125 0.01220703125 0.03955078125
0 0.9724158774237927 0.37630650278471833 0.0515152312064191 0.0456913892340256
0 0.9303147932583169 0.2628264011798517 0.04603143966900625 0.05102839413747717
0 0.8621774676839379 0.23070462040618028 0.03826334955413069 0.04463812682929136
0 0.8552257137336867 0.14524972018175553 0.030594345143483137 0.018725131732742817
0 0.6329071021231927 0.26744120773029956 0.03863558686751323 0.02902164904092852
0 0.012451171875 0.430908203125 0.02490234375 0.02197265625
0 0.130126953125 0.43603515625 0.04345703125 0.0322265625
0 0.16103327182303928 0.46447892265225016 0.031516231824378904 0.03190872548274282
0 0.366943359375 0.431884765625 0.04150390625 0.02392578125
0 0.525146484375 0.434326171875 0.05517578125 0.02880859375
0 0.43876956351801555 0.5066056014528204 0.056175994280798225 0.07744387417008758
0 0.37359249575921005 0.5237973861919367 0.039513063663284775 0.04855005830371617
0 0.31233863623279357 0.5761539431426901 0.043566155401842055 0.04369281243862755
0 0.2933911795514511 0.6053286664425577 0.03519708624955342 0.04266795740601714
0 0.22907820399159906 0.5580985742910101 0.033858552370150674 0.05144565695716763
0 0.20950254410647484 0.5643297603153026 0.02961086285870773 0.0465401185594686
0 0.052876733157521394 0.627845442035217 0.03992279107701635 0.05440943330371617
0 0.03847756924951137 0.6243450919060579 0.026476311651842 0.043593386636194276
0 0.00927734375 0.640869140625 0.0185546875 0.02294921875
0 0.0185546875 0.685546875 0.037109375 0.0361328125
0 0.108184606631063 0.958111055691234 0.0551585955312448 0.03497476836893698
0 0.071044921875 0.992431640625 0.03857421875 0.01513671875
0 0.09375 0.992431640625 0.0283203125 0.01513671875
0 0.22607421875 0.986572265625 0.0517578125 0.02685546875
0 0.41058111575519085 0.9061812604233966 0.04211157758582207 0.03685119346420285
0 0.4350636936438457 0.8375040484061396 0.06040672555985216 0.04720736625384836
0 0.4265924201244904 0.7652185382456529 0.056319489870150674 0.05157633086893709
0 0.34275488686304745 0.7598499596823358 0.057453160042687745 0.039868943817786606
0 0.3776109885738903 0.6580434818326004 0.03643653442472772 0.053412985643229494
0 0.18161538206463834 0.7169373733255244 0.04773529107701635 0.054454885099114225
0 0.580078125 0.574462890625 0.0390625 0.03369140625
0 0.5706666416491626 0.6059656426791898 0.0478002328301006 0.03444387606075139
0 0.5587838641918501 0.6454312018128184 0.041066727183533214 0.035868949489778146
0 0.5236514922090145 0.6525480467463146 0.04098482719806018 0.020737912214202847
0 0.590576171875 0.6494140625 0.01806640625 0.04296875
0 0.6495517095901195 0.8635741714834047 0.03683264975527489 0.045117885867654195
0 0.6861489253229551 0.8564658487615455 0.05181560698194243 0.0779065887851762
0 0.6596688125491762 0.9314765133427408 0.04503434530104655 0.06468890618862755
0 0.7436478601689643 0.4712151087992874 0.0336878326144292 0.04900425070716763
0 0.7652755032719507 0.5152683693133578 0.03728678705413058 0.044632445354866546
0 0.7604810555694665 0.6421419536714112 0.027555306005274893 0.045063911860618866
0 0.7287699984858356 0.6702662553037569 0.04253491708273793 0.056865043239778146
0 0.7866534178102146 0.7023283805959684 0.061461841896120584 0.041356513465485634
0 0.8172169651517579 0.741552802617074 0.029132847542687745 0.03970418105946849
0 0.8600660975795698 0.7749917088057016 0.03358874691020086 0.06852697849553047
0 0.9093282829831981 0.648864912783975 0.041295468907563526 0.04612001500256557
0 0.9440165561147917 0.7051962229783548 0.056275079985026455 0.05792114638172485
0 0.9276682958150849 0.5132846473050806 0.03851596929532519 0.062210570354866546
0 0.969703755768378 0.8561631920819386 0.04470986402199273 0.09494814000256557
0 0.869384765625 0.97119140625 0.06298828125 0.0576171875