0 0.29370157098324146 0.4530117821089438 0.024101906957167518 0.031108944191941212
0 0.1426809534231519 0.39872732827224544 0.023079892661769463 0.023262341877984483
0 0.16311839859390131 0.24228356324310973 0.028493597469955168 0.03077412335474672
0 0.24209245346987363 0.17752660821958854 0.025578113656017143 0.03311322266287642
0 0.33512439805620026 0.129853294643694 0.021166537982742817 0.0300300747500708
0 0.3720065140792098 0.16761990671333615 0.023630670130441844 0.03402158053496285
0 0.34203670991040513 0.20039830853901808 0.029067100836326576 0.04543961201172508
0 0.4100555219954489 0.17263757271902158 0.022185711540928743 0.03738839581402775
0 0.4358012391469964 0.11071575630614516 0.018259576380441844 0.03383401780820061
0 0.17536585126593351 0.0670866991326067 0.027974068110619088 0.025385978447768354
0 0.311037020335624 0.07455350874261363 0.019701694232742817 0.029978921279135706
0 0.21946139728766023 0.12364051259757303 0.027974068110619088 0.025385978447768354
0 0.1696639297971796 0.45978418223145545 0.023051485289645735 0.018379529377984483
0 0.386531823227489 0.4400064372830492 0.027962705161769463 0.023432853447768354
0 0.4487761568783748 0.48176920168981496 0.01674928083504379 0.025970364337265295
0 0.6079899332249235 0.4703511495148591 0.018273780066503598 0.03627542405820039
0 0.6264707615574014 0.48239851804968015 0.012368953271105543 0.02825831017445979
0 0.5077540575031051 0.24587044641636469 0.01821412458504379 0.02602151780820061
0 0.4864660189212888 0.12896196723039233 0.026037987533893414 0.028247461319854783
0 0.513427734375 0.012939453125 0.01904296875 0.02587890625
0 0.64697265625 0.011962890625 0.021484375 0.02392578125
0 0.43799866754726113 0.06865536417823159 0.020172931059468713 0.02706628493611407
0 0.41311742194231293 0.4854553423992376 0.022591611411769463 0.023245290721006118
0 0.21166561616040508 0.2049509674522489 0.02114665282225614 0.026612106000070912
0 0.3144514972473527 0.24285707957980807 0.022109011636194276 0.024204802064027642
0 0.2753410302652717 0.16855462954505784 0.024522010514070436 0.019407245348919577
0 0.3102820353381897 0.03650167355657041 0.020150205161769463 0.02316003493611407
0 0.19925754366938497 0.07211056744066546 0.01821980605946849 0.0269980803082005
0 0.654541015625 0.439208984375 0.01025390625 0.03466796875
0 0.536876996432091 0.4425671809337044 0.029938556059468713 0.027407308075682035
0 0.6416987094487272 0.3822776083403283 0.017197791764070658 0.01915147799424366
0 0.6400164311354917 0.08405712268917709 0.025038699136194165 0.024307109005898053
0 0.6255974422486356 0.21295252383457208 0.028490756732742817 0.03028584210474672
0 0.5478470940101403 0.2351949077941365 0.018208443110618866 0.0250449553082005
0 0.5214846113329767 0.4870410793000345 0.026540472469955168 0.03070591872683326
0 0.4109500286668193 0.10279630281204316 0.022157304168804792 0.03250558331402764
0 0.8992018946431071 0.3225833532838288 0.04475459705499896 0.05672743653503365
0 0.987060546875 0.37890625 0.02587890625 0.0556640625
0 0.6978318191392994 0.19585346977288332 0.025123921252565684 0.03895554650589805
0 0.9419472030549174 0.10775509869066546 0.036873919361901875 0.044735868023379366
0 0.04065638990912224 0.9044704359754866 0.04620239638172474 0.053848902505968965
0 0.260009765625 0.9853515625 0.03173828125 0.029296875
0 0.5253350232403176 0.9192769183459428 0.042284783432875006 0.051759368250141824
0 0.5247681779999591 0.6810638729738565 0.035954171606149554 0.054467390709422636
0 0.6068505612697821 0.6694102161014865 0.0359087198107515 0.046654890709422636
0 0.16087933578703917 0.7142747974227588 0.03300743968287523 0.051435396267552336
0 0.2796907608209326 0.6827876162770095 0.043221575611901875 0.044957533064098554
0 0.25240350001465073 0.7579441799108211 0.04366440506650382 0.03716208422107692
0 0.9723247711801871 0.9812607991789404 0.049512417117654195 0.03541357310481752
0 0.9111147914251374 0.677796335929153 0.037762419008318115 0.029633251587336207
0 0.98876953125 0.577392578125 0.0224609375 0.04541015625
0 0.8993957158746079 0.762172887539656 0.02672796112597231 0.06293248122683326
0 0.9138052058982384 0.8866443016733259 0.0413650356771228 0.06149089093618498
0 0.674072265625 0.698486328125 0.02880859375 0.02490234375
0 0.67236328125 0.811767578125 0.025390625 0.04541015625