0 0.05234678284714778 0.23635881122583002 0.04193174092460161 0.0544321592014152
0 0.008056640625 0.1171875 0.01611328125 0.0546875
0 0.3667518658764961 0.15565167031732874 0.036332779831508955 0.03389593932929147
0 0.2800284569053483 0.21961334777958696 0.024950406418845272 0.07141973641176946
0 0.2950256548992376 0.30760908005644505 0.025375129593163237 0.04164310237340674
0 0.254638671875 0.406005859375 0.02099609375 0.04736328125
0 0.296106059393056 0.4165242061785688 0.03590650090704939 0.02168890807929147
0 0.400634765625 0.085205078125 0.01806640625 0.03955078125
0 0.035888671875 0.4228515625 0.02197265625 0.013671875
0 0.07664304299844082 0.19791810712481184 0.021786649273379588 0.03674040471292006
0 0.12502321206296452 0.029219938762288955 0.04601314904661713 0.03151134782353904
0 0.18660396393988576 0.3216297146325089 0.03950118352920651 0.04074892125256557
0 0.21313390495715467 0.373064008640827 0.036855163395465906 0.03487534256650382
0 0.5130611034526741 0.0400147980672064 0.05176557055251507 0.05644209894566282
0 0.9246542764928971 0.18306294690936697 0.04199994555251507 0.0563852842014152
0 0.12546500709245462 0.5719115095000408 0.0467122464827312 0.05153087907353904
0 0.12006290183058771 0.6426952463267666 0.034778033744385484 0.059272360643229494
0 0.05690410901080378 0.6472116037263694 0.05075490573855834 0.055459854971238065
0 0.05795196694080723 0.7151025826368561 0.03901290227920656 0.04074608051535322
0 0.04049942304022297 0.5435795085006618 0.04242002217460156 0.054434999938627604
0 0.168703484802019 0.4945105719386684 0.048631269168774416 0.050565679522388524
0 0.3354088934354762 0.5736213077513644 0.04221076173862914 0.07640197471420285
0 0.12022874614994639 0.7638145629616779 0.0337673689304287 0.05829011666880479
0 0.14247110941131716 0.8401313155595094 0.03559493352920656 0.040726195354866546
0 0.3787170901267087 0.7599462191970272 0.03485708722690406 0.047556451380441844
0 0.5667859599111754 0.8883020172788844 0.02017454741294733 0.046494666764070436
0 0.48306820112045634 0.8941639074655673 0.03342014348848754 0.03436717615601714
0 0.43228697181864995 0.7400286289361435 0.030637714098919577 0.024587347469955168
0 0.451985642586344 0.6654210234885768 0.023353799965249777 0.03967861442455711
0 0.5663039016617424 0.7202963376951234 0.023387902279206507 0.04065517692455711
0 0.4479538114869282 0.8368191051874263 0.01929408955244427 0.035261357276858085
0 0.4816405918828902 0.6553375614713196 0.025624694645465906 0.03481000561061903