0 0.3978096084054641 0.1288068573443859 0.03537312029884543 0.042408340541752354
0 0.28470489558531986 0.25709714237265446 0.039203107515113356 0.05670776834592761
0 0.205713236052825 0.2304953359323741 0.031381625098927834 0.0393194855512663
0 0.03843167276929921 0.24415557958696044 0.04614894798261859 0.027240947076899502
0 0.1282275750522064 0.2556513419920936 0.056786457632247433 0.04084235548942505
0 0.07265627235022709 0.32831156247676185 0.056553911981999994 0.049611522053114365
0 0.18755489166769101 0.29527591307111467 0.0433276956320412 0.04760948802272447
0 0.34524278816913423 0.23752030658381107 0.03723577498179376 0.05613990335068464
0 0.8740902472200415 0.22805725292392087 0.03217348966577327 0.033011621173887784
0 0.8480147249845363 0.3063596547299442 0.024522497649422714 0.02148271337922658
0 0.9593846509216084 0.1688517137606078 0.027565845415979506 0.02550833899709115
0 0.2648326647856497 0.9432657762606078 0.04098051699814431 0.0675096436548599
0 0.217529296875 0.969970703125 0.04150390625 0.06005859375
0 0.20938089362255685 0.818421620509547 0.05398839523117527 0.07876912549893922
0 0.15713022091061868 0.6523827763316895 0.04010863234851558 0.05430615396854904
0 0.04989075436280421 0.5790236838885002 0.048480451265113356 0.05708579113583173
0 0.099609375 0.990966796875 0.052734375 0.01806640625
0 0.37869037687173224 0.8408543974823393 0.04281099931540222 0.04661302958641356
0 0.425537109375 0.787841796875 0.00830078125 0.07275390625
0 0.11168413499587637 0.585794139663346 0.04335088558154643 0.06516771708641356
0 0.16731226783113406 0.5150870441786779 0.051733154732412356 0.034784021126317725
0 0.16361766301284542 0.5729230869780961 0.046632004115484516 0.0438425095768995
0 0.13037109375 0.475341796875 0.05078125 0.01123046875
0 0.748291015625 0.48046875 0.02587890625 0.021484375
0 0.7675751893638351 0.5422301731947969 0.03876789909934031 0.0249893830322383
0 0.7512458594778764 0.6362678334609162 0.02535175969909287 0.03322135931553738
0 0.8811967740083093 0.7341222337701219 0.038075487265731844 0.0347152161596167
0 0.9255668446898146 0.7973326935610868 0.03337737269888663 0.04086391304650938
0 0.8033836935861446 0.9328369388792597 0.03227294239901024 0.036429589923887784
0 0.93359375 0.98681640625 0.0341796875 0.0263671875
0 0.9482095444868044 0.903470449858657 0.02506760903270111 0.02345573431553738