0 0.0166015625 0.4794921875 0.033203125 0.0390625
0 0.018330713974445856 0.5928622644912782 0.03347630703009008 0.04338975088245367
0 0.09601305793612352 0.4501913796932575 0.04287952319356325 0.05536423648220623
0 0.1642209707866723 0.4603951487451957 0.05179861063987068 0.04879824211527839
0 0.20314721704111371 0.42464740746290697 0.03285800083378276 0.05019727331581447
0 0.15941352576716228 0.3381633282615462 0.052875455817365635 0.06004291839859799
0 0.10216149790907908 0.2491473724931339 0.058636624406287696 0.03973401136507215
0 0.2772372911727521 0.19237430073131934 0.03712250713747545 0.05714687108237115
0 0.23159407649355968 0.30047291221352557 0.03930386349486081 0.07086136868232984
0 0.176513671875 0.0244140625 0.06201171875 0.048828125
0 0.0615234375 0.01025390625 0.0419921875 0.0205078125
0 0.005859375 0.065185546875 0.01171875 0.05419921875
0 0.24004974523737377 0.07400986494676268 0.03396458828009008 0.043403958415773214
0 0.30410864286561745 0.03314300821517502 0.024533706114221676 0.040204327782701055
0 0.3473672376765429 0.4077750801669482 0.05408232594116802 0.06446586471523719
0 0.30312663140433616 0.5821378663159585 0.0511567909740025 0.04585434708195879
0 0.5153463690086284 0.449203369788412 0.047144029497256046 0.0623138342487628
0 0.6269255642966018 0.5772140745417731 0.0458389529623755 0.03741149049876302
0 0.6256584824467035 0.31300607057468033 0.04905012755813398 0.042867829448680395
0 0.7145215174138694 0.2918940270771545 0.048636539249651056 0.0535816018820412
0 0.9294904652883696 0.38558408580002035 0.03437402405573886 0.05121645841577327
0 0.8266291175527405 0.4412310051305359 0.04434436694356325 0.05540685908216503
0 0.6927010505017919 0.5128955102768658 0.03532292055334374 0.060019728449092646
0 0.6813848329392165 0.5892804982766596 0.03833145352769507 0.05230668118232984
0 0.6634642819288907 0.09397714502542254 0.04167057680334374 0.060204426382247433
0 0.8434118318215055 0.10239223269717501 0.03535058655573886 0.051244873482412356
0 0.9634972007862761 0.07159605210051517 0.04524623650204629 0.044707294182123714
0 0.9327520921676129 0.1465962164330925 0.04532508197639751 0.03690900171544331
0 0.10235448538687231 0.8743341843995667 0.05416117141551924 0.056667572248556564
0 0.128173828125 0.9765625 0.06201171875 0.046875
0 0.1893031172274915 0.7967235912352368 0.04115047701811436 0.08749134624896904
0 0.25243388102230147 0.8572913667037728 0.034418974728443796 0.07998242956581447
0 0.235107421875 0.659423828125 0.08056640625 0.07958984375
0 0.42686095128188195 0.8873186971754017 0.04272598477769485 0.05243454898220623
0 0.48095703125 0.9775390625 0.0771484375 0.044921875
0 0.5732421875 0.978515625 0.0205078125 0.04296875
0 0.6216928005585776 0.9121144246094431 0.024506040111826666 0.04897918274938151
0 0.6296221933674094 0.9747759325930927 0.02892616109780477 0.0495953317992579
0 0.6672226004227995 0.8712991728939998 0.027309855198353494 0.03735988548261848
0 0.6493484544621212 0.8123397843267421 0.0384635547404194 0.03622181499896904
0 0.8675431107972997 0.9654154576164533 0.02542934687345344 0.05729417153270111
0 0.846923828125 0.990966796875 0.02587890625 0.01806640625
0 0.6042266886461038 0.7244334839753401 0.023275656518463306 0.03480481896606191