0 0.0166015625 0.26025390625 0.033203125 0.0439453125
0 0.01171875 0.1220703125 0.0234375 0.0458984375
0 0.011962890625 0.08837890625 0.02392578125 0.029296875
0 0.06933150162567692 0.05911597870114493 0.021539093191559777 0.06015680016107794
0 0.169189453125 0.012939453125 0.03271484375 0.02587890625
0 0.1726486267270243 0.03711498190977691 0.034100509334255014 0.025203191782485312
0 0.13564041852950726 0.11710803263617442 0.030963798954680488 0.041137344880638915
0 0.10274906351759272 0.15688289271072553 0.023869700689573947 0.05393709259096824
0 0.18885838550489864 0.25432752148467697 0.029189656554042154 0.05128889218672672
0 0.2230210270430547 0.25351280246621366 0.029677937804042154 0.05131448192270471
0 0.24331329368255816 0.23683862329111371 0.01942403155404193 0.050777097467165744
0 0.28234528206489795 0.18064340513482602 0.028752513189573836 0.05419298995074873
0 0.3129013403041896 0.2746576075602749 0.02512146991652431 0.04180683054890233
0 0.269775390625 0.322265625 0.01611328125 0.03515625
0 0.243896484375 0.02294921875 0.03369140625 0.0458984375
0 0.435791015625 0.13525390625 0.01220703125 0.0732421875
0 0.4453125 0.191650390625 0.03125 0.03369140625
0 0.44775390625 0.043701171875 0.0361328125 0.04443359375
0 0.5772803693204286 0.20518401458727198 0.04611756366652453 0.042907189195958484
0 0.6620208182850379 0.12951910723502588 0.036658765979715735 0.05997351947639745
0 0.793701171875 0.01904296875 0.03173828125 0.0380859375
0 0.8140882525895066 0.19326127388791897 0.036051162996808106 0.0531119922404194
0 0.9096976247993649 0.19361677938622168 0.051795484729715735 0.060766801291716854
0 0.71484375 0.32080078125 0.0625 0.0380859375
0 0.495361328125 0.3193359375 0.03955078125 0.041015625
0 0.446533203125 0.2890625 0.03369140625 0.0537109375
0 0.08663578226759272 0.6703936514176603 0.040179010500779544 0.0660120226282438
0 0.274055495133267 0.7210628883301339 0.04328162895666621 0.04812474453009008
0 0.2906884248192224 0.4948116176947046 0.05749292309219811 0.051796534373453496
0 0.2899460699107148 0.8168213453349242 0.06212609780801359 0.06569871699725605
0 0.500718655135179 0.47265837891591556 0.019571393567162865 0.03127143720314385