0 0.030517578125 0.053955078125 0.06103515625 0.09228515625
0 0.28773175547519614 0.26382637461643654 0.07327128001173255 0.09274820420011554
0 0.9311778071292025 0.045764084677865635 0.04826632417150556 0.03983100050075228
0 0.8497257450469297 0.06071067003373931 0.048448137506959865 0.05545600050075228
0 0.7404810812927537 0.039475304782899956 0.0493337933392326 0.04772893864872674
0 0.626708984375 0.02294921875 0.04150390625 0.0458984375
0 0.5650176625407652 0.04016301484432905 0.02593038333963038 0.04860811059733794
0 0.6174255796715584 0.38554320151958954 0.046381379172300896 0.04551949920480314
0 0.7457860475761613 0.2853554594129636 0.0289055241734939 0.05277067504126154
0 0.9416663721604226 0.2750610482440693 0.04053336750576686 0.04598343281695594
0 0.03420412461210093 0.560776408252518 0.058883515003380515 0.030028632628472107
0 0.11166142464988332 0.8326034215064533 0.06117185834062466 0.05900810267442114
0 0.6830417359066443 0.7504918238981487 0.0450756220908235 0.05906321698284134
0 0.7838382371647974 0.8017930074807589 0.04945310834062466 0.05798284489872674
0 0.833252258016359 0.9318838819800067 0.03653087126034038 0.07929036740107054
0 0.57177734375 0.990966796875 0.03125 0.01806640625
0 0.4793365217218156 0.6343884580288776 0.02534551375517019 0.0402646102733506
0 0.7220627537943446 0.533481796359231 0.0371267620892326 0.046660961799045