0 0.14443691493009897 0.16824961141308004 0.04922112953962232 0.0712911416085588
0 0.119384765625 0.359375 0.03271484375 0.08072916666666667
0 0.12268510385492992 0.24868747702634644 0.05462193840908558 0.08086097762381605
0 0.31978145266320035 0.20096027489719934 0.05511021965908558 0.08090650289200847
0 0.6429528888607746 0.24466219403570535 0.036089104772723646 0.05387696823708232
0 0.5798177619172955 0.15500084842362968 0.045521732106640234 0.04892809860093017
0 0.8050427165355859 0.06146387690715368 0.046254442298946374 0.07036694833273789
0 0.009765625 0.9856770833333334 0.01953125 0.028645833333333332
0 0.17325452320514878 0.690697726849046 0.03495725868880717 0.059599767432505356
0 0.13327662084791236 0.5390553086313327 0.03864151024475149 0.05605771957804443
0 0.1255151131964014 0.5978903728842678 0.0438646050320477 0.053954330861494114
0 0.3105489699097014 0.805599130429416 0.020116537864214745 0.06339681745187464
0 0.12568821420166942 0.9316971083437711 0.04223719307691853 0.06804962118719882
0 0.04879877488640105 0.9199468243027068 0.03517925713286285 0.06350601743250521
0 0.8588707846096018 0.686928962599088 0.05266152878787289 0.08909689294952076
0 0.6829662726835979 0.48268935181626177 0.058358335582743615 0.10387506229811135
0 0.6211978296066794 0.5417249699013674 0.06330728630827043 0.07130929105280497
0 0.5836124360606554 0.7280231634841193 0.05685591545745533 0.06034632116782953
0 0.624755859375 0.9661458333333334 0.06494140625 0.06770833333333333
0 0.9609375 0.4182942708333333 0.0625 0.037109375