0 0.014892578125 0.0908203125 0.02978515625 0.0244140625
0 0.04898717470702035 0.17525060724567565 0.03582916033373457 0.04648652318361668
0 0.026433922665153042 0.1985748371562428 0.025143154854043503 0.037030196834255125
0 0.005859375 0.260009765625 0.01171875 0.04248046875
0 0.02162457674523094 0.46943456321149113 0.03236705373727833 0.06642934760531904
0 0.03617673322742063 0.37697042436212946 0.02539466384895489 0.0633803383724112
0 0.1897592526131998 0.3581894500835494 0.03724986623727844 0.06651457741453859
0 0.1607713425383932 0.4987182259559605 0.031254038848954835 0.063482614143475
0 0.17398568367801165 0.550203303066457 0.024666917777896313 0.04775533837241097
0 0.29242399723764356 0.5213023188951815 0.03297974320174912 0.058633893567162865
0 0.3085801424241267 0.383924828026742 0.04128052445174912 0.05877878424283667
0 0.28171397578325885 0.37414820870837295 0.022713792777896202 0.04772124644872333
0 0.25315419846220033 0.3902590186209258 0.03405662556851419 0.02937963347177286
0 0.2806531764393013 0.2712231407294367 0.027120368201749123 0.058531617796099056
0 0.2759335972413003 0.20495325842418838 0.029049404854043503 0.03709838068163096
0 0.2949685606664024 0.15241738332284105 0.02434852887180816 0.040919400872411194
0 0.029645938922694737 0.045810989753618636 0.026131761527896313 0.04778090731517709
0 0.2244473432349623 0.7621247795787983 0.038975570590072506 0.061665856838226674
0 0.3583984375 0.822265625 0.0224609375 0.037109375
0 0.17041015625 0.59765625 0.0546875 0.015625
0 0.07368349359155013 0.7413379266455344 0.04435601594795546 0.030535178571134303
0 0.284151343184304 0.978191149556955 0.03881368357105863 0.016289792511914536
0 0.580915325426671 0.646861001929719 0.014138760468264344 0.020737932984893348
0 0.5775067082845539 0.6781450938534068 0.0224181459365288 0.04137359019872333
0 0.5151177260421869 0.7187527247377326 0.03193360822460234 0.036172956067162865
0 0.501708057927966 0.7028866099344699 0.0224181459365288 0.04137359019872333
0 0.49432765715765703 0.6937456338792217 0.021293086874352496 0.0276931922178012
0 0.47048214627567153 0.6819647516753209 0.023564600780440648 0.03456322164148906
0 0.4576209079077027 0.7904995568700726 0.021623519954293402 0.04526279423687907
0 0.4133117223721734 0.7990791251530509 0.032728234206837736 0.032283752029006685
0 0.375732421875 0.805908203125 0.01220703125 0.01806640625
0 0.373291015625 0.826171875 0.00732421875 0.029296875
0 0.88134765625 0.6005859375 0.0234375 0.021484375
0 0.900251262926671 0.6412869724067433 0.028323005065969964 0.04245242846978692
0 0.9651110525256715 0.6733309720013538 0.03235366328044065 0.034716635298084775
0 0.924399079691937 0.7199027249941903 0.021963304642117265 0.03160796519872333
0 0.889674928921628 0.7112390358705729 0.018919906818514187 0.029115421063191427
0 0.8593373040764212 0.6502951610732677 0.03197774607105863 0.016170470779006685
0 0.8396027217769209 0.6340515637719909 0.0148330665837344 0.04612003500397144
0 0.8329674240104512 0.6927134976193667 0.017818936104043503 0.03690235212042525
0 0.8097239047020687 0.6784826861845439 0.012822413280440648 0.03437571606120571
0 0.7884214662198332 0.674951447345111 0.028310960892117154 0.03171876395070905
0 0.7724459836411417 0.6513239704273803 0.014275212856587949 0.023667620484893348
0 0.7611914265434362 0.672987328026742 0.020997440032984982 0.0213455359678012
0 0.759033203125 0.602783203125 0.01513671875 0.02587890625
0 0.7431640625 0.593017578125 0.021484375 0.00634765625
0 0.672119140625 0.611572265625 0.01806640625 0.04345703125
0 0.66162109375 0.600341796875 0.0185546875 0.02099609375
0 0.6471503367997742 0.6598535097934075 0.030820593336278845 0.033226222605319045
0 0.6868589662198333 0.6767242273768832 0.020998786315969964 0.04232458375595716
0 0.7073627398708784 0.739303405542628 0.02142953926267599 0.03062287971780142
0 0.6916775190016146 0.7932444635275215 0.022281693548205306 0.03844390269872333
0 0.6724914388213782 0.7233240206499326 0.024791325992367108 0.039951361353333104
0 0.9418005809331003 0.8176637221027012 0.023438846282985093 0.02138815087241097
0 0.9216205089470713 0.8424101808586584 0.026914343336279067 0.033158038757942876
0 0.9204887908429821 0.7829080522060343 0.01946571637180816 0.04083417106319143
0 0.9433818275726731 0.7732386513336231 0.01643301643907291 0.028096243658581432
0 0.945337645138643 0.7312464638336231 0.016660437086278845 0.03297905615858143
0 0.758764684660247 0.7984159484102881 0.023076319530440648 0.03455469866056715
0 0.7459917943582024 0.7688779586070256 0.02216798322460245 0.03600249644872333
0 0.7634227690790112 0.7612554355247563 0.021361313068514187 0.02915803596780142
0 0.6397618583315554 0.7765868204670955 0.022588038280440648 0.03454617567964524
0 0.6398220792008193 0.7229184978717054 0.021805456472058005 0.04916904423687929
0 0.6433001964470713 0.8472682799841877 0.024484981260131655 0.043849088372411194
0 0.5766264268023642 0.770370589236953 0.02410906405074953 0.025302923853333104
0 0.536379993153909 0.8174221004988675 0.0161721558362789 0.03297053317765952