0 0.2177734375 0.5615234375 0.045166015625 0.073486328125
0 0.243408203125 0.69873046875 0.059814453125 0.089111328125
0 0.13330078125 0.59619140625 0.080810546875 0.080322265625
0 0.889892578125 0.2783203125 0.0107421875 0.04248046875
0 0.90380859375 0.20654296875 0.007080078125 0.08447265625
0 0.931884765625 0.215576171875 0.01318359375 0.0595703125
0 0.90869140625 0.278076171875 0.0185546875 0.046630859375
0 0.913818359375 0.37548828125 0.015869140625 0.074951171875
0 0.955078125 0.448486328125 0.015625 0.0556640625
0 0.898681640625 0.444091796875 0.013671875 0.04736328125
0 0.86767578125 0.6083984375 0.0166015625 0.08642578125
0 0.852294921875 0.5859375 0.012939453125 0.06640625
0 0.779541015625 0.544921875 0.01318359375 0.051513671875
0 0.7685546875 0.4580078125 0.011962890625 0.042236328125
0 0.75537109375 0.609130859375 0.015869140625 0.0546875
0 0.78955078125 0.65673828125 0.010986328125 0.02490234375
0 0.818603515625 0.7978515625 0.01171875 0.043701171875
0 0.8662109375 0.7890625 0.020263671875 0.059814453125
0 0.92041015625 0.750244140625 0.022216796875 0.055419921875
0 0.968994140625 0.50390625 0.01123046875 0.0634765625
0 0.968994140625 0.288818359375 0.009765625 0.064697265625
0 0.942626953125 0.26904296875 0.009765625 0.04345703125
0 0.878173828125 0.163330078125 0.01123046875 0.042724609375
0 0.7392578125 0.53955078125 0.010009765625 0.057861328125
0 0.736572265625 0.6328125 0.009521484375 0.036376953125
0 0.951416015625 0.059814453125 0.013916015625 0.037353515625
0 0.90478515625 0.05859375 0.0146484375 0.037841796875
0 0.967529296875 0.084228515625 0.01025390625 0.050537109375
0 0.98583984375 0.22705078125 0.014892578125 0.03759765625
0 0.97998046875 0.19482421875 0.01220703125 0.03369140625
0 0.972412109375 0.172119140625 0.01318359375 0.0419921875
0 0.982666015625 0.405029296875 0.009765625 0.081787109375
0 0.8568638371508777 0.8596401165707847 0.0323234929234939 0.05177120295683779
0 0.7573798009080364 0.9077123683030657 0.042134571257357534 0.05613229425124944