0 0.333984375 0.177978515625 0.03125 0.03564453125
0 0.20666926338946257 0.2024289245425055 0.03585190506650382 0.03834551231934391
0 0.2269725428101712 0.16882666365089516 0.02847371230946849 0.028513172459204816
0 0.239013671875 0.010009765625 0.03759765625 0.02001953125
0 0.337890625 0.245361328125 0.0234375 0.03564453125
0 0.340087890625 0.3291015625 0.01904296875 0.056640625
0 0.079833984375 0.0068359375 0.04248046875 0.013671875
0 0.49379568281273684 0.32794692091196875 0.04269920551535333 0.04081663368880717
0 0.6917847191503055 0.2155644091170783 0.0403146140096009 0.050397259985427434
0 0.7561191842884445 0.3678353129049512 0.049115039458450305 0.05301638031759448
0 0.7605698791816331 0.2100391850523866 0.04220240205371617 0.03931479019813122
0 0.5868468614584912 0.21493368362175014 0.045600485643229494 0.03615581963286285
0 0.37788553790671975 0.28695141987176975 0.032450980739778146 0.04101620163461239
0 0.7010709106624721 0.30167962319924535 0.03732243029092852 0.03943307404137175
0 0.1043141977072084 0.47044549171324124 0.02416156243862755 0.04234033104312129
0 0.048726835111942646 0.4794111150261835 0.02818996413875996 0.06363242271852887
0 0.06727649223857679 0.6477352931905175 0.019273068464202847 0.040993771136361934
0 0.057360633716850074 0.7050637673863227 0.023133866668804792 0.0334772690617694
0 0.12095115125587474 0.8133523589335196 0.038827044361901875 0.04638001076339959
0 0.2208445999771128 0.8697284310314124 0.022162985643229494 0.034379832080417394
0 0.003662109375 0.414306640625 0.00732421875 0.02880859375
0 0.37738053778397485 0.7157005103816705 0.04512924881650382 0.039048507392186904
0 0.4505232994815416 0.7041606277330622 0.04123436176535333 0.04070563446677933
0 0.5309359803715435 0.5999510221852691 0.036845511989778146 0.041349199300695805