0 0.12272135416666667 0.4716796875 0.060546875 0.0166015625
0 0.1818709451519608 0.4249430831955069 0.03955340646148642 0.06089166066064755
0 0.2555338541666667 0.127197265625 0.027994791666666668 0.05810546875
0 0.12169756002368508 0.34789350391336904 0.055128940468500254 0.03837604734154332
0 0.07448679891872649 0.278427682907201 0.047224255860096154 0.05205818827552333
0 0.45951724051771775 0.06538596007397446 0.07460098318875374 0.06904894632129499
0 0.5236648262427697 0.18694768694238084 0.0691588146456259 0.07362446326099636
0 0.42875439351082684 0.1826895040105918 0.07842379189737936 0.06827724752816078
0 0.3546937827765461 0.16956035859332969 0.07940959669927412 0.034302423735026455
0 0.4429124235342054 0.25972189757397446 0.10170315263166008 0.052484873921643804
0 0.5358072916666666 0.02197265625 0.040364583333333336 0.0439453125
0 0.7758430431355346 0.16351421555068402 0.08851543671557789 0.04984886989875803
0 0.8848950172265272 0.2525831480947115 0.07737977778546856 0.09398543402243931
0 0.682482262112401 0.36868093283456627 0.055461707664267536 0.08019751508582185
0 0.7473958333333334 0.471435546875 0.1015625 0.01708984375
0 0.8238932291666666 0.45263671875 0.043619791666666664 0.0546875
0 0.029947916666666668 0.727294921875 0.059895833333333336 0.06005859375
0 0.35276289584871323 0.6696085696003908 0.09959089039621039 0.07327610396477813