0 0.2621241677761801 0.1849169079487194 0.0488952683459275 0.03870004885766065
0 0.12800432989589267 0.16023294631028634 0.061659385812628476 0.052656045663758755
0 0.21001236071803514 0.11100582601228279 0.0298522995959275 0.03825681884014759
0 0.41162940185386687 0.05948259326451788 0.04017501081262842 0.05215599128502607
0 0.4438808451524978 0.12995338496295533 0.02716136333165653 0.04404800460668401
0 0.5752285014024978 0.12689623432933977 0.02845792243340184 0.02798018284565973
0 0.702392578125 0.32763671875 0.01513671875 0.033203125
0 0.6663920296821007 0.18819074135850636 0.038062718322142475 0.04820428179605035
0 0.5967079350531475 0.34201192475021647 0.045068602091170584 0.040562254879709325
0 0.561574904231005 0.39014801731280335 0.04339402019952088 0.047352732890733495
0 0.4870643616694373 0.49481190266592834 0.03175485394476396 0.049033100956879405
0 0.475352214639561 0.3033719663056853 0.04351339581738545 0.050282420390733495
0 0.4065816714601288 0.4108291606918833 0.033261151188158866 0.02614070656809897
0 0.2890103547540027 0.48283584316920547 0.031078392110198583 0.032431538456879405
0 0.434193994843839 0.25993848131315067 0.044900317442915894 0.02446033850195317
0 0.5102530971960981 0.06938255544900129 0.041193026806023436 0.02925223202400179
0 0.6248764920866869 0.02183539496065484 0.03587084208641356 0.04229944730707469
0 0.3317345596020518 0.5476968788005205 0.034207038973306014 0.03738254019034293
0 0.9002513969587946 0.18827886885047723 0.04950126359301865 0.0655441527354167
0 0.9034065862413063 0.2784517918890623 0.028445482034086367 0.06359061947892797
0 0.8444041387365493 0.2778738164305771 0.02618480083165653 0.044025274862196206
0 0.2975962820824769 0.9142353563131507 0.038013809291752354 0.035032052918294365
0 0.39920185368367533 0.6713761040812929 0.043972663973306014 0.03760983763522138
0 0.45367548324657725 0.7471834866565099 0.041480687072142475 0.04828383590175783
0 0.475687122315297 0.8774064288108502 0.035453027423888006 0.03204554105707469
0 0.667814610884804 0.9270824284077683 0.037355581772724245 0.04282182317380645
0 0.2834899762122174 0.6857769639308591 0.03282177896854899 0.03930157057361114
0 0.450927734375 0.975341796875 0.04443359375 0.04931640625
0 0.6213151194870632 0.739379085476844 0.035214276188158866 0.02618616605707469
0 0.9098968372870283 0.9165691713786018 0.041867827019815396 0.06975684602951393
0 0.993896484375 0.7666015625 0.01220703125 0.0703125
0 0.773681640625 0.61865234375 0.04052734375 0.0576171875
0 0.8234718650909301 0.7868698298604595 0.04798751081262864 0.05233782924092889