0 0.27579316964020917 0.111348457043695 0.031049028763900255 0.04478585708744298
0 0.3166614326270884 0.13040812870486007 0.026526652800070605 0.03741050333684637
0 0.3258645408862376 0.09806793287020099 0.027974450588226674 0.03645098583704531
0 0.1804163892526915 0.10317903830662056 0.030415856838226563 0.03647939417071
0 0.14998706675864876 0.12257995206079653 0.031417988280992515 0.037955601254175964
0 0.15896474380751313 0.21722128955980224 0.02084626039943216 0.04759622958605103
0 0.1276501402661651 0.26984237331417704 0.028754984527021077 0.025231880420511166
0 0.18640829824112984 0.2506002041394899 0.021411248477730016 0.0519964425027839
0 0.21501481178644938 0.21070852288551278 0.0195007383823399 0.0544151220858522
0 0.23877729403006542 0.31299191038253005 0.027031980011914536 0.03839274750357946
0 0.23453123376176693 0.3775075337165925 0.021882483765886085 0.05102556166951677
0 0.22966052454871677 0.43421633871738785 0.03636898462836835 0.04191866792150556
0 0.336181640625 0.50048828125 0.02294921875 0.0185546875
0 0.4182992770865199 0.2454600061913379 0.031066074725744297 0.04576241958744309
0 0.146484375 0.005615234375 0.0234375 0.01123046875
0 0.083251953125 0.010498046875 0.02783203125 0.02099609375
0 0.10307439452893302 0.06500855998369393 0.02795740462638263 0.03547442333704531
0 0.0606291266712017 0.15145740998965956 0.030801862317162837 0.030625700837442982
0 0.0981330301310599 0.1456488279012223 0.024556481838226618 0.03641121416991466
0 0.12253004666921596 0.1443881820645747 0.021036237317162865 0.0305120675027839
0 0.3643692134199955 0.20555196411522964 0.020556479048084775 0.03099466708605103
0 0.2570018032112697 0.4617358782970755 0.01855221616255298 0.028042252919119104
0 0.21176619368630822 0.1365124995524446 0.026893140979715735 0.05840659708684637
0 0.3060822907331868 0.22381188912318384 0.01975037616652442 0.04074892875258507
0 0.5673828125 0.041015625 0.03515625 0.05859375
0 0.7215562786604934 0.11136776282028849 0.036051162996808106 0.051678611254772466
0 0.8173531564506351 0.11562524989063006 0.051795484729715735 0.058696362090226994
0 0.6272459798568042 0.24823492033341288 0.06258881011524764 0.06175104625835193
0 0.6405208550594989 0.2812903219983562 0.047264585784964064 0.05083272708963038
0 0.6495400380443923 0.294371645747163 0.045953155691559555 0.05960474458943166
0 0.7099565969931156 0.31418061323901003 0.04472090376390048 0.044944943755965694
0 0.043701171875 0.988037109375 0.06103515625 0.02392578125
0 0.1760570588949602 0.9289191066349162 0.04839209060411265 0.08745950250636336
0 0.16370291903212497 0.7527575270528424 0.0503707845468786 0.08894707292329518
0 0.3387341467109906 0.7077433770289798 0.0417205610790774 0.06883095333883493
0 0.4911521322018414 0.7382029411750319 0.0714094932014886 0.09163279084281206
0 0.575439453125 0.5244140625 0.02978515625 0.029296875
0 0.603759765625 0.528564453125 0.03076171875 0.03759765625
0 0.6433144282650327 0.6167483012163936 0.03765237444155978 0.0595081562549713
0 0.7636240640202104 0.5704173728666216 0.047514223569148584 0.03716653375636331
0 0.8023176045031182 0.5768044586947185 0.06348014280602787 0.05687959709181778
0 0.8985796659379411 0.551753707431594 0.048238676947516934 0.0786704400063633
0 0.8334433400953163 0.6252803203572754 0.056680768567162865 0.03092682917428946
0 0.9237533827085782 0.6789280753451453 0.03636898462836835 0.04191866792150545