0 0.032740549054648405 0.16845703125 0.03774902792616164 0.0361328125
0 0.07038545199845658 0.18603515625 0.03311253612987697 0.05712890625
0 0.12834482050960072 0.09130859375 0.04202498680170352 0.04248046875
0 0.020078947136226377 0.1103515625 0.03594291444489217 0.0302734375
0 0.012939453125 0.50830078125 0.02587890625 0.0263671875
0 0.16137320988452974 0.541015625 0.03958839634907152 0.0341796875
0 0.1649723563747758 0.4267578125 0.0298415788986075 0.05126953125
0 0.2510506851763261 0.580078125 0.035283998329257216 0.02734375
0 0.23144030046068909 0.41943359375 0.02910216114752373 0.03857421875
0 0.339599609375 0.303466796875 0.02001953125 0.03759765625
0 0.4734112858210581 0.3251953125 0.04987555754071249 0.0263671875
0 0.5310463695907193 0.44287109375 0.03966408218715245 0.05224609375
0 0.6654489240722952 0.22705078125 0.04078765620588287 0.04638671875
0 0.7162297184323577 0.27734375 0.0314201792256974 0.05322265625
0 0.8061583302252378 0.3291015625 0.06377012989752373 0.03857421875
0 0.3388671875 0.223388671875 0.0185546875 0.04736328125
0 0.35009765625 0.580810546875 0.041015625 0.03173828125
0 0.789740027423228 0.50830078125 0.04176421870588287 0.04638671875
0 0.979248046875 0.113037109375 0.04150390625 0.04833984375
0 0.7931873465973751 0.408203125 0.0534164588226016 0.06201171875
0 0.44605491098870265 0.14892578125 0.05351622364752373 0.03857421875
0 0.7162939501159524 0.51318359375 0.05262016278297299 0.04833984375
0 0.20540039093979096 0.63623046875 0.036796088773065616 0.044921875
0 0.1014905224374702 0.7216796875 0.04245157396579019 0.0498046875
0 0.12269441051223923 0.80908203125 0.04712132070371544 0.02099609375
0 0.6646696130224529 0.88818359375 0.029908088781888997 0.03564453125
0 0.6377992412404105 0.96337890625 0.03333087332925744 0.02734375
0 0.916480997941028 0.83544921875 0.0322357384547991 0.03369140625
0 0.5848593501153283 0.62451171875 0.024314297675077756 0.0234375
0 0.7421930308353004 0.8359375 0.02666075489752373 0.03857421875
0 0.7823979124035667 0.84716796875 0.03203666444489217 0.0302734375
0 0.8566613714996936 0.62158203125 0.01589975984798797 0.021484375
0 0.9640958713320491 0.7978515625 0.0220671496376168 0.03515625