0 0.213623046875 0.023193359375 0.04248046875 0.04638671875
0 0.11542318767871315 0.08687416920124152 0.04167783744286674 0.05842747529179626
0 0.09033203125 0.017578125 0.0400390625 0.03515625
0 0.00537109375 0.051025390625 0.0107421875 0.04638671875
0 0.0068359375 0.126953125 0.013671875 0.025390625
0 0.26123046875 0.016845703125 0.0283203125 0.03369140625
0 0.24833600754547835 0.06539805887616601 0.016569468827396516 0.031643332222446086
0 0.2668385518741242 0.1385452973486121 0.016875813559631858 0.027765521366718504
0 0.2874413714819614 0.20451051279242038 0.03186538203044065 0.03594291444489217
0 0.2927924157332108 0.24621349305232754 0.026016704921308476 0.025376177607895123
0 0.3356233670619023 0.22484723478684832 0.020918515947955463 0.030922722020898075
0 0.4343578457116525 0.22231959982415628 0.03461313301267599 0.03220729931052668
0 0.3495053057763274 0.31379492392229735 0.029912257030440648 0.035829157867802275
0 0.35158014642482815 0.26424618872074945 0.02142953926267599 0.03143944241517049
0 0.32462301152507805 0.270954377891492 0.028550425713175676 0.04841071379071238
0 0.22058566531948964 0.2746340260171871 0.016433016439073134 0.028713644722445864
0 0.18365014913934452 0.1507436082837501 0.03184263996572012 0.03545463319489217
0 0.09442582001874006 0.2424512613334393 0.030151721851499225 0.051425718723529634
0 0.378173828125 0.01611328125 0.03173828125 0.0322265625
0 0.3734483715860963 0.05418067059845888 0.02175862605963197 0.028049912809443023
0 0.1784008434108572 0.2785074767154838 0.024098366159881812 0.03646445063653281
0 0.31930278703645903 0.3553749716503155 0.029856075010131655 0.045078062473529856
0 0.5936792259858921 0.3193896263089834 0.03046876447460234 0.03732244076207469
0 0.6462544065328479 0.3190430851404083 0.01499091475379366 0.02911660853962872
0 0.6317076351825981 0.3099175687065072 0.026834072968264344 0.02201508714643996
0 0.6165695701496132 0.2880967397726061 0.024040837856587838 0.024774139780805227
0 0.7710925195138341 0.28102710640124606 0.02589229670683757 0.033160238463622704
0 0.8150512224706717 0.3152395932029495 0.025687618124352607 0.028765707213622704
0 0.8353423122143337 0.3013257576566649 0.024472937086278845 0.03405148353080523
0 0.8203286553958196 0.2717208678670362 0.027890905836279067 0.03425055754071238
0 0.6952176376381864 0.3038774716061985 0.01929447774491133 0.02741943583808082
0 0.7087330107511124 0.3431342298187373 0.016660437086278845 0.033596457222446086
0 0.8854105528830978 0.34125060793963774 0.03712276545683757 0.03381433878188911
0 0.990234375 0.302490234375 0.01953125 0.04150390625
0 0.989501953125 0.359375 0.02099609375 0.021484375
0 0.9824554597016121 0.3756332739670385 0.028855424162426146 0.023593687473529856
0 0.979096365537891 0.408063726274314 0.025857510468264344 0.021958208857895123
0 0.9951171875 0.49951171875 0.009765625 0.0419921875
0 0.9743754400569049 0.4530757345044996 0.021293086874352607 0.028509754915170604
0 0.9645402425797582 0.43010289240759547 0.03193226194161758 0.016468542733437008
0 0.8888686930036112 0.43640857340109285 0.032614523883234714 0.031116980233437008
0 0.9177936896431839 0.48240632008607776 0.02818655267764636 0.04059821379071238
0 0.8380633546559055 0.41202340568530266 0.025143154854043503 0.037986172675077756
0 0.7441541602028614 0.4031451212349917 0.013389618615470056 0.026101603606811352
0 0.713088789286596 0.4471096969244649 0.03131957247714667 0.02422416444489206
0 0.6569284402116982 0.49594309336177056 0.025404015456837792 0.033131799319350286
0 0.5652252260365503 0.5344280901614596 0.029446717845161174 0.036288999973529856
0 0.563456657747273 0.4023598237099117 0.03713346334770551 0.023588871676161527
0 0.5852567290873912 0.36856865263498945 0.027890905836278845 0.03425055754071249
0 0.472900390625 0.542236328125 0.00634765625 0.03564453125
0 0.677490234375 0.56689453125 0.03271484375 0.005859375
0 0.8163944229451828 0.5427265932117729 0.023450890456837792 0.03301804274226039
0 0.13038597523584639 0.9583887792880853 0.04658204572460245 0.038260932523065616
0 0.20283219047062606 0.9455648071789532 0.04276676398348478 0.039986544368886046
0 0.2787471713437749 0.8399341426281803 0.03841771686292583 0.040707154570433945
0 0.7558220409414804 0.7496878844509351 0.03557899762180816 0.04248964470479921
0 0.6606740771026572 0.7246678796063517 0.03350146440733748 0.05015994898343701
0 0.6824728745328024 0.8476766838673426 0.03721373371572012 0.035767463781889
0 0.6023853979249195 0.8741773467738431 0.026096975289322977 0.037554769713622704
0 0.76904296875 0.98828125 0.0361328125 0.0234375
0 0.8334132755620393 0.7532331458902551 0.03732744403932298 0.038208870031889
0 0.8708530836419801 0.7729442067106891 0.03244597782230807 0.05886369405061953
0 0.9299176855861876 0.6819147329661079 0.04152934088069049 0.04478403943606868
0 0.8214296261102902 0.6945873333990785 0.03558969551267599 0.03226417759907174