0 0.08499375602088655 0.14161129769620226 0.03682375651552583 0.040734717566503764
0 0.00732421875 0.061767578125 0.0146484375 0.05126953125
0 0.09695990535964932 0.33438012490655655 0.03896680456581447 0.030495015002565684
0 0.039535576546102846 0.4455352904871308 0.0320830193487216 0.04558912269437998
0 0.10130576722966989 0.4534752981111585 0.04193388954863919 0.04857562493862755
0 0.14706670835841223 0.2901507386853185 0.030300384748556675 0.051437134745530466
0 0.13958767455997922 0.3458488900318671 0.03061817559872171 0.04558060048274282
0 0.24868457067360805 0.2373222938067805 0.04486880216577305 0.031993947599114225
0 0.32285923025556684 0.1880708989621358 0.030992796582165028 0.04167719121995522
0 0.48318074553826795 0.16468104039368736 0.035444157965443424 0.04365588285486666
0 0.5126953125 0.130615234375 0.013671875 0.03173828125
0 0.4796572772750102 0.28577479039368736 0.039923934415360796 0.046611136989778035
0 0.24890519827150515 0.16262662550563 0.044574201265113356 0.055425766124689524
0 0.15228609820383499 0.12755024169810614 0.03880529658216503 0.04172264301535333
0 0.3651585828637729 0.4792793685420482 0.025133421582165028 0.04164310237340674
0 0.3400214039825564 0.5546081956910301 0.033808823815608235 0.037787985643229494
0 0.30169247059804105 0.5128461079052329 0.029258009699092646 0.032391325258318115
0 0.269775390625 0.560546875 0.04150390625 0.0380859375
0 0.8436497256038762 0.08137373750182228 0.09216480304822683 0.06351381763429043
0 0.719482421875 0.011474609375 0.05810546875 0.02294921875
0 0.7448194754554844 0.13906795045708603 0.0710161837307629 0.09170629695973331
0 0.9000868661754637 0.25582049211306235 0.045602368781257674 0.07398329436190187
0 0.8721299027617524 0.36094583846089373 0.061829310297814466 0.07798328868991045
0 0.9484752037977524 0.4552122015324881 0.048508866331752554 0.05642505452238855
0 0.976806640625 0.29443359375 0.04638671875 0.111328125
0 0.6176994418470101 0.43077387459969446 0.08405394484851547 0.05321445958889226
0 0.5875524043288038 0.3762710225184992 0.10804553864797939 0.07239378372508654
0 0.88134765625 0.012939453125 0.0654296875 0.02587890625
0 0.796875 0.571533203125 0.0849609375 0.01611328125
0 0.565185546875 0.519775390625 0.09130859375 0.07861328125
0 0.387939453125 0.609375 0.04150390625 0.0595703125
0 0.50341796875 0.661376953125 0.0322265625 0.03564453125
0 0.501708984375 0.72900390625 0.03564453125 0.0546875
0 0.3956915132625771 0.7832639934660252 0.055060653165360796 0.046699199843361905
0 0.7417780661545151 0.8198819209282833 0.07270981583195879 0.04924287263300764
0 0.9226836567209481 0.8105300669097025 0.06006610834810311 0.06772086022827328
0 0.874755859375 0.6220703125 0.10986328125 0.0849609375
0 0.719430142765876 0.631567280449389 0.0695939625807217 0.09316261849809626