0 0.2942149367185963 0.25293015814750497 0.0429083034246015 0.05539265154884543
0 0.37504795917787725 0.2569193638664533 0.03298301570942286 0.03656802091577305
0 0.4083348049108211 0.14180909936727804 0.03553293120366652 0.05371469479905144
0 0.419921875 0.018798828125 0.02734375 0.03759765625
0 0.501220703125 0.009521484375 0.03369140625 0.01904296875
0 0.5545603217540553 0.34073342397430917 0.0169270902327312 0.051709964782907125
0 0.927001953125 0.03857421875 0.03466796875 0.0771484375
0 0.9351779104524616 0.11308199351814407 0.018033859686184872 0.04149868113286592
0 0.9073784257662766 0.15486482531740176 0.040637408744385484 0.060204426382247433
0 0.974609375 0.103271484375 0.05078125 0.04345703125
0 0.9785031789988661 0.14352738923606156 0.031001990697839155 0.049680576999175274
0 0.993408203125 0.2568359375 0.01318359375 0.02734375
0 0.984375 0.281005859375 0.03125 0.04833984375
0 0.978515625 0.318359375 0.04296875 0.048828125
0 0.94775390625 0.3466796875 0.033203125 0.06640625
0 0.9213277451319688 0.32811044145129864 0.021786649273379588 0.037217810149422714
0 0.8952287295913914 0.2932615320671956 0.03553293120366652 0.053714694799051554
0 0.906005859375 0.368408203125 0.02490234375 0.02294921875
0 0.815400169643694 0.3024132974982884 0.04350974047107692 0.04467887911548463
0 0.7685546875 0.367919921875 0.0302734375 0.02392578125
0 0.7703558457427554 0.23738517823028843 0.026153280511796106 0.050515064165979395
0 0.7701434945046931 0.14568775596352557 0.042692840686255895 0.06319094401552583
0 0.8070761556325359 0.16363674464791733 0.02948599347690406 0.04817311064921648
0 0.7148979528766378 0.19119589712868024 0.03336434346532069 0.06145615713245367
0 0.7509765625 0.0107421875 0.037109375 0.021484375
0 0.0087890625 0.491455078125 0.017578125 0.02685546875
0 0.017333984375 0.535888671875 0.03466796875 0.02197265625
0 0.07725532889952114 0.8363873865965977 0.056284106453595495 0.03334373251511347
0 0.18680088186569233 0.521017464866041 0.054865769622299165 0.06256956984851547
0 0.34558528125490584 0.6115154075539379 0.059334707802586095 0.07879651136507218
0 0.48086246166245106 0.439293379974247 0.061213425872299165 0.06275426778167015
0 0.47033569550440957 0.7547088599409274 0.0420340478664718 0.05829392398220623
0 0.29642540552160757 0.8319613291361028 0.0545247464827312 0.05280394484851547
0 0.2357188678064286 0.8522635432344121 0.05068670111064488 0.05464340958195879
0 0.9107979502664183 0.6376180525456905 0.03510665227920651 0.041507663549051554
0 0.817241715295554 0.620828856476371 0.03293806454086079 0.04924912588245356
0 0.8290922073009559 0.7424303203768245 0.036821061081509066 0.03472855618232984
0 0.7464579645043388 0.7760529784411958 0.025675848116401 0.036843189165979395
0 0.9041231898353517 0.8846315349124121 0.03599795899431468 0.03909467236569064
0 0.98486328125 0.63427734375 0.0302734375 0.037109375
0 0.9812205152608038 0.5765469666309482 0.0352368592326604 0.03126796483237115
0 0.5999829240051893 0.5286178490368247 0.04329892428496285 0.024673555398804115
0 0.5670029990978565 0.634939051036 0.03698537034891963 0.02546541996564955
0 0.770554236625929 0.9241263076920205 0.03872303261057386 0.033320542565608235
0 0.933632416073414 0.9754765051799998 0.03217076247683326 0.02727646963245345
0 0.9428276776333864 0.43279190584639154 0.03021763747683326 0.027219639499175274