0 0.2683758191190079 0.17198463246699247 0.045751398343010896 0.07233463074644098
0 0.2864091616357116 0.04932416312328594 0.042180024591221166 0.05907148289073355
0 0.009765625 0.193359375 0.01953125 0.0537109375
0 0.007568359375 0.40869140625 0.01513671875 0.0400390625
0 0.2541457724230433 0.3875321880331384 0.034287981256959865 0.05205370743483062
0 0.23458111660071324 0.30600017589889356 0.038120369589431435 0.04579697016278217
0 0.49452752866906624 0.42243194504939285 0.049424700006959865 0.05240601847439241
0 0.5175435590637263 0.585120928533833 0.054205584594800627 0.08571142732458759
0 0.32310035407386795 0.5058679483862634 0.04234479292647686 0.0732316391407335
0 0.42247075698205006 0.5706977471962678 0.03452092959301112 0.07207323868483062
0 0.1358480866337231 0.06047221997215732 0.047914402923096344 0.048465673857660596
0 0.5302483162098314 0.12288905786749182 0.035344087091221166 0.058912374679318535
0 0.5458984375 0.434326171875 0.0078125 0.07275390625
0 0.082275390625 0.696533203125 0.04833984375 0.04638671875
0 0.06269304282207822 0.5129940652302518 0.06309657500695992 0.05272423489722211
0 0.1810743770140657 0.3291754673243058 0.04143038667150545 0.03659918051848954
0 0.7956811658080125 0.17298229168552542 0.0532968600065622 0.049567249952343795
0 0.7741737220520468 0.2164389146790367 0.049265613338437264 0.03873414347439241
0 0.7600877695586091 0.16775812476171897 0.03301597208684637 0.026640352690342928
0 0.7098121878978418 0.12311914679835087 0.025873566672300896 0.042094879606684066
0 0.6270195945556263 0.18663953576137166 0.04018144625735759 0.05511977340175789
0 0.578072838732302 0.11174985004249138 0.0542393325061645 0.046660292196831654
0 0.571044921875 0.386962890625 0.04248046875 0.06201171875
0 0.6219809824305997 0.49373434739463984 0.035094093754971356 0.037427999679318535
0 0.759614480774605 0.4183032303729386 0.055096580004772466 0.03642911569131946
0 0.6978079862050589 0.3152746618534724 0.04941333667349401 0.05142945597439241
0 0.7868111916176159 0.3476278709741105 0.0420095745892326 0.044423045390733495
0 0.8287469045393202 0.311484510114844 0.0521328025043748 0.033431238957855935
0 0.984375 0.380615234375 0.03125 0.05126953125
0 0.977294921875 0.59765625 0.04541015625 0.04296875
0 0.889644332431594 0.4926380786343103 0.0512869183392326 0.04463897796336802
0 0.836477808670856 0.5705235998042104 0.05234302417349401 0.051497645207855935
0 0.4685163674858813 0.8043226656281688 0.04065836417389179 0.05415457577400176
0 0.5361328125 0.842041015625 0.02734375 0.05908203125
0 0.289673725383922 0.9374042482536245 0.05045807917428946 0.05731156071888027
0 0.06697339040619366 0.7681139070214194 0.053444583341618945 0.062262562452343795
0 0.24169921875 0.731201171875 0.0595703125 0.02294921875
0 0.865234375 0.739013671875 0.021484375 0.03857421875
0 0.8099742611692651 0.7696648369809466 0.03256178083724415 0.02955867531809897
0 0.768368084918072 0.777487885340213 0.024278044587442982 0.03083031623995236
0 0.7185349890844073 0.7787700746213327 0.03205077292031233 0.027594185445855013
0 0.700286427409919 0.8359781267205515 0.021393810421306614 0.03466837700648884
0 0.57177734375 0.73388671875 0.0302734375 0.0283203125
0 0.584898989497163 0.8044760582487416 0.015488982087442982 0.03062574853956157
0 0.7895907611593224 0.8424524295911896 0.019928966671306614 0.034634282389756965
0 0.6398982969894077 0.862900559934549 0.031131027087641927 0.03245426820136732
0 0.6781262761577316 0.851579988719575 0.019906240004374798 0.032681157389756965
0 0.7455030649019647 0.8956401747114804 0.019412277087641927 0.03218151126751301
0 0.7831969673973911 0.9302180409965064 0.019452048754772466 0.03559948001751301
0 0.827034328229465 0.9405182232484596 0.02089416583784076 0.03368044963424488
0 0.8782310240790381 0.8220485339673398 0.025754251670909056 0.03184097335668401
0 0.9698627886547487 0.8803488385714415 0.039959861254772466 0.036076804651757666
0 0.9399522936475899 0.9324013212368061 0.03660439083883493 0.041368344296050186
0 0.8766177728159137 0.9187168565950959 0.02574288833744287 0.03086441085668401
0 0.6331596320019356 0.7704335657286461 0.01642577292031233 0.027230509534049485
0 0.59867347658739 0.7540016597993275 0.021433582088437264 0.038086345756488615
0 0.5831838103218794 0.8679298910042537 0.02817861292071 0.030432953967903575
0 0.6715226028157149 0.9154084540026479 0.018015613338437264 0.038006791650781135
0 0.7079221115631298 0.9353037881709421 0.019366823753778295 0.02827526126751323