0 0.4072325503183824 0.14134728880088498 0.09728582472199165 0.05844960338985139
0 0.15938072418904486 0.20018288719705962 0.051976097412560096 0.04322607310481763
0 0.3067369206925976 0.2802950938128228 0.04681747956464577 0.061559095564098554
0 0.5083329990194712 0.19822816505053065 0.04698048947374511 0.048897885378055284
0 0.8041218137977553 0.2053028187482281 0.022647931928294618 0.04171472243611407
0 0.7082148370074273 0.029366573283474473 0.021947174776209 0.023177086093092436
0 0.6356690946036341 0.1122860391964926 0.027631173368863116 0.028247461319854672
0 0.568359375 0.131103515625 0.017578125 0.03173828125
0 0.9357197939218787 0.1968098075210406 0.02978440777270208 0.03904080229078999
0 0.8690544171280896 0.07393035328873454 0.02685472027270208 0.03893849534891958
0 0.20556865168189337 0.41862592497506135 0.05391029842654127 0.050601445325752836
0 0.02783203125 0.45654296875 0.0556640625 0.0498046875
0 0.0244140625 0.538818359375 0.048828125 0.03759765625
0 0.017578125 0.76513671875 0.03515625 0.041015625
0 0.23635022170311792 0.7897630703934814 0.04404424448597277 0.06389819487222814
0 0.2909322322293729 0.8351143151200311 0.04321832539682546 0.04340743352920651
0 0.06352638610880235 0.9322110091382212 0.06258075647725181 0.0338526247153208
0 0.3920821469234481 0.8608133959975903 0.050436306195782654 0.03440290829086079
0 0.4901013374284785 0.5324357194450042 0.0470554369405225 0.05766989672107692
0 0.541816989900562 0.6149133903285323 0.03379689572374511 0.048437504139638765
0 0.38988019500392046 0.9407892140557199 0.03787196464331877 0.05881076848848732
0 0.3400708378322257 0.38762082277693855 0.04065175720976377 0.04136905274431463
0 0.7885153801679582 0.5049060038647709 0.055650199047157844 0.0701497464827312
0 0.8397478119232183 0.5265019789111045 0.03721486447374511 0.048556862238487486
0 0.8758995484092371 0.5325473608877251 0.04679274656815258 0.045968197878055284
0 0.7587695688445913 0.5965618230567121 0.04527768834786827 0.052735930750141824
0 0.6926310697501379 0.526280334568579 0.04729339431639912 0.053780697878055284
0 0.71780996732535 0.5819149413068538 0.03904282753668342 0.046671941866401
0 0.6595167556697575 0.5868737164872826 0.04276714364156531 0.06677672890129305
0 0.6097274285771953 0.7328202125164891 0.04435134031815258 0.04588294209316335
0 0.57958984375 0.82568359375 0.0400390625 0.048828125
0 0.64013671875 0.976806640625 0.0419921875 0.04638671875
0 0.580078125 0.99169921875 0.041015625 0.0166015625
0 0.805908203125 0.972900390625 0.05810546875 0.05419921875
0 0.9421174858342549 0.8220609283234848 0.05143760169227596 0.0500279082908609
0 0.9692661869635923 0.7709324528815436 0.044107573931801536 0.02687407565712019
0 0.7334139767153458 0.7869636105451288 0.04331219684962173 0.04487227727920651
0 0.7699899165282381 0.7179671404345549 0.04252337725521427 0.04776786246524978
0 0.7872339672676718 0.6009268985449869 0.03948089431639912 0.053507879366401