0 0.2939481276012832 0.09698485936628984 0.05305234037583073 0.06620204247123807
0 0.340087890625 0.038330078125 0.05126953125 0.07666015625
0 0.44287109375 0.016845703125 0.056640625 0.03369140625
0 0.2232732567656427 0.061249750076023096 0.05399105490379319 0.08085047997123807
0 0.025390625 0.55126953125 0.05078125 0.0546875
0 0.0771484375 0.649169921875 0.0517578125 0.04150390625
0 0.4130859375 0.639404296875 0.0361328125 0.06103515625
0 0.3622338732811934 0.3393538409973528 0.041396171344361576 0.06711042727814087
0 0.18454108863972002 0.135233044437925 0.042072195499954 0.07004295551535333
0 0.21978971313792067 0.21269363748075742 0.042110043471991654 0.055400199489778146
0 0.23840548465185585 0.2897625343388107 0.03195000867478792 0.056805387758318115
0 0.19775878797526864 0.31100293148907543 0.04477704059962173 0.04370133465026482
0 0.21909102260982039 0.40759455613549167 0.03243828992478792 0.056808228495530466
0 0.4904219390976845 0.2511731352511605 0.05100534392303446 0.06472583577238855
0 0.5717012901901088 0.6048361530356748 0.028344297019195386 0.05385581509783144
0 0.34069122936854135 0.4376602942684584 0.045540378720238195 0.06322974391305225
0 0.2994762434420001 0.3890537467710241 0.032000223145072115 0.049972290995530466
0 0.7532133684823741 0.1429795563809813 0.033953348145072115 0.04998365394437998
0 0.8028121375680606 0.10898703198646897 0.04736253277270219 0.03834728532353904
0 0.8660048402777785 0.2185236284570452 0.04675489859611481 0.059332016124689524
0 0.99267578125 0.08154296875 0.0146484375 0.0400390625
0 0.993408203125 0.038818359375 0.01318359375 0.05419921875
0 0.977845231046974 0.27160392229589675 0.042372733844361576 0.06711610875256568
0 0.8605674231727587 0.40807901999669094 0.04733705129891108 0.060799700611901875
0 0.7205478119174525 0.5021901191731928 0.035524429846115035 0.05926667916880479
0 0.6932164284156992 0.5101645411942983 0.03794110309962173 0.04366156432929147
0 0.785418582756554 0.5921784212204947 0.05806687230066454 0.053052537567786606
0 0.7240071922180712 0.6247742795581042 0.04534607832687354 0.07543109368862755
0 0.8740706580610931 0.06998386191739953 0.04596607900170735 0.06225602215026471
0 0.5148425590854567 0.8629242045452757 0.0621921556905225 0.056493232215485634
0 0.45350030700327704 0.8813542251584604 0.058360853157299886 0.06525672808057426
0 0.3225864054771139 0.7897962976348298 0.05488030343876904 0.06426028042008758
0 0.223876953125 0.681640625 0.06396484375 0.0234375
0 0.14693612642464998 0.815729828992924 0.06920346959786838 0.05165303077367134
0 0.04853321685815891 0.903737249769161 0.058461282097868356 0.05159053455499896
0 0.11008438126384329 0.7666094336105782 0.06186688434962173 0.04380076045269804
0 0.993408203125 0.763916015625 0.01318359375 0.05126953125
0 0.93408203125 0.69384765625 0.046875 0.0478515625
0 0.96676034517465 0.7482725062243432 0.03904282753668342 0.04562037080371617
0 0.9088426193302425 0.7515402414526164 0.04276714364156531 0.06565410573977815
0 0.7367339740102445 0.8556072950223477 0.03784067415905329 0.05732775785486666
0 0.8775772589228047 0.896307272641244 0.04435134031815258 0.04467505641305236
0 0.8210792228912895 0.9674631460427916 0.04863963361710977 0.0354261200351762
0 0.786865234375 0.984619140625 0.04638671875 0.03076171875
0 0.858154296875 0.982421875 0.04150390625 0.03515625
0 0.993408203125 0.953857421875 0.01318359375 0.04345703125
0 0.7752857051956448 0.7254517717499592 0.06241774656815258 0.04478016368991039