0 0.16796875 0.015380859375 0.046875 0.03076171875
0 0.05085962675701028 0.019787006056509404 0.052695509699092646 0.03524111179287992
0 0.2513675049900411 0.020704867708215113 0.041621323815608235 0.03995810522461363
0 0.382568359375 0.0126953125 0.03759765625 0.025390625
0 0.15208701722966989 0.23893424279644904 0.05077978218191759 0.05316532232151783
0 0.35844088459226786 0.10617679852524453 0.07241145763224743 0.042726333813778106
0 0.0945356422791338 0.21650701587802718 0.05077978218191759 0.053165322321517716
0 0.6848789454262885 0.3203937166733811 0.03761562108237115 0.036312623320433945
0 0.7836801343528453 0.08501761954660225 0.04354603374896904 0.03909529930170341
0 0.8390525315883505 0.1655218760707517 0.040928911981999994 0.04966685193606868
0 0.8625886626587009 0.2979738431500091 0.03508896963245345 0.03324074009907174
0 0.6681047785531752 0.0900247314983034 0.032372395132247433 0.04039432398343701
0 0.8392109284281442 0.39541221159056605 0.04392963714859799 0.05227889305170341
0 0.994384765625 0.171142578125 0.01123046875 0.02783203125
0 0.1388039707464328 0.7381551279885494 0.02903444646503095 0.05969806082925744
0 0.09040060392793797 0.6702844898784868 0.05542482391453607 0.0787834604756974
0 0.07571036549086585 0.5363913023961336 0.02463991521503095 0.05944210853080523
0 0.15500331885923696 0.6016590753453608 0.04416594009789698 0.07715279765743088
0 0.11050995933979368 0.5002676658509329 0.047006625098927834 0.040759217061610564
0 0.19263690477397927 0.5353757578772498 0.04151142084810311 0.06968638318606868
0 0.25368773637538133 0.5888206558441238 0.042251680398804226 0.044869356868886046
0 0.24431763282736063 0.658706568680037 0.03826018519888663 0.041712156214706475
0 0.3082511258745566 0.5626520867140936 0.019852798149216477 0.028941157876625656
0 0.33651085094222666 0.6000029666204407 0.03395612426593808 0.027812768060526794
0 0.32182648377748435 0.667622923869357 0.025612720415979395 0.025864458857895123
0 0.2542088361462679 0.7390073910368483 0.03461489591577327 0.03370058220479932
0 0.13362426786480386 0.7985029289786423 0.03222133738286592 0.018450106877709427
0 0.09775388389977291 0.8546176576295705 0.03373778614901035 0.037061672666254264
0 0.03324263645610298 0.48305052941161286 0.01899887833195879 0.04985193419380829
0 0.05085651561315441 0.734989207019508 0.049357561031876274 0.05454484863870035
0 0.0107421875 0.645263671875 0.021484375 0.04541015625
0 0.09865876257797923 0.6722327990811185 0.024455217281876385 0.05309445228080534
0 0.058349609375 0.9833984375 0.02001953125 0.033203125
0 0.7838504492449895 0.8659793235863842 0.03685217158216503 0.043579963781889
0 0.8717866324811132 0.9703900981710604 0.036420720465443424 0.04550464963761658
0 0.8310546875 0.986328125 0.03515625 0.02734375
0 0.62255859375 0.983642578125 0.046875 0.03271484375
0 0.4999682982818142 0.9736786922739962 0.04878925969909281 0.03501359863870057
0 0.5213398346781442 0.8443314077178046 0.043716524148804115 0.04495467430170341
0 0.7824311637311132 0.9651857347692016 0.02975527336527839 0.050965876617802275