0 0.0048828125 0.220703125 0.009765625 0.0341796875
0 0.023399876449433032 0.17593786330947625 0.026040793269013984 0.04624566294194121
0 0.04948211499893329 0.19347723944328787 0.03665722627155832 0.03345424580244427
0 0.03815798542408105 0.23709857996069839 0.039133418760131655 0.04475291918035795
0 0.07516300170836099 0.27213702761199143 0.049478293269013984 0.04706411847690406
0 0.03948765069573068 0.3975617507863094 0.03185468413957282 0.045473714325682035
0 0.14404296875 0.015625 0.0556640625 0.03125
0 0.12581056425901926 0.05626711739119794 0.03811137213069049 0.043742254366401
0 0.07218790245193174 0.09449875725148837 0.03214898469795546 0.030859379139638765
0 0.5553589193047259 0.11626221516009694 0.03861169755454341 0.054484441866401
0 0.6627379303682428 0.19095368890867936 0.032218557175102136 0.053286214325682035
0 0.9651994729646076 0.028872255316650053 0.01876205864845515 0.046966458087265295
0 0.7834611482908006 0.12963333024047197 0.04082568315733748 0.04968688515129305
0 0.7064719052438446 0.12352127868788598 0.03385329326901387 0.046518481453595495
0 0.020751953125 0.63330078125 0.04150390625 0.1025390625
0 0.68408203125 0.4501953125 0.0615234375 0.041015625
0 0.6610002542146076 0.5778165441224408 0.04726430766621978 0.051861675192012124
0 0.635986328125 0.594970703125 0.01220703125 0.02490234375
0 0.7426408502654029 0.6520725079366811 0.05366949221951367 0.06378503907575284
0 0.7857862240242396 0.5552750180879741 0.05687208449616066 0.06974672101762325
0 0.8784700395483422 0.5394376668499119 0.03896487269920479 0.07253379695942264
0 0.8919224992260343 0.5971292612801988 0.04542354670683779 0.033272885378055284
0 0.903076171875 0.450439453125 0.04150390625 0.04150390625
0 0.9892578125 0.8916015625 0.021484375 0.052734375
0 0.9438862642184926 0.7520244825245843 0.04195208850249865 0.08433780274431468
0 0.8659150735395968 0.8299991129138686 0.06394614053423431 0.06463139462229917
0 0.8006258049038634 0.9402065081055264 0.0360806693286459 0.07340805251755222
0 0.8271484375 0.968505859375 0.04296875 0.06298828125
0 0.64599609375 0.990234375 0.0322265625 0.01953125
0 0.834002933469742 0.7066158613265324 0.05344207157230796 0.058902226575752836
0 0.8520372460471386 0.6764338819137978 0.03788395148348467 0.038859441866401
0 0.8927451800319183 0.6949730740069612 0.04340354179566086 0.05270182843618487