0 0.0185546875 0.242431640625 0.037109375 0.04150390625
0 0.0078125 0.290283203125 0.015625 0.06298828125
0 0.00634765625 0.357177734375 0.0126953125 0.05126953125
0 0.09689533611918488 0.4561043620713221 0.03439141492478792 0.057894068987577096
0 0.13840148780107825 0.5723517682023969 0.048694908620570576 0.09110631114534584
0 0.29205345032184327 0.25256815037892016 0.03745207337232381 0.08285610054650927
0 0.25565645049487773 0.18646366266512812 0.03928734240033238 0.027899174595927556
0 0.2464780387308505 0.12342647238473795 0.025270523596114813 0.059957452447672865
0 0.29835295872554446 0.0320349716479482 0.029678169821659495 0.029942662119712596
0 0.32568359375 0.03759765625 0.0078125 0.0498046875
0 0.24740962610165096 0.3839083510919249 0.04552726374469396 0.09487328959117058
0 0.322509765625 0.380859375 0.01416015625 0.046875
0 0.29702956460524965 0.541609092821836 0.03205624662583073 0.06705203711971253
0 0.322021484375 0.56640625 0.01513671875 0.05078125
0 0.8459223371977659 0.33615792989425197 0.023674708898578922 0.03505510869767292
0 0.8849164472187606 0.361735073858044 0.027393215992986386 0.032284588688158866
0 0.732695044054539 0.529324992014238 0.03110516559962173 0.044610995556023436
0 0.5763264396052497 0.5400879280174203 0.02671719183739385 0.02933500525184818
0 0.7879667633813208 0.31617239660065155 0.030704946791943577 0.02316641242864481
0 0.993896484375 0.273681640625 0.01220703125 0.02783203125
0 0.9185752448378076 0.6157175843617402 0.03572528772725181 0.033111100855441666
0 0.4949901377468609 0.5411797338398363 0.04529080332341273 0.022786728017967217
0 0.5210888258640166 0.5770016668958596 0.04216681543004808 0.03483459177748127
0 0.43356787766472715 0.5905699299188574 0.0319441996643135 0.0349050583649555
0 0.7771721159791432 0.19432260102084314 0.032150866555924695 0.030530423051266353
0 0.7796899666505162 0.2619839566291936 0.03036000298772623 0.05578177649709115
0 0.956922196947674 0.20066774308319818 0.03786615563284412 0.03612037210068453
0 0.8327258072801293 0.633759962379981 0.03547496385312865 0.029204850855441666
0 0.6928364184950615 0.47140190993258146 0.03265151430417135 0.03834292305126641
0 0.16803300673103438 0.7291115634965112 0.04087079059962173 0.0450089142822383
0 0.020263671875 0.70751953125 0.02685546875 0.015625
0 0.505859375 0.7236328125 0.0263671875 0.0478515625
0 0.5211519765019372 0.7461384832219718 0.020231258674787922 0.05731708683456538
0 0.5197512106750637 0.821473067276147 0.01764576650170746 0.06256880496670092
0 0.4874817396698494 0.8666660298475022 0.027091929171281115 0.0731808380702943
0 0.3994891887746854 0.7730022600758387 0.049408780748200654 0.07944724895427802
0 0.409912109375 0.713623046875 0.04248046875 0.02783203125
0 0.3690484293097073 0.8584133485739907 0.038216159970238264 0.06438099679175235
0 0.413330078125 0.984619140625 0.04248046875 0.03076171875
0 0.6032982673726457 0.8699165230031494 0.04736253277270219 0.039916363640588814
0 0.517822265625 0.9794921875 0.03369140625 0.041015625
0 0.7978515625 0.72265625 0.05078125 0.0458984375
0 0.674560546875 0.714599609375 0.03271484375 0.02978515625
0 0.6532324288655862 0.7706130425848059 0.04585984105066454 0.05446532145903504
0 0.8016146538621253 0.8309998975274483 0.05877999595099692 0.0812901154941823