0 0.35384727502076496 0.2528961023768831 0.10262487951042842 0.09446098772255218
0 0.501953125 0.016357421875 0.083984375 0.03271484375
0 0.5698305974298643 0.1741989536865296 0.048181894374077494 0.07448901405205632
0 0.551655707796928 0.2796140944635507 0.06454549949820065 0.07867652242248169
0 0.6368276242444181 0.3729599340541897 0.0504734056905225 0.05697054991851025
0 0.7185197394506752 0.42726031960667266 0.04184735309962173 0.04413886972375858
0 0.8503929552533229 0.1204189767708585 0.07922522748246608 0.0794204931001411
0 0.8832612575154588 0.2748035529175254 0.07089971323597277 0.06366764838631145
0 0.965576171875 0.17822265625 0.06884765625 0.0771484375
0 0.6749041891553627 0.2119599089429135 0.09889981492824873 0.11244216416333241
0 0.500732421875 0.510986328125 0.08154296875 0.05712890625
0 0.37710284112564685 0.7577764435394361 0.05806687230066454 0.05368894886326192
0 0.27435130272356123 0.7409945360712081 0.05332814572374511 0.048241148284964064
0 0.10578446994393734 0.597288652851774 0.06910959814507212 0.05095528992446746
0 0.244873046875 0.557373046875 0.03857421875 0.03564453125
0 0.3414749884297723 0.8654515366296485 0.07008616064507212 0.05097233588631145
0 0.14829679884759256 0.886910089286597 0.05419847027270219 0.038989373477730016
0 0.042356909794320885 0.8127466119624471 0.05945021109611495 0.06005365107510585
0 0.030006256263843303 0.6352734235492911 0.045234031365356336 0.04371024934021239
0 0.0719918862760711 0.6496942119018446 0.052113625847868356 0.05212182934219811
0 0.15087890625 0.972900390625 0.07421875 0.05419921875
0 0.53510510824451 0.7866482784619178 0.04857705264857892 0.03498937068758823
0 0.6422970803110011 0.6972771261189401 0.03827293192829462 0.04163780260730465
0 0.8513236153389175 0.7781956993244739 0.04696812297549835 0.040326372513900255
0 0.9244232138704327 0.7060397641078789 0.06242430405592492 0.03035372463432573
0 0.7798053983827065 0.6538154055943315 0.05648342410137497 0.0365905821323399
0 0.6298440372427566 0.7928158431439754 0.04671779910137519 0.036420122513900255
0 0.5917442362899143 0.8619167174841877 0.055293637221991654 0.056079217227730016
0 0.7058988047480628 0.6981222635990825 0.03312087156815258 0.044962018567162865
0 0.9355401387043198 0.7498401859322052 0.03620701148947969 0.04745456270269477
0 0.984130859375 0.6826171875 0.03173828125 0.03515625