0 0.0506347435551745 0.11963321956059764 0.03871169541333247 0.09222868167170428
0 0.06548415229127419 0.07501781247514316 0.04639277039347489 0.0288543891728974
0 0.1336560217109906 0.06348019163252999 0.038228356838226674 0.036570300838437264
0 0.12164007634730203 0.13052812788431967 0.037200656452694714 0.0336292500049713
0 0.187255859375 0.015625 0.02587890625 0.03125
0 0.2609976235273739 0.02830018869849668 0.029481909242836446 0.03890943708724415
0 0.34547386008340175 0.08348096743716199 0.03027948914347489 0.02866689417071
0 0.33981656528808224 0.12310561035469036 0.036053634334255125 0.023852261671505448
0 0.30631377358694656 0.21824125285946283 0.03417721616255287 0.028224066254573632
0 0.3057754634199955 0.29931866702639465 0.048524877992836446 0.039131022089829326
0 0.23342460861077569 0.2952767412028715 0.0404968321323399 0.05465943375536897
0 0.26262994875779544 0.45756758744929216 0.04700889635730465 0.03618428958963049
0 0.3682108598786475 0.35084887076804283 0.04168894049283656 0.0390514787555678
0 0.4142638200038239 0.44310527659534416 0.03047304636723336 0.06772371250397713
0 0.470564888135811 0.31107582033739 0.032025591263900255 0.044797220420908834
0 0.4288467983941806 0.21535031075949201 0.04342899096978714 0.02686717417249973
0 0.44097107117240797 0.18248774367443532 0.042906617796099056 0.02490836750576686
0 0.4330771750695015 0.03801899200849776 0.03303624568758812 0.0467617087543748
0 0.4091796875 0.010498046875 0.0361328125 0.02099609375
0 0.4032067890102816 0.03348276117920779 0.029859391740850727 0.03256746250397713
0 0.5508381861287213 0.041532522825856455 0.018697106838226674 0.036343034169119215
0 0.568428414415671 0.09797997115693613 0.023091638088226674 0.03639416916971583
0 0.5246145269355287 0.16197924699636768 0.017652360490850727 0.03242542083565336
0 0.5876124401350313 0.24573601323801575 0.05359519607312002 0.04993002625715881
0 0.6218372138770885 0.2199419898999762 0.03833915559021239 0.042917957088437264
0 0.6149295122236846 0.1599515761507716 0.03672942116453859 0.03460013083823843
0 0.6082519310551745 0.11314475615156705 0.020582047990850727 0.03245951083605103
0 0.6589504225834018 0.07983333739460713 0.024976579240850727 0.032510645836647534
0 0.6653346420945367 0.0538748878103458 0.02650355519475167 0.008119310003579405
0 0.6179397402582959 0.024635171566709135 0.03026244318163096 0.02769033167071
0 0.70556640625 0.008544921875 0.0283203125 0.01708984375
0 0.70751953125 0.028076171875 0.0244140625 0.02197265625
0 0.71533203125 0.133544921875 0.0087890625 0.05224609375
0 0.8278957350834018 0.0748854236951162 0.03658205915141788 0.05412569917150545
0 0.975341796875 0.022216796875 0.03173828125 0.04443359375
0 0.98095703125 0.24853515625 0.0380859375 0.056640625
0 0.885881375299923 0.45905447368815633 0.02878660511326192 0.055011355003778295
0 0.8482009605781502 0.4267714366098606 0.032142441659360976 0.07945950750417596
0 0.30954312778808224 0.5770076303409694 0.02914457031198503 0.0755191675037783
0 0.48236034496410873 0.7688837482346352 0.054367207030992404 0.03822263959062466
0 0.43555710911751255 0.8294991453244644 0.059224450588226674 0.03681461250795426
0 0.40962570261311426 0.9387097190782427 0.049944635500779544 0.06453301042329507
0 0.3601509400316245 0.9861699307517366 0.060955978084255014 0.024142026674886186
0 0.3335646263651 0.9459437153385832 0.045433253855319045 0.029819588339431657
0 0.30067932299666045 0.9365587620096909 0.04466976587836835 0.042015256255965694
0 0.2103362974282914 0.9649593020220198 0.0314606031856024 0.040397007504175964
0 0.1845500349998524 0.8866301041086675 0.027057548954680488 0.03985759125357946
0 0.0126953125 0.527099609375 0.025390625 0.03466796875
0 0.20732904753169834 0.680756887855088 0.043982984729715735 0.05860545542249973
0 0.9108109037618408 0.8470161403465373 0.038980850496808106 0.051712701255170246
0 0.9429706447833311 0.7308957674252308 0.0363494673290774 0.06876845500477247
0 0.9300790503218401 0.9156535749274182 0.0229101841514181 0.05396661250298285
0 0.7741740566653182 0.6014855595311672 0.042628939731701454 0.0649360666723009
0 0.8349205405325517 0.6681752086897471 0.03827702338631145 0.06732633792170428