0 0.09984181153971805 0.36392202923126415 0.025305550726397508 0.04952863265965313
0 0.1016621607880207 0.4909421068583098 0.024301322224002275 0.061122220722591436
0 0.01454472947814206 0.20640092728712767 0.019525021200748727 0.03865303889042707
0 0.166015625 0.009440104166666666 0.033203125 0.018880208333333332
0 0.2466284362996476 0.46752508740156024 0.03391340880813409 0.058050383636335745
0 0.29756737724835003 0.4839360322920485 0.030083928016068295 0.0596697434708379
0 0.03998170687829111 0.3268611222545202 0.041958292698353605 0.0522492179463517
0 0.07662631409785203 0.31075296114033285 0.028439956114221898 0.054987289867109844
0 0.12123488346686417 0.2777429486741705 0.042777164249651056 0.07308255127968517
0 0.5914268882862761 0.04983940019379718 0.04899687181976087 0.07036971134028562
0 0.9234553874808862 0.15772918402393013 0.04329311150204607 0.06144724257105957
0 0.9421152373796868 0.47537156269994824 0.06353464531018016 0.11832944812815338
0 0.6505857413937087 0.5009298298418835 0.05647670525204629 0.06257370000461442
0 0.343994140625 0.6168619791666666 0.04052734375 0.034505208333333336
0 0.015380859375 0.6822916666666666 0.03076171875 0.059895833333333336
0 0.10684997385334019 0.956592803440691 0.04850859056976081 0.07032799069459846
0 0.500732421875 0.6272786458333334 0.01806640625 0.055338541666666664
0 0.48046875 0.6188151041666666 0.0263671875 0.038411458333333336
0 0.48285902942754233 0.8122131837393853 0.04085170525204607 0.06123863934262349
0 0.45423994516147426 0.8717577652731618 0.050542637310529104 0.04779185623538836
0 0.42240553376681333 0.9140579869724359 0.07559644320998038 0.0661539301864158
0 0.5420842177613252 0.6357281937599972 0.04755761780573889 0.07089559106989067
0 0.5166015625 0.6647135416666666 0.013671875 0.03515625
0 0.6233090538085303 0.7235208847437548 0.05403114646921203 0.08702123881813728
0 0.666748046875 0.6181640625 0.05712890625 0.037109375
0 0.7729409663338301 0.6309265660375896 0.04560864533857312 0.04607256644518287
0 0.9105380724227521 0.6464216526624199 0.047534104336177885 0.05791647838224456
0 0.8998671525199063 0.9179060276624199 0.06657914935259512 0.047215512543066517
0 0.880126953125 0.9856770833333334 0.04443359375 0.028645833333333332
0 0.8240134102227012 0.829654409576103 0.042436192616268076 0.11393129369693626
0 0.7455723537863235 0.94341782272056 0.06431064245519003 0.08854841404423534
0 0.7143721315308353 0.783869895771809 0.053775249109431544 0.08051082215147047
0 0.7325858473974523 0.7414357688184436 0.0381032221703097 0.05321753611418748
0 0.7731941128882206 0.7606759722683636 0.04370254727769496 0.07186390923772616