0 0.08242194107548806 0.2622597818674641 0.06676465009846244 0.1021437950874069
0 0.23627007052986415 0.17116667155400345 0.058115292236428084 0.04390191708157998
0 0.2762295781037849 0.22152940068205884 0.056162167236428084 0.043833712453666296
0 0.2934889192959197 0.25004347821119455 0.06798052206646954 0.05739243165719099
0 0.3652460519695152 0.16881518833932074 0.05210638911203436 0.05975943097690406
0 0.21288273558288012 0.27171230443767336 0.06356602149872859 0.06892361893042875
0 0.19677734375 0.46044921875 0.060546875 0.05859375
0 0.3042517208034301 0.45412334300198454 0.05161810786203436 0.059742379819925695
0 0.5126953125 0.01953125 0.0517578125 0.0390625
0 0.484217018354938 0.22120694305322386 0.05755727954677703 0.03706597958157998
0 0.44775390625 0.1171875 0.015625 0.0517578125
0 0.5164034810470137 0.15083864303005706 0.04505127263421049 0.04490637959316335
0 0.5609365990408339 0.11517861637322047 0.05438844375121232 0.034033985139709566
0 0.7181932766898877 0.18628633914702508 0.04658584782386166 0.05177641940712019
0 0.7536485829386754 0.21984289189133976 0.035763944225339905 0.050424731453595495
0 0.7994371891911001 0.15680501292054627 0.0442141730135126 0.05851004996524978
0 0.8799333804841218 0.02250752721147803 0.050103501990124144 0.041187692319925695
0 0.90576171875 0.005859375 0.0400390625 0.01171875
0 0.98486328125 0.179931640625 0.0302734375 0.05126953125
0 0.9219258097427854 0.09595588434536051 0.05896229592977509 0.04831349948855834
0 0.9109446351196631 0.14649841814766296 0.05376061903568896 0.04423673791877447
0 0.9755183013020995 0.43521215765377363 0.03819536581646954 0.05635231108150918
0 0.9059728471382615 0.35737391582212275 0.04844927206646954 0.056710385378055506
0 0.6950853510188352 0.40338393267026285 0.05905199668716732 0.04344773814553671
0 0.723595130278711 0.44404303912385834 0.03615262064529867 0.03729229117453059
0 0.6092571181628623 0.2970657156234331 0.05432861638421049 0.045230351575752836
0 0.550554020432614 0.37434280432674505 0.05586319157386166 0.052100391389709566
0 0.5019346868204614 0.9400189660769577 0.08101466827829684 0.050057364052586095
0 0.7105095296343289 0.6583954170717684 0.06499108778568896 0.04462891452927742
0 0.8830421471540213 0.6443437907642058 0.058314582482732025 0.04634332333157998
0 0.8520713952575104 0.7118165056013294 0.03949071212433464 0.08415024001755234
0 0.83837890625 0.982666015625 0.064453125 0.03466796875
0 0.680924227734181 0.8228717913914815 0.04991411581646954 0.05676153884899049
0 0.7357504653374927 0.5951296707578825 0.04016846013421049 0.04473586802337946