0 0.18798828125 0.006184895833333333 0.0478515625 0.012369791666666666
0 0.5869140625 0.013020833333333334 0.025390625 0.026041666666666668
0 0.5333927198291887 0.1991094189721118 0.04437758590175789 0.05374576873607525
0 0.5012919874368493 0.26303321090903803 0.04258356911317285 0.0628148961711578
0 0.43337747548031724 0.40203941491272516 0.030910278602148455 0.06514632744832127
0 0.4093798306884552 0.14663459889523076 0.04265175834663637 0.0667211461711578
0 0.3473928829653867 0.2894106852041662 0.03281753585668401 0.03460418898780097
0 0.2342606010740239 0.38452913589305354 0.030523872945855013 0.04301091078165461
0 0.36537687731425805 0.08838983699007663 0.0444908263677084 0.03227275771063779
0 0.447509765625 0.59375 0.03173828125 0.07161458333333333
0 0.2812050150769536 0.4713629112587279 0.033567209168294365 0.04958951129569685
0 0.74609375 0.0185546875 0.0625 0.037109375
0 0.8929113806034723 0.06940621212795246 0.03464687203146699 0.11143846962903033
0 0.9104838563220707 0.4604322463542411 0.0599124834367839 0.10486793797295431
0 0.7340064913197702 0.22876664604152022 0.046694386813563415 0.07462455796765906
0 0.269287109375 0.970703125 0.03564453125 0.05859375
0 0.24442964588396288 0.9052539410891783 0.048090633073611055 0.04276897219924288
0 0.36543247690601155 0.8972273420643099 0.028752585901757666 0.053382121550070494
0 0.3719059632636721 0.9602533800107875 0.024584943840147755 0.0383172514202362
0 0.4274673336569881 0.925092356269417 0.04233354192380645 0.048491979504491134
0 0.5309691442458118 0.7539952181480944 0.038404562179318535 0.04709898437465676
0 0.369873046875 0.6471354166666666 0.04248046875 0.03515625
0 0.25896280163556873 0.7863779826207152 0.038609129879709325 0.05881773437465676
0 0.045654296875 0.6569010416666666 0.02587890625 0.0546875
0 0.580810546875 0.9567057291666666 0.03759765625 0.072265625
0 0.52294921875 0.9830729166666666 0.025390625 0.033854166666666664
0 0.576416015625 0.818359375 0.04638671875 0.04296875
0 0.3167374643210288 0.6821269943907396 0.03126218138522141 0.05734519142288378