0 0.12061896904493552 0.3862229231899512 0.03233590545480314 0.046063200258318115
0 0.1655964011843743 0.331336897135614 0.025011686704803138 0.04602058920013241
0 0.18841060084866812 0.39686601043804737 0.02914392730917248 0.03189168105946849
0 0.17318158208694928 0.46266182748791496 0.01933558323518514 0.03134658506522103
0 0.16984816582288664 0.541703734506455 0.014977794857465199 0.020584512404734134
0 0.17062906155807178 0.5729423715576054 0.024096214714930397 0.04113493596292006
0 0.11354243155104043 0.6121409013932704 0.03339192990107054 0.03582065695716752
0 0.09797254585946058 0.5959452387641113 0.02409621471493051 0.04113493596292006
0 0.0893483834537025 0.5866224432187133 0.02241179939328697 0.027460220225707488
0 0.06386634410402081 0.5742733751080942 0.02496299142910874 0.03430752067455711
0 0.06553747852919423 0.6826263608126961 0.023461404806828623 0.04503550448849536
0 0.02227567121299051 0.6901831944635819 0.03402673980917237 0.03192008843159222
0 0.20570474455130172 0.14270157890225016 0.024816462771006798 0.03821092993734476
0 0.19189829329661418 0.16897502207424162 0.02198460865341434 0.0225774077257076
0 0.21195412458787571 0.19739760111388732 0.02328455230917237 0.03185759221291995
0 0.2619057835769961 0.15474133220724917 0.02551833939094328 0.04065517692455711
0 0.2605562589835065 0.21183330887348822 0.03306212971258671 0.054363981508318115
0 0.3035318708472508 0.1452228513447263 0.0318356718013888 0.023610784969955223
0 0.33093029232465243 0.16831978842977008 0.0163388290233506 0.024984725129159058
0 0.36261345926623223 0.18460919538693765 0.02239342795714694 0.03282847323849525
0 0.3877050507483213 0.18133894497198144 0.03490546892676516 0.04754224769437998
0 0.42160319050451334 0.25083680449308715 0.024523405454803138 0.04601774846291995
0 0.4281451850262724 0.3367686230186624 0.02284496633486688 0.04356782000128279
0 0.4218885002949355 0.38797565804999 0.019408626148726738 0.04891618785358376
0 0.4422553175075222 0.4422657803907862 0.02704427365107054 0.035783727373406626
0 0.41112705569675834 0.47136664452313193 0.01893871633486688 0.04354509410358376
0 0.4640442593961217 0.4960761436932195 0.02496299142910874 0.03430752067455711
0 0.487060546875 0.4404296875 0.00537109375 0.0263671875
0 0.48193359375 0.54345703125 0.015625 0.0419921875
0 0.483642578125 0.613037109375 0.01220703125 0.02880859375
0 0.4493829838306702 0.5516265767047244 0.03261701036759268 0.01580680718159222
0 0.4274227228151031 0.5349057032418043 0.016710905454803138 0.045972296667522006
0 0.4286427616935752 0.5934767273441053 0.019317211799044998 0.03671483807800868
0 0.4034354082239572 0.5786890937206985 0.014220803929108738 0.03424502445588473
0 0.381609280632059 0.5746578512833538 0.02958948948518514 0.03140624054668084
0 0.3624262022566829 0.5506326442309206 0.015234109301388798 0.023514199904734134
0 0.35405193526212264 0.5720573637494606 0.02185645143145254 0.021112563975707488
0 0.34218754226605796 0.4978073656401243 0.01617392892910874 0.034256387404734134
0 0.32409081217650365 0.4806209368249035 0.02253995661524877 0.028925063975707488
0 0.25366985488373767 0.35625092938499303 0.01617392892910874 0.034256387404734356
0 0.2566588615697906 0.5075584614035331 0.020128874204803138 0.04599218182800868
0 0.24389050615624897 0.48991499944764827 0.02020833615107054 0.035743957052433384
0 0.23798155021851736 0.5562530717545511 0.03215905295714694 0.03288528798274282
0 0.280046780632059 0.5740669779431787 0.022716809112904968 0.04210297625128279
0 0.3089950411764165 0.637191614579373 0.02266811383721057 0.030389907725707488
0 0.300510545565016 0.6908258521746387 0.023839900271006798 0.03820524846292006
0 0.27189806141084943 0.6203826782628692 0.02640946374296871 0.039684295898981814
0 0.3684487060268504 0.6975655301599473 0.02447471017910874 0.03430467993734476
0 0.3516826862636271 0.6676979925307882 0.02362630490107054 0.03576384221292006
0 0.3681317439038181 0.6604731995832216 0.02253995661524888 0.028925063975707488
0 0.24623828390147434 0.6729409275557017 0.02398642892910874 0.03430183920013219
0 0.23909777951287492 0.6192157863696397 0.023803157398726738 0.04894175448849514
0 0.1821209352916653 0.6652474129680921 0.0251278915233506 0.025035858398982036
0 0.14809330982045577 0.7114125542155264 0.01751061545714694 0.03280006586637141
0 0.47021484375 0.89990234375 0.0390625 0.0439453125
0 0.23270629912838503 0.9108027250998576 0.05963096017910874 0.03450921301663612
0 0.1336283672833909 0.8716717218562311 0.05425344739638294 0.062295792471238065
0 0.037912847048957976 0.8877079776509673 0.04966369221258671 0.05446056657353904
0 0.49755859375 0.750244140625 0.015625 0.04052734375
0 0.50244140625 0.81884765625 0.025390625 0.0380859375
0 0.5303976092427944 0.9393287836637142 0.03275070096024291 0.06753905304668084
0 0.576904296875 0.9912109375 0.03173828125 0.017578125
0 0.9453125 0.97705078125 0.037109375 0.0458984375
0 0.7852565169359659 0.8959124993862758 0.03454534489872674 0.04900425070716752
0 0.98828125 0.755615234375 0.0234375 0.05126953125