0 0.3273466002300325 0.10335102916244156 0.0431389292256974 0.07220610103200235
0 0.4100175031561939 0.1490278406021116 0.054653789418421805 0.0790650404474827
0 0.15809190602059175 0.29179433566183416 0.05307518909133213 0.07641541429184029
0 0.09521484375 0.017578125 0.0615234375 0.03515625
0 0.9833984375 0.010091145833333334 0.033203125 0.020182291666666668
0 0.9586311954743072 0.044360575214727284 0.044897796013158464 0.05665686684696188
0 0.6337890625 0.4326171875 0.04296875 0.034505208333333336
0 0.15409851602802493 0.5995395085342877 0.04504962332925744 0.037806964839612434
0 0.2378794568606868 0.5363105236847218 0.030306236801703412 0.057504355290538246
0 0.369873046875 0.4801432291666667 0.03271484375 0.060546875
0 0.3721208118294219 0.9454644875593164 0.053506592052787294 0.07512848412149904
0 0.08349609375 0.4635416666666667 0.0458984375 0.02734375
0 0.14873750951269887 0.5103922596899301 0.04791761674334416 0.04764835565457185
0 0.237548828125 0.4641927083333333 0.03759765625 0.028645833333333332
0 0.6279296875 0.4658203125 0.05078125 0.031901041666666664
0 0.6277361443253933 0.7261165261694152 0.05673511838761658 0.04857215425509261
0 0.572021484375 0.5921223958333334 0.02490234375 0.068359375
0 0.649951216761615 0.6302461720345193 0.04403499009024836 0.05923072718764466
0 0.6892937480469087 0.5794789865135413 0.053634796021981845 0.044574985277141245
0 0.8557022496294173 0.6616725665705724 0.045409700610062664 0.06837561684696188
0 0.8956651706513992 0.7034593698572044 0.03461063482151783 0.06674016392780668
0 0.9324385473574355 0.6162641573288767 0.04287816112987697 0.07739928120234385
0 0.8629865750806589 0.95155279303015 0.058081389763158464 0.057066002247743164
0 0.896728515625 0.9892578125 0.03564453125 0.021484375
0 0.7627476343891714 0.8171075618209197 0.05331233384024836 0.059518637284490694
0 0.7151086820113086 0.9241977002610527 0.054687044360062664 0.06866352694380791