0 0.015869140625 0.149658203125 0.03173828125 0.06103515625
0 0.057861328125 0.4306640625 0.04931640625 0.0185546875
0 0.2861328125 0.397216796875 0.068359375 0.08544921875
0 0.3682497480507154 0.06084208473538899 0.03958164963868782 0.07367913908010049
0 0.3542655759790454 0.14822055046822458 0.0519585337150299 0.05754532596214057
0 0.38479628175993996 0.2441113534563351 0.03683696084206778 0.0759156816232347
0 0.4839549518852282 0.21815701203290494 0.03890108506409562 0.07751710117781196
0 0.4133138556672955 0.3860030257978785 0.031273583767475355 0.07941220420950312
0 0.4572810220309337 0.4082213820042977 0.038560226142186904 0.04738023948238901
0 0.412841796875 0.43115234375 0.03759765625 0.017578125
0 0.381103515625 0.419921875 0.04541015625 0.0400390625
0 0.3791565986655461 0.3703610675654895 0.026834191520974215 0.05287429695378165
0 0.7700597791696021 0.08805997983752417 0.04256290612178937 0.061745259439254796
0 0.65234375 0.0146484375 0.0546875 0.029296875
0 0.575927734375 0.011474609375 0.04541015625 0.02294921875
0 0.5915286506614705 0.3646974277702064 0.06295914276514913 0.029658618893036337
0 0.8436892048631007 0.36662241865837264 0.04907313057691853 0.0515152312064191
0 0.977294921875 0.2861328125 0.04541015625 0.068359375
0 0.8450561003584093 0.05059867190573514 0.04997569359556664 0.05060695660870773
0 0.168701171875 0.978759765625 0.05517578125 0.04248046875
0 0.25772256637824986 0.9177105092459388 0.04317004784964218 0.08898657758582185
0 0.319091796875 0.971923828125 0.03662109375 0.05615234375
0 0.30721170862765357 0.7763649126363379 0.08278754395978138 0.09904231242736528
0 0.40765137706878685 0.6881598448048977 0.10030623872085487 0.0866679075708483
0 0.3198577586830017 0.635388207190915 0.055065935297196944 0.0665051082178621
0 0.25055153630246496 0.6236696846772812 0.08566508584206778 0.0793300767376639
0 0.4022097436451093 0.4943771303079817 0.07069093529719694 0.06759771465447945
0 0.488037109375 0.564697265625 0.06298828125 0.06103515625
0 0.6105637581556453 0.8722401223102566 0.05084911812936388 0.0749527312064191
0 0.61572265625 0.974365234375 0.0498046875 0.05126953125
0 0.7737871618182104 0.6421465008001114 0.09793097069638179 0.061731419869704096
0 0.722412109375 0.46337890625 0.06982421875 0.046875
0 0.839111328125 0.44921875 0.07373046875 0.0185546875
0 0.535400390625 0.67529296875 0.03173828125 0.044921875
0 0.6717043589102976 0.7714696254849844 0.04751971810314126 0.06306326145069774
0 0.8741796627243932 0.7100343252961342 0.04753428734556664 0.05043623685298626