0 0.19577893432793014 0.4296336486806016 0.052757921257465146 0.06050587848050881
0 0.0932601520334857 0.26915282361793286 0.057913898947808296 0.10439857492382239
0 0.03355305281006982 0.23701458505951986 0.06057042125746537 0.06099104252788109
0 0.14690290030002218 0.2619110707922478 0.032749754879709325 0.05991368727578372
0 0.0498046875 0.030924479166666668 0.0517578125 0.061848958333333336
0 0.455810546875 0.013997395833333334 0.02783203125 0.027994791666666668
0 0.316162109375 0.01953125 0.03466796875 0.0390625
0 0.012939453125 0.4296875 0.02587890625 0.07291666666666667
0 0.18941868843622012 0.3453014595435427 0.020383615418294365 0.050041035118431054
0 0.2699290868379779 0.39309322581093653 0.06137651067380645 0.05128606303380264
0 0.27425379582855947 0.27681361335577986 0.028400683118684933 0.062244949165803476
0 0.22492398342387188 0.13909959764001414 0.05505199242478298 0.08015841949235177
0 0.2877876593356774 0.15605161859436842 0.057924855563563415 0.0770851476767831
0 0.4300053744757817 0.35056495675350857 0.050476031475369165 0.097433316962744
0 0.440185546875 0.17350260416666666 0.05908203125 0.048828125
0 0.4404296875 0.061197916666666664 0.05859375 0.06380208333333333
0 0.463134765625 0.2109375 0.01318359375 0.049479166666666664
0 0.38175685796022196 0.3868003570495861 0.044287075180295066 0.07818923559388165
0 0.453125 0.4446614583333333 0.033203125 0.044270833333333336
0 0.5429878717455299 0.11487380256038311 0.03341946582912314 0.04239620778170513
0 0.5125805053175352 0.2770919997617158 0.03488430957912336 0.04248717604058753
0 0.653035440490365 0.28661853632864026 0.031114438046050408 0.05005709401690132
0 0.853271484375 0.0078125 0.02783203125 0.015625
0 0.14111328125 0.9928385416666666 0.060546875 0.014322916666666666
0 0.22637623753216185 0.8724686581577178 0.026141114824587586 0.07251000206766618
0 0.20301910815084667 0.9345316708057566 0.04207255811868493 0.06309398624870492
0 0.0692410022666019 0.9154660323640479 0.03228420337419702 0.06118544785615606
0 0.1722983580684463 0.6307699122930502 0.04193617965175789 0.05528148624870507
0 0.454345703125 0.8069661458333334 0.03076171875 0.051432291666666664
0 0.7431044466527998 0.6876548178633671 0.04532046204151485 0.08150508943313639
0 0.5703673493882165 0.7609497179174026 0.050486988091124285 0.07011988971570471