0 0.011784969310499827 0.10504833687936388 0.0199890196323399 0.055642208636361934
0 0.03800615716624536 0.19944247834789275 0.04825819424680805 0.05485850609556664
0 0.17890253018688249 0.08250899844986115 0.038166224634325674 0.06335885529137175
0 0.3369140625 0.010498046875 0.0283203125 0.02099609375
0 0.3194959096006416 0.12298707975520928 0.04035194145666621 0.04889541649475149
0 0.2842093435493648 0.09977828618586526 0.021170133674467406 0.06743495811771372
0 0.5330320632135506 0.270200340133977 0.025539095981701454 0.06630311203379735
0 0.5040285498709258 0.19515244996206838 0.03663319703694978 0.05934160606934391
0 0.4428069970092231 0.11717429565554738 0.036658765979715735 0.06080644981934391
0 0.48170756037170537 0.12941161865962297 0.02794035866453859 0.03625167297785292
0 0.4752089618025568 0.16558871552151166 0.03526457741453859 0.03680666908799202
0 0.436767578125 0.28173828125 0.04248046875 0.0556640625
0 0.648193359375 0.0986328125 0.02294921875 0.05078125
0 0.8272864209639035 0.07528409285252541 0.021379627891489172 0.02356364509906561
0 0.7473581293144713 0.11665341611302232 0.02782103693163096 0.029415735477852922
0 0.66943359375 0.093505859375 0.01953125 0.03564453125
0 0.7874472207314225 0.20085308157047765 0.03365484298886501 0.028394888615964287
0 0.696295620944046 0.12891872433272406 0.02539667664347489 0.030207299274473187
0 0.24978768567780707 0.8839573970512529 0.03857779905602787 0.0590013237820477
0 0.2654734555128417 0.7976280457808553 0.02502771712638263 0.03700623703379735
0 0.2750452698887976 0.6414077609003186 0.026288009334255014 0.02539848625582508
0 0.3442132191078051 0.6842963800669787 0.02489134943163096 0.02919373703379724
0 0.4402938266058193 0.6979329852301398 0.033243268567162865 0.03275242012528823
0 0.404994048299012 0.8155341903641755 0.034708112317162865 0.03286341934731629
0 0.5448921235831965 0.8398249909381719 0.030904138088226674 0.038426796421908715
0 0.5231809550040454 0.5990944734323467 0.030708109527020966 0.027196327671908493
0 0.20948390396865457 0.5039405781963622 0.031889223569148584 0.0389890771532605
0 0.615593955967875 0.5987632056701003 0.023460597605318823 0.03103586281176951
0 0.8941287053597908 0.4171453761742151 0.031049028763900255 0.046727577671908604
0 0.9343151298729115 0.43974760465031854 0.026526652800070605 0.03907036125582508
0 0.9446432716137624 0.4082610369638374 0.027974450588226674 0.03820479797785292
0 0.7990757982473085 0.4006530829924058 0.030415856838226563 0.03838979668123266
0 0.7679816832413513 0.4173650680798213 0.031417988280992515 0.03992863991258444
0 0.7736524436924869 0.5126466266899605 0.02084626039943216 0.048880270617713606
0 0.7405139222338348 0.562450737555348 0.028754984527021077 0.027048328709204927
0 0.7999198267588702 0.5483730186771374 0.021411248477730016 0.053311801608389775
0 0.8299070632135506 0.5110422218676942 0.0195007383823399 0.05560520889568599
0 0.8500898934699346 0.6152462726981116 0.027031980011914536 0.04008392349650114
0 0.8435937662382331 0.6792924005506762 0.021882483765886085 0.0523722388490655
0 0.8367457254512832 0.7354890286625649 0.036368984628368406 0.04420488731934391
0 0.9408678444656102 0.820629410148569 0.023108684050070494 0.03881136307109356
0 0.723097480471067 0.35578162370628247 0.02795740462638263 0.03722823547785292
0 0.6776521233287983 0.4383891470454474 0.030801862317162837 0.032567421421908604
0 0.7153435323689401 0.4358670333274952 0.024556481838226618 0.037945799793121404
0 0.739774640830784 0.43674045786129245 0.021036237317162865 0.031827426608389775
0 0.9793807865800045 0.5189461737645333 0.020556479048084775 0.032278708117713606
0 0.8631153842887302 0.7653560456497419 0.01855221616255298 0.02920102165501004
0 0.8292494313136918 0.43667547290499037 0.026893140979715735 0.06006645500582508
0 0.9204802092668132 0.5320843298834199 0.01975037616652442 0.041970333636361934