0 0.06094533253361023 0.4574598869540376 0.030705638189574058 0.05394802711495572
0 0.08675963524226227 0.5086912879521894 0.04709412616652453 0.04241745769952088
0 0.16539848543502822 0.5069528859561592 0.021266357802056435 0.044292660575051546
0 0.18603515625 0.59619140625 0.033203125 0.02734375
0 0.26656313006942767 0.25607333246303776 0.03902099406397097 0.08307495584592761
0 0.2871575347475137 0.14822452564274335 0.02000606559418383 0.05595172276611915
0 0.248046875 0.018310546875 0.04296875 0.03662109375
0 0.16445047001581226 0.08872548878411946 0.02879512809418383 0.056309849619712526
0 0.12598815898637877 0.18068898681160073 0.029567139052056324 0.044630891492334124
0 0.7546216735968754 0.35298512471567317 0.054708126267871804 0.05931745924418219
0 0.8883681211922655 0.3450922319165284 0.038509615208651926 0.05377808084592761
0 0.9753894021382234 0.29170627588059383 0.036573536170495746 0.05467505960068464
0 0.8477145484975875 0.03158333308090219 0.060448179534964064 0.052720272979911165
0 0.9362784889904241 0.06657628329496768 0.032888883674467406 0.06721120461019858
0 0.8515625 0.59814453125 0.0361328125 0.0234375
0 0.6194956120607051 0.36582051782375014 0.04004017146858074 0.08555615396854899
0 0.6362216923687924 0.12033608631238804 0.0657851813612762 0.050986003279329395
0 0.6863794023926215 0.1945183676813133 0.04855044693560251 0.04198886425845327
0 0.5620549358226197 0.40627407174472907 0.04292119242049597 0.054933706772724245
0 0.30326118404801106 0.8421028566075961 0.048473740107304764 0.03759433300845327
0 0.22185458299276273 0.8532379779714909 0.048746475496807995 0.05321933300845316
0 0.1124309164446779 0.8269130530187876 0.049586670302056324 0.04544662488107476
0 0.009765625 0.799072265625 0.01953125 0.05615234375
0 0.328125 0.628662109375 0.03125 0.03759765625
0 0.39111328125 0.779296875 0.037109375 0.0361328125
0 0.09358175831872195 0.6708313376670423 0.03406641741056715 0.022857194605441555
0 0.46924518846177016 0.6633836110037292 0.027716289823120133 0.05041068274709115
0 0.556884765625 0.619384765625 0.02490234375 0.01904296875
0 0.417724609375 0.69287109375 0.01611328125 0.03515625
0 0.5128226504132587 0.752492872981005 0.038006759334255014 0.02496948709592761
0 0.7867143397395708 0.7393781277106757 0.035562881746808106 0.05268214272806304
0 0.7992526582769472 0.6738796352439748 0.03854617846978692 0.0279190705322383
0 0.87411557452099 0.6517726923021196 0.03278055625992882 0.03305141304650938
0 0.77880859375 0.991455078125 0.025390625 0.01708984375
0 0.82080078125 0.98681640625 0.029296875 0.0263671875
0 0.5179707842904209 0.8514746951768297 0.03050960962836835 0.04271755836495561