0 0.09076829179614149 0.4094700604541033 0.05649039147827328 0.059739335081752554
0 0.12244845609977606 0.06474725525315483 0.0622759073107515 0.04721451298158763
0 0.2080078125 0.046875 0.0712890625 0.09375
0 0.3125 0.17724609375 0.0341796875 0.095703125
0 0.27312348037154355 0.2019214679822683 0.03791865955499896 0.056269761315608235
0 0.23731986783765024 0.17354056804993845 0.03167895131906939 0.07463975088245367
0 0.25515463583835285 0.46990785414948477 0.05555644003645899 0.06703513876511336
0 0.2265625 0.54248046875 0.0546875 0.0341796875
0 0.6773215806701691 0.42266932955550535 0.05404330375384858 0.05869173491515467
0 0.8110964394841073 0.4241207874350724 0.03790161513172463 0.053340073815608235
0 0.8986973092884445 0.37687345593259824 0.035954171606149554 0.05425980618232984
0 0.7741079139821218 0.10815643878606207 0.05986290843287523 0.05202628781498975
0 0.8622229572218999 0.1492880135335879 0.03212178077367134 0.06684145841577321
0 0.991455078125 0.2880859375 0.01708984375 0.091796875
0 0.5421102854783548 0.4260580615759795 0.03906282555052942 0.08510677013224743
0 0.5616831698849523 0.1820400792587218 0.0652226392340256 0.050229445681505225
0 0.6109544498900836 0.2596327075906806 0.0480845029514152 0.04143140076531959
0 0.48422639423092056 0.4624533026109485 0.04230182785614944 0.05444450411548463
0 0.06295833534278161 0.6661982089598764 0.06214555894951135 0.10872374294826814
0 0.008056640625 0.889892578125 0.01611328125 0.05029296875
0 0.0205078125 0.978759765625 0.041015625 0.04248046875
0 0.22888589748919785 0.6558920515385362 0.053470125938006596 0.12799925734851558
0 0.2967541505019854 0.657378617419959 0.04638136282610472 0.0843433206320412
0 0.309326171875 0.927978515625 0.04052734375 0.08642578125
0 0.45499704582295875 0.8800221277047219 0.031014544361901875 0.04435210584913407
0 0.41179535537154355 0.8387328022725982 0.04514061176535322 0.03890474931540211
0 0.333740234375 0.874267578125 0.00830078125 0.02783203125
0 0.338623046875 0.904541015625 0.01806640625 0.01708984375
0 0.43323362747508654 0.6636050988052992 0.02993855605946849 0.027233847032494846
0 0.3875681304265018 0.7023086531732579 0.03976383654092852 0.03777190394888663
0 0.4790670535697313 0.7376803056540209 0.035409075611901875 0.04447997364901035
0 0.6030055945038894 0.8106107490838765 0.05538883654092852 0.03822654501511347
0 0.6252080249175627 0.7668307018665776 0.03096909256650382 0.036539605849134016
0 0.5875702727960599 0.6749306168342889 0.039868943817786606 0.05583831019888663
0 0.5581114757749541 0.6462461335851136 0.051403045898982036 0.02444100974855673
0 0.755178574720617 0.7017764570129075 0.03871909634783144 0.026024738882247433
0 0.8733031924501732 0.7823489100429282 0.059737915995530466 0.030541912814989747
0 0.8847154683817655 0.8139256833092787 0.04895879891176946 0.02388169083195879
0 0.975830078125 0.822998046875 0.04833984375 0.05419921875
0 0.9489246155320302 0.8577790576741448 0.03743037830499896 0.056255553782288636
0 0.97412109375 0.7294921875 0.0517578125 0.033203125
0 0.9494378123158828 0.6942474615241035 0.04851028798274282 0.03070342079863919
0 0.9154257283114132 0.7220615279417324 0.042642390771105765 0.029068086648804115
0 0.8020428628728264 0.8691275901449488 0.05595949917008758 0.052400908798432955
0 0.8045243649943292 0.9600047327782272 0.050633857215485634 0.06005712593191759
0 0.535888671875 0.985595703125 0.04345703125 0.02880859375
0 0.9233045419188863 0.985429819624887 0.04848188061061909 0.02582060829863919
0 0.48900661464074535 0.9356899475037734 0.028984719457167518 0.031111681965855675
0 0.4640262687838933 0.5859010996877527 0.051462701380441844 0.03469491599855673
0 0.343505859375 0.9375 0.02783203125 0.0390625
0 0.6626526069086236 0.8255276618988663 0.034372857630441844 0.03419765233237115
0 0.6551383843159235 0.8765698726157529 0.039264192342078896 0.03580457141556703
0 0.6272324938984016 0.8630647307165363 0.03530964980946849 0.02739012989901024
0 0.6257868842078294 0.6984997419332168 0.028008156957167518 0.031083266899216477
0 0.8488714344258399 0.610768510943588 0.02414167727814087 0.037805544132659796
0 0.9097389871803094 0.5837358588585365 0.059669738302433384 0.01882316281498972
0 0.8328916678248219 0.6332488810940415 0.02417292538747695 0.043176637882659796