0 0.25401638765022394 0.10180043258445393 0.06227590731075128 0.050109123315844994
0 0.3401101281969049 0.08145691819342024 0.07092325850066183 0.1103084314073361
0 0.457763671875 0.22412109375 0.06396484375 0.0986328125
0 0.40314605087845645 0.245971852971969 0.03791865955499896 0.0580247612820477
0 0.36766060091234976 0.21592712190262509 0.03167895131906939 0.07609845215326039
0 0.7176076980900936 0.19173599948715736 0.0414076467353085 0.07049079071677933
0 0.7235036771233251 0.26985371486594467 0.04716475519566285 0.05335666260489069
0 0.831379418976247 0.36791140729600447 0.06224181846420285 0.04424974831584505
0 0.764892578125 0.39404296875 0.02880859375 0.01171875
0 0.8333054388062411 0.03685671979600447 0.03240268820716752 0.03271542038461239
0 0.955322265625 0.0234375 0.04638671875 0.046875
0 0.06417058981385648 0.5027650243851693 0.02853336779092852 0.038767078709204816
0 0.11880444135735074 0.43216496435019924 0.042245013111901875 0.04663900894813122
0 0.20253282445770704 0.5664956069871377 0.0472670217353085 0.07093478760489069
0 0.07667492181956814 0.7044846108740959 0.04759338096420285 0.04313975609556664
0 0.4138692406520055 0.9337387124125258 0.039903032664335036 0.06354385399475149
0 0.38944730704142727 0.7653108196473766 0.03582633843159222 0.03395098106934391
0 0.19771153152479104 0.8074475463024062 0.028153034554998957 0.05728476646852876
0 0.02493983521726717 0.6966563883624457 0.02867256391433526 0.06269285995920493
0 0.006591796875 0.860595703125 0.01318359375 0.05810546875
0 0.5488726001438098 0.564780779577456 0.047099418239778146 0.04212619385489069
0 0.50146484375 0.432861328125 0.0234375 0.04638671875
0 0.7113016762466909 0.8579744111945735 0.049080950611901875 0.04715700531759448
0 0.9716442964513337 0.6945158047435003 0.04317612381650382 0.038900508429483116
0 0.9264074251712888 0.6612896726106374 0.03245666221420285 0.04199276413461228
0 0.8633698747370899 0.9168816115354683 0.03344458766305225 0.0440198886159644
0 0.825439453125 0.9931640625 0.02001953125 0.013671875