0 0.062209268152748826 0.081042451288914 0.05896020510039707 0.088990852482466
0 0.0537109375 0.00390625 0.0556640625 0.0078125
0 0.024883671574078448 0.23937173619570604 0.04426631580499901 0.07732256644518287
0 0.1977750043950518 0.24502626143564754 0.04711646266305225 0.05934372365263959
0 0.28577357740912224 0.22779639432601329 0.04620239638172474 0.0735831990279318
0 0.5054060700305842 0.3800759471976149 0.03203087718287523 0.06976913363633604
0 0.40478515625 0.4117838541666667 0.0419921875 0.016276041666666668
0 0.40576171875 0.012369791666666666 0.033203125 0.024739583333333332
0 0.49752068751465073 0.06027283826289113 0.04366440506650382 0.05123917913282897
0 0.9549745562582365 0.28370129998769783 0.027082727726990496 0.05437796884613041
0 0.962988423049786 0.3501657592977139 0.038338763111901875 0.061196918696936255
0 0.8137334418336793 0.30094090838409215 0.024641321476990496 0.054169365617694254
0 0.7620296033407146 0.28414872827458043 0.02901596756650382 0.049987559762212364
0 0.06038365077677649 0.6131830775732136 0.03778514490601714 0.04618123971791569
0 0.13523271888739552 0.5870142530300245 0.0442208640096009 0.0669058997785162
0 0.19213185097372215 0.532609056263075 0.04028052516305236 0.05875963461301836
0 0.15535200149035833 0.4539174538575132 0.042250694586326576 0.06283276719576729
0 0.255859375 0.4430338541666667 0.044921875 0.046223958333333336
0 0.49254413068664216 0.5309235033607135 0.04521447093287523 0.07089559106989067
0 0.45046672107027064 0.5468667778316129 0.043766671606149554 0.07467667913282898
0 0.4118271653643859 0.558544805155656 0.04169139490601692 0.04651500488341339
0 0.44040565940018317 0.6137406982512018 0.06073436365601714 0.048142110065214926
0 0.5426918962882812 0.6804447421788508 0.057009920837609585 0.08947501156638389
0 0.797021416132926 0.7179528390319333 0.03829899279092852 0.052082335363602926
0 0.8780114177781002 0.515810649924637 0.034097631671370365 0.09597768288575133