0 0.023193359375 0.13671875 0.04638671875 0.0302734375
0 0.1066375951964062 0.3507223175153116 0.053997851958450416 0.051818033369263716
0 0.05747207356919182 0.46290528936681086 0.06856958955371617 0.039316701560881295
0 0.24844401632622704 0.4632904858110638 0.0573930948107515 0.04807097782230807
0 0.2880859375 0.497802734375 0.0419921875 0.02392578125
0 0.22875838986517016 0.18581162970572535 0.05355502250384858 0.0596077913045433
0 0.27877329191888633 0.21962475160422612 0.040297569586326576 0.046298443057087635
0 0.3202598281950826 0.13075487153825627 0.03596553455499896 0.05683595197460245
0 0.451133081330615 0.04309428737842008 0.06182739638172463 0.055111593904793144
0 0.45826161476349025 0.09306886722233199 0.0578501279514152 0.042722626137028485
0 0.49256443061521105 0.36449436763605303 0.0466509073107515 0.04757065239845515
0 0.594970703125 0.3828125 0.03076171875 0.03515625
0 0.6512125747059663 0.35856683881490314 0.016760643783893303 0.028116980200499686
0 0.6893016784937082 0.4412883560814185 0.022585929937344762 0.022530509977146673
0 0.9531578758619834 0.3767388053175845 0.030006733752565573 0.03947320344795546
0 0.9437217763786196 0.43383427161199606 0.03195985875256557 0.03956417170683779
0 0.3628911815678682 0.7936133883910504 0.027619301509600902 0.048636836874352496
0 0.29192279682233774 0.7681023940255346 0.04226489827238855 0.048830817565969964
0 0.5112374524265426 0.6870676836512735 0.028601545484025603 0.04965888350379366
0 0.28725369071432516 0.9729651425521815 0.035868949489778146 0.04023438947460223
0 0.17109891685751388 0.8201291448262386 0.033972639234025714 0.04990904621572012
0 0.19865572214844246 0.8554766829518861 0.03572975336637141 0.01630860822460245
0 0.12141857069379974 0.6759189762982966 0.04558060048274282 0.031411887019013984
0 0.19535324697256168 0.6236340574607684 0.039772358752565684 0.03992804474236705
0 0.11702655463048267 0.5926048190660612 0.039332370035176145 0.04820608392764647
0 0.04440900376667693 0.6194308867094277 0.0318973625338933 0.028821984206837736
0 0.544921875 0.988037109375 0.041015625 0.02392578125
0 0.5009135043978215 0.9273595869545673 0.0364140454840256 0.05002275653932298
0 0.2222538419674303 0.5461886268364158 0.027985431059468602 0.027663485189073134
0 0.8161632488018531 0.5552999723454352 0.043312479202697984 0.06108333294541102
0 0.924874167395215 0.6039621714774663 0.03847511849809626 0.0686684122982053
0 0.962182719550611 0.7204205791234227 0.04531957820973309 0.07045164495429335
0 0.7996873298402567 0.745571811675376 0.043809282664335036 0.06257091876013166
0 0.6542338168978215 0.8456334077768296 0.032082010452697984 0.06056026545683779
0 0.6264472374432195 0.8547422054659026 0.035409075611901875 0.04509445990988192
0 0.7138413845321119 0.9332136491956393 0.05499429961893709 0.05528148624870499
0 0.650390625 0.96484375 0.041015625 0.0703125