0 0.014892578125 0.046142578125 0.02978515625 0.05517578125
0 0.06156735241035033 0.25704456771540507 0.05258560673158763 0.06615695587312231
0 0.10299728535758751 0.16204882235700763 0.05568578463142271 0.07225547916868713
0 0.19534825415705143 0.15049916686803655 0.03771883111465979 0.0741987000960378
0 0.20979925400865962 0.2089433887436427 0.04486880216577327 0.03532550568347137
0 0.2184986678544948 0.06135289243698985 0.040786836648804226 0.0457089707401242
0 0.17626953125 0.0126953125 0.0478515625 0.025390625
0 0.34787441260923696 0.24077088723370776 0.04658938151552583 0.04423414233125378
0 0.4334448062238968 0.17629755115730317 0.03733522771503095 0.061015106346037795
0 0.4609375 0.38818359375 0.017578125 0.06640625
0 0.3419498712149688 0.44438416848370776 0.06585068838245367 0.0365511205516853
0 0.32390436543350487 0.5094751028581016 0.042995697248556786 0.05465746543716743
0 0.2644343273296287 0.3665982439541986 0.04050121816432983 0.08611674034234174
0 0.18787133433189668 0.4411062267165582 0.06285372051490723 0.06748225615759917
0 0.124267578125 0.545166015625 0.03466796875 0.06884765625
0 0.151611328125 0.5625 0.04150390625 0.0341796875
0 0.1538255614117936 0.31596684442347717 0.05244353139839175 0.061274143373122425
0 0.17132219851092767 0.2865602993483441 0.037226792565608235 0.04054715189529867
0 0.21232884109474204 0.3070380772855114 0.042507415998556786 0.05461760738790655
0 0.5868612848055873 0.40083856468341217 0.020620004948474255 0.05575368267117087
0 0.6145834130880821 0.37324560114275573 0.01853901214859799 0.051199719224127804
0 0.734682635755711 0.4173100848594322 0.01911253859851547 0.05416926477338846
0 0.7811621143037316 0.35062466734216424 0.02337920204863919 0.050133455966735685
0 0.7905598112555048 0.4145296837251625 0.02778794083195879 0.05098045966008269
0 0.8257699557526182 0.31462125247637485 0.026456189998969037 0.03869371231156116
0 0.806507181067608 0.2533370438581608 0.03764403614901024 0.03814560369455933
0 0.7593024721650925 0.1599160540835599 0.022478902332371153 0.03593344166747481
0 0.25851976552212363 0.6572053038027201 0.02535175969909287 0.034219464963039625
0 0.3824751009916906 0.7705957403605261 0.038075487265732066 0.036232336743820204
0 0.42306596781018535 0.8390047968962151 0.03337737269888663 0.04218141250121232
0 0.2932959939138554 0.9590925139369306 0.03227294239901024 0.03770716515269079
0 0.4394857680131956 0.9475327126166468 0.02506760903270111 0.024453839963039403
0 0.7785616650587421 0.9058602759591661 0.04687353218191759 0.05399976733125367
0 0.8870252689530103 0.7106171850539325 0.05595197046544331 0.047921132767208774
0 0.759681672110474 0.9659886817350384 0.05195525014839175 0.06123428532386166
0 0.7749531271032577 0.710278754273211 0.05326903614901024 0.03942106127090478
0 0.9544760079757525 0.9324560629923121 0.05244353139839175 0.061274143373122425