0 0.10142647144682482 0.07227355795188603 0.04853728139839175 0.05931214446317573
0 0.2509602409934022 0.1870557118504325 0.050064180398804226 0.04475467522205806
0 0.07726227327424756 0.28364450346456205 0.03111543926490723 0.06386452388323494
0 0.15688886835187654 0.4828471704417543 0.05840611643068039 0.09683087662814627
0 0.4440041146242063 0.26803005660940615 0.07466294083195879 0.05223943470808701
0 0.51025390625 0.342529296875 0.0185546875 0.07568359375
0 0.226318359375 0.556640625 0.06787109375 0.0458984375
0 0.07861328125 0.559326171875 0.072265625 0.04052734375
0 0.32551016771400004 0.043745801930419034 0.03599825176490723 0.06409194453044062
0 0.47277448922849497 0.11413984620840664 0.043100375098927834 0.04004175506596991
0 0.28919952572375274 0.2913753144405507 0.040080217281876274 0.05355443561292583
0 0.27356113985331976 0.42607405952937394 0.03809867721523719 0.052486904854043503
0 0.35600211883861876 0.3523154635827135 0.053528529047814466 0.08002463554566097
0 0.43994140625 0.56787109375 0.0498046875 0.0234375
0 0.0048828125 0.46337890625 0.009765625 0.046875
0 0.509033203125 0.1708984375 0.02099609375 0.0576171875
0 0.679816189462763 0.09515717070068236 0.0632387917326186 0.028301609284234308
0 0.702607657528165 0.1390783948529768 0.057237341399422714 0.02314589200758732
0 0.6184124590093403 0.21976389655851958 0.058597507299051554 0.036374969887028485
0 0.61767578125 0.562255859375 0.0615234375 0.03466796875
0 0.7929592969363095 0.43801484504463983 0.05609927091577327 0.03430813456342552
0 0.52880859375 0.285400390625 0.0185546875 0.02490234375
0 0.541748046875 0.051025390625 0.04443359375 0.04638671875
0 0.8824992881117733 0.12092094797108263 0.054510316664948544 0.06349129923982266
0 0.992431640625 0.4296875 0.01513671875 0.0537109375
0 0.9527357008357322 0.4511087444457307 0.05037674613183496 0.055496862722058005
0 0.52783203125 0.335205078125 0.0166015625 0.04931640625
0 0.52734375 0.148681640625 0.015625 0.05615234375
0 0.08636765880633007 0.6147285196981837 0.056065630731999994 0.04991039249870499
0 0.07189200118713424 0.705368241963404 0.04201390963142271 0.06973594305708763
0 0.026906603118639405 0.7724928864265797 0.040042819799051554 0.03551077142764658
0 0.02524661120121674 0.7994620655001826 0.041507663549051554 0.03557899762180816
0 0.15121941640216519 0.7598577224228317 0.04560759389839175 0.05917569207485229
0 0.1862179157175673 0.8032103949571117 0.04150243843191759 0.052157818057087635
0 0.23332692918589704 0.7418541572350535 0.036310817497938075 0.07483413203044065
0 0.2669652626016703 0.7720687201487747 0.04756071889839175 0.05926666033373462
0 0.24390989818321684 0.8367051279495243 0.04744705863183496 0.05536041033373462
0 0.2977098381821859 0.8708700787097017 0.044346880731999994 0.04936458294541124
0 0.31298176382247433 0.622753631232555 0.042274870348309346 0.06194618512180816
0 0.381103515625 0.601806640625 0.06103515625 0.04443359375
0 0.5362528705619591 0.8408041571041804 0.02049213714859799 0.05069162802410254
0 0.5914480844624127 0.8220982804760344 0.014945327881628945 0.06116091074745578
0 0.5902598767807014 0.7644583509113136 0.05161802664777326 0.08139851103677875
0 0.6058767160274025 0.8810772992932993 0.04030231269785567 0.0779457560482053
0 0.606201171875 0.978515625 0.03173828125 0.04296875
0 0.721592679342186 0.942672929463404 0.03173158831478351 0.06828179719795546
0 0.781494140625 0.994384765625 0.02783203125 0.01123046875
0 0.8506581478448663 0.8413177282388473 0.031712155664330055 0.08437233638323471
0 0.9188119244431756 0.8982834011868484 0.023526502498969037 0.03766722872714667
0 0.9691124077912787 0.9634147492795109 0.03039461236465968 0.07260810225379366
0 0.9213655231416499 0.9524371358074071 0.022601545015113356 0.05615369003298509
0 0.8725499623491961 0.686281062993936 0.04030231269785567 0.07794575604820508
0 0.8113263508669899 0.6490392744545672 0.04292465958195857 0.05076120050124944
0 0.9212801024340415 0.6302276928277162 0.03736364278167015 0.06074220197460223
0 0.9429978447471756 0.7548745176830547 0.03096438151552583 0.04191460969795546
0 0.9707962358134024 0.7692259620587022 0.022425829498144312 0.06687313546826434
0 0.9264800596290106 0.8089386303277162 0.03964876616515456 0.055484818548205306