0 0.1343344557728438 0.14382600198412754 0.06401929208273793 0.06048935456464577
0 0.11360793999642738 0.19499585277085685 0.04535190679532508 0.06464011942829462
0 0.10197420864473877 0.2997325551345058 0.06488315679532508 0.06589173879891119
0 0.026611328125 0.030029296875 0.05322265625 0.06005859375
0 0.49560546875 0.01611328125 0.060546875 0.0322265625
0 0.4910037989294721 0.27451074905407946 0.02875034429532508 0.06357624296327069
0 0.5151958120038511 0.30765710209602304 0.026421635832737933 0.058079987276209
0 0.500732421875 0.36328125 0.03369140625 0.033203125
0 0.6594474455826538 0.2016970769368318 0.06559325998457988 0.10385251436184939
0 0.7987171809572282 0.11486152548219031 0.05762387979840922 0.04549672173772623
0 0.8460768885716574 0.16650579406607746 0.05567075479840922 0.04537155980066454
0 0.8675543437868821 0.19558944468669393 0.06733482897930498 0.05924354420450362
0 0.9266571343912082 0.11625498534399381 0.05142641143617066 0.06114064572374511
0 0.7906482600940967 0.21496573921996243 0.06278319005676813 0.07061809887758397
0 0.013916015625 0.771240234375 0.02783203125 0.04931640625
0 0.1549069825395617 0.6813419744716699 0.031700563663284775 0.05015469183739385
0 0.22279259831821097 0.421743671436648 0.050729920330100375 0.037277445442275875
0 0.33433585295905655 0.4250029423334275 0.03527564008582207 0.038717556195782654
0 0.3429291802543397 0.7633884060711997 0.040489626163284775 0.05071792055417135
0 0.30751628190484204 0.9312516665974546 0.0432144499564191 0.04797597595976377
0 0.208740234375 0.98681640625 0.04345703125 0.0263671875
0 0.1599529125514091 0.9203370965993001 0.039513063663285 0.05065533958564039
0 0.32521090581419165 0.808917915247787 0.03728678705413069 0.04662392764857892
0 0.34644311604572964 0.6537565247093042 0.04364470923811048 0.04022605692829462
0 0.6681387872966228 0.49358958397356123 0.06033509150835892 0.028657201861849557
0 0.5404483349409991 0.41929813193867715 0.06088139472666754 0.03646970186184956
0 0.6242070868798073 0.5048710156711432 0.03423413583273782 0.058580635024455596
0 0.5813262467045908 0.7675299771537012 0.047315297729304984 0.05796063434962173
0 0.7618195894488693 0.776666050081904 0.06430270962587215 0.05759095754891108
0 0.5343927697635498 0.8957675089631787 0.056046338260996365 0.05074265355066454
0 0.4789982852371333 0.9447157353670638 0.046827016479304984 0.05792934386535631
0 0.5014840106997625 0.6754027702796239 0.048346536048409106 0.04490220253668342