0 0.146240234375 0.012939453125 0.06201171875 0.02587890625
0 0.378173828125 0.01611328125 0.06494140625 0.0322265625
0 0.3941159448821854 0.2131507471604226 0.06550823976470088 0.07056283542528363
0 0.49274646790121623 0.2983112271741435 0.07679929594703094 0.1063266816766757
0 0.391751447571113 0.41192098757755324 0.07641569254740199 0.0931430879266757
0 0.361083984375 0.546142578125 0.08740234375 0.06689453125
0 0.22355015192086564 0.401171750054685 0.03284500103084542 0.08873116958744287
0 0.28425788874931934 0.22847961631224145 0.04703357234748462 0.08987250042269856
0 0.290283203125 0.019775390625 0.06591796875 0.03955078125
0 0.2642623691117112 0.07634006422559386 0.0538321123646599 0.07189131917369285
0 0.03139841725303061 0.3574179037784362 0.06051176699814437 0.06659976875795426
0 0.0205078125 0.49169921875 0.041015625 0.1142578125
0 0.837622795840206 0.16342526090565007 0.047997395132247433 0.03911965875636336
0 0.7910522008199381 0.03491036173215609 0.02912491678208251 0.04475744875377824
0 0.6137131717642266 0.42213875129295264 0.03885314429925779 0.026810357505170135
0 0.5906906258666595 0.5083259025401686 0.030609193182536076 0.02866689417071
0 0.7236328125 0.0029296875 0.0390625 0.005859375
0 0.984130859375 0.44580078125 0.03173828125 0.0439453125
0 0.3606556164643503 0.7330733479869286 0.04098051699814431 0.0663725020886361
0 0.3120652622317317 0.7579071696470994 0.04126989278167015 0.05954224625536897
0 0.312255859375 0.61181640625 0.05419921875 0.064453125
0 0.19263150414915436 0.7833819933809921 0.052377718848927834 0.038682512506959865
0 0.39446802207131926 0.9811092017424965 0.04937699368232984 0.0362070162565622
0 0.48019634187826776 0.636775016336104 0.04281099931540222 0.045404816672300896
0 0.5439453125 0.601318359375 0.0361328125 0.04345703125
0 0.8622163311562268 0.6394480025660196 0.02510500651552583 0.04080574541991461
0 0.8061686652565978 0.6519838863084633 0.029622180448268143 0.061847292503778295
0 0.8188878138612987 0.8191806138108495 0.02019377894888663 0.03977236625258507
0 0.8069432111462679 0.8771667675594574 0.02387270841577327 0.0320053195864487
0 0.86669921875 0.9794921875 0.0400390625 0.041015625
0 0.758056640625 0.591796875 0.01904296875 0.0244140625