0 0.17528030359903268 0.19899878648281283 0.06088492272827328 0.06163192263978412
0 0.3492621539590307 0.07855132776609208 0.055491103080574256 0.05741284205278718
0 0.3870242474168193 0.13199713701284077 0.051553604971237954 0.0518142351486075
0 0.40723378250951936 0.18207222420339775 0.06292042910743234 0.07590583546687402
0 0.4228515625 0.397216796875 0.0537109375 0.07373046875
0 0.42138671875 0.588623046875 0.056640625 0.08251953125
0 0.261474609375 0.5908203125 0.03076171875 0.078125
0 0.3184735663720014 0.4205612685281668 0.044953448659865725 0.0919434308787932
0 0.3193147501373955 0.19207408267243925 0.0639367619284057 0.08279865125541885
0 0.2949429731450518 0.2701277569917894 0.05217256013300764 0.07430361179288003
0 0.06868312982465868 0.5669011696071178 0.05897724952367134 0.06933066606269422
0 0.0048828125 0.37060546875 0.009765625 0.0703125
0 0.02587890625 0.026123046875 0.0517578125 0.05224609375
0 0.8629018041981061 0.34521458435200525 0.04960900218287523 0.05316532232151783
0 0.5499536188196089 0.27265220247492 0.05299856356075139 0.04848158383142487
0 0.04158214468982879 0.6634746501670203 0.06365552894438009 0.034458807505418854
0 0.2527775006750965 0.7746672178027758 0.03991439561318488 0.06480357068606868
0 0.054379398178945104 0.7291130432716642 0.07537143820716752 0.03465306571795779
0 0.05047282262841568 0.8132964922815713 0.06085083388172485 0.05577254763978412
0 0.05047533781509861 0.8967641468872989 0.06237533311318466 0.0661117713226016
0 0.2458560155081957 0.8736697391783177 0.04855858051535322 0.04041313153297299
0 0.2324113994851862 0.8354035352179464 0.03596553455499896 0.057251838781889
0 0.2900200647735489 0.8335125599437969 0.027542601604866768 0.03577227957925733
0 0.35965744596859084 0.6937604531013811 0.03595133086893698 0.054810432531889
0 0.335205078125 0.642578125 0.04931640625 0.025390625
0 0.3926329864410709 0.8148450271465819 0.05935474202238855 0.050316136456966865
0 0.33433402201009954 0.9353883461707313 0.05434125561061909 0.027570807514242235
0 0.3649877927460291 0.9521513675815667 0.04896732112340674 0.02676969567724541
0 0.38344021370638337 0.9686488050992136 0.08749040660358376 0.02022732557476914
0 0.442626953125 0.7216796875 0.01416015625 0.037109375
0 0.7742707234372632 0.9253722997075796 0.04269920551535333 0.04007186180170341
0 0.9737426245996945 0.7863561617386914 0.0403146140096009 0.0496952910803411
0 0.8687195447915088 0.7997947965072687 0.045600485643229494 0.03535968416733809
0 0.6587355558432803 0.8998858144001509 0.032450980739778146 0.040451202271981845
0 0.9814453125 0.87109375 0.037109375 0.0390625
0 0.90771484375 0.989990234375 0.0283203125 0.02001953125