0 0.03125 0.015380859375 0.0625 0.03076171875
0 0.18926860257453626 0.1066437473189693 0.045602368781257674 0.07499493921544331
0 0.1674208784882476 0.2108996318696703 0.061829310297814466 0.07937003781498975
0 0.2492787024522476 0.3079278147674436 0.048508866331752554 0.057516266948680395
0 0.32902336125068077 0.36586508259857764 0.040326970465443424 0.04459363391556703
0 0.47153925549257747 0.06607019917764984 0.07649195533113406 0.08028454506457738
0 0.4989922623048868 0.2215231094936705 0.06871309551490734 0.06444643206478351
0 0.5654296875 0.12939453125 0.0283203125 0.078125
0 0.2929584752734229 0.14917811056608277 0.09502198506354631 0.1135108600140825
0 0.10581008181505186 0.440844170954928 0.08520099774835055 0.061023238197649654
0 0.608154296875 0.249267578125 0.05712890625 0.06005859375
0 0.7761519605269279 0.14406193075294868 0.05675281744847438 0.05580467001511341
0 0.815857556825361 0.20083418085187654 0.05269028458195879 0.050319915998556786
0 0.8378571603239178 0.2527004285012992 0.06460271493129888 0.07408418926490723
0 0.9169332433934434 0.15352479409899 0.04437382798055678 0.09984045283216503
0 0.86572265625 0.45703125 0.0654296875 0.0458984375
0 0.757080078125 0.458984375 0.04736328125 0.0419921875
0 0.7501086106571135 0.25502588500377343 0.06577818289777326 0.08094854183154632
0 0.7284134121382888 0.33098987212111364 0.0538321123646599 0.07279506103187638
0 0.0920183242607836 0.6687459363860209 0.06329937916494854 0.06282530544826809
0 0.03737949364076304 0.7861958649209899 0.04807741521503095 0.059455184415360796
0 0.16324386369228883 0.7357048123674024 0.037596188431917366 0.05134432621564955
0 0.35051589700397967 0.9177620347956086 0.07033944724855656 0.053272793448061906
0 0.3718185097069898 0.811538817711588 0.05437346644888663 0.04109940238183507
0 0.4589091093868456 0.9375034621592375 0.04245058586527839 0.05050983904884543
0 0.3641405704420826 0.7488683273117529 0.05112974539777326 0.08052231583195879
0 0.24172845547952582 0.5994340104984126 0.05704595053105166 0.08264593123179387
0 0.591552734375 0.55517578125 0.02392578125 0.0400390625
0 0.7520895045685569 0.8410749312970519 0.050092595465443424 0.04487778458195879
0 0.991943359375 0.665283203125 0.01611328125 0.03662109375
0 0.9597622075412167 0.6344072058910313 0.03337737269888663 0.04048847844909276
0 0.9058113853005569 0.8928709629427634 0.03441076533216503 0.042470018515731844
0 0.871337890625 0.982421875 0.02197265625 0.03515625