0 0.11355744620939612 0.5061649504942862 0.04009433750346081 0.0546253437549713
0 0.14073088033522696 0.5723499575807349 0.043199401410806804 0.04978230292210206
0 0.04720647121285704 0.5595516909014742 0.04502736447374511 0.04785190458903399
0 0.03887026623062073 0.13252718215405926 0.06796421672549835 0.040312124592215504
0 0.030790015325074194 0.05973350423692858 0.04850791419227596 0.04886823875616447
0 0.006591796875 0.031982421875 0.01318359375 0.03271484375
0 0.3233611828107713 0.5442241901057906 0.06192946531815258 0.04512107542468713
0 0.265639254314324 0.45816703301536477 0.04619166987933765 0.05079295542249973
0 0.06591479603290085 0.38704671007218416 0.038942398596115035 0.059491111254772466
0 0.13191370006806058 0.09213688258371772 0.029277202536683422 0.04571696625357935
0 0.2808213058093396 0.06313079885419975 0.04480177359611481 0.059559291255567914
0 0.80997092216916 0.5563208750646277 0.041765848145072226 0.05025353917190323
0 0.7073765846656992 0.5009682779678386 0.05430470822374511 0.04795985625696009
0 0.6693367283880125 0.06725521296644657 0.054317074721991654 0.05576667459022694
0 0.7421532156065433 0.06907834380965633 0.039574765769195386 0.05413138083823843
0 0.8175355225348381 0.11094053715286611 0.07041143198597277 0.06327270667568141
0 0.8900936314368778 0.2000978317452805 0.062248179171281004 0.0729360616744883
0 0.9019514068267817 0.13387907674746785 0.07160047038805861 0.08182739417568141
0 0.6865676641519018 0.2143187758841738 0.0309676371643135 0.03402662458724415
0 0.6187788238337493 0.16912952045869123 0.037609274270948845 0.046301835838039596
0 0.6528704488914274 0.190994567129799 0.03890529910137519 0.0360706562549713
0 0.525634765625 0.594482421875 0.05126953125 0.03076171875
0 0.12076174236341908 0.7447128967417012 0.0397312181905225 0.05657278708823843
0 0.16240542248062073 0.6407831942482634 0.04332456334786827 0.05173542792210206
0 0.008056640625 0.822021484375 0.01611328125 0.02978515625
0 0.8984787327427106 0.9593116508941165 0.01682640490033238 0.026543319168721435
0 0.6916475921465497 0.9676391300326121 0.020056630744739845 0.023653403335852197
0 0.6596728504752687 0.8950553316955668 0.010873158447536058 0.0250102954179261
0 0.6758749426448882 0.8357179675316179 0.010372510699289461 0.0171977954179261
0 0.7195212137550764 0.7630382650381801 0.015662099494739845 0.023602268335255583
0 0.8099135805417138 0.8792385233827819 0.01682640490033238 0.026543319168721435
0 0.8491769384228507 0.8523720333883498 0.016388338120616464 0.019707381668721435
0 0.9017104555417137 0.8803066767285768 0.011255201746493193 0.01574431500139195
0 0.9294995782864995 0.8342779029827526 0.016782747917820195 0.018248219585454528
0 0.9646295983354107 0.8951884046536616 0.01840404408914731 0.020706670835653362
0 0.9770185634805288 0.8753279600721842 0.020795235868863227 0.027565335002585067
0 0.9197637468161693 0.910767609230764 0.018091139246493304 0.015823858335653362
0 0.9672885410206731 0.9747498400699968 0.015662099494739845 0.023602268335255583
0 0.7425169045888715 0.946762693373038 0.01975609240033238 0.026577409169119104
0 0.7211897304874965 0.9108965771204528 0.017790600902085618 0.01874786416892027
0 0.7237694136501025 0.8826273996210494 0.01672016694928946 0.017271657085454417
0 0.6495448546396281 0.8588316125278397 0.02234158457341273 0.021240405419516883
0 0.8006632152201004 0.7805716208823841 0.013802845947536113 0.025044385418323767