0 0.09988063588870755 0.03879144688582546 0.04790370811771383 0.022450556167914498
0 0.07442271939395606 0.07951935599081564 0.04174891182691853 0.050335843156287696
0 0.15771484375 0.00732421875 0.0517578125 0.0146484375
0 0.2785467123922065 0.055690432073947915 0.05288295059731629 0.03681543030573886
0 0.2425018919813715 0.10135025688447707 0.04254776024475149 0.04162354986422184
0 0.2105567581643536 0.08648879643098431 0.027707039420159063 0.044736518048902385
0 0.40857521731646085 0.17532489258422634 0.0488881318735388 0.04827828294595837
0 0.29742249986017844 0.30079033490363827 0.04935398262528823 0.035171458403892464
0 0.20915574610143095 0.2397600057254453 0.04186719567015906 0.04547862039226569
0 0.17953258142194778 0.2841106014682599 0.05130710762528834 0.03527381734780477
0 0.14700215974071518 0.3154823213488988 0.0766461636421869 0.0487603353967071
0 0.30474556534095365 0.3646037165041871 0.0901773243006958 0.04120165649007057
0 0.45260736863640105 0.2809852283345753 0.04752642608974167 0.023889810181936477
0 0.4908576042453674 0.19338439549600217 0.038811939705705845 0.05650437125444141
0 0.4668234953176533 0.45921411338382656 0.039788502205705845 0.05655555072639751
0 0.2610575211218482 0.4597846654525406 0.07469303864218713 0.048657976452795015
0 0.23347547353152998 0.5477990865995966 0.061021163642186904 0.04794146384540965
0 0.15410034360437286 0.5427184595499965 0.05235096162003994 0.07472223965389269
0 0.4790069428001781 0.5359040119026388 0.0366811006235388 0.0476385395465071
0 0.4305045308450488 0.5277463877364216 0.0345872612820477 0.03926098908857312
0 0.4302522406469176 0.5695850368205533 0.043908889393936334 0.03391340880813409
0 0.6612468482722058 0.5898631635862253 0.06056988213286285 0.048404155359431655
0 0.6969496564919075 0.6385716449720034 0.04580316078962232 0.05249368604411209
0 0.6642702942074945 0.312489671317413 0.05755162590908558 0.059918187471607154
0 0.7113370008974746 0.34601233074765214 0.04340603890151096 0.04653195210019989
0 0.7599151422377928 0.25689755095354005 0.03982550194638179 0.05704383197639751
0 0.8407507144667989 0.0950862731806354 0.06098416390151096 0.04745318259540959
0 0.8693603169056062 0.05127513815977691 0.035978105550695805 0.03836119579650721
0 0.93798828125 0.015869140625 0.060546875 0.03173828125
0 0.8974417551806756 0.1684709432254453 0.06548240975232611 0.055470400483233984
0 0.9004667193910533 0.21840565567175263 0.060651166235427434 0.04305865134540965
0 0.99365234375 0.552490234375 0.0126953125 0.07275390625
0 0.9124987081032 0.4896403621112235 0.04982769463286285 0.04784118116791447
0 0.21897236344991994 0.910706819242513 0.03133243737178937 0.06048946672879263
0 0.255378743377077 0.9180393430581814 0.03839037331584505 0.06377741053248531
0 0.2900390625 0.98583984375 0.046875 0.0283203125
0 0.10075557869759383 0.968940911211376 0.05396322769813128 0.044653520041716965
0 0.1079195357809141 0.8294716018632224 0.03995893166666015 0.07164109000444141
0 0.04627666116844882 0.8920359134726539 0.03580825272435395 0.05537427033857312
0 0.18574911449011894 0.797184880286625 0.02851374909381721 0.061800772062924336
0 0.545654296875 0.73974609375 0.00830078125 0.05859375
0 0.5211764793764808 0.7606385321276405 0.029171883170159063 0.04481328725683653
0 0.525390625 0.6875 0.046875 0.03515625
0 0.48486328125 0.685791015625 0.013671875 0.03173828125
0 0.42930502826051653 0.7985245788116233 0.03948464302447319 0.026872753420309703
0 0.44526973391320035 0.8317318563444575 0.0410756318735388 0.0478688471703097
0 0.36833370369759383 0.9549177358954061 0.02507334984556664 0.04848922963303415
0 0.486328125 0.971923828125 0.03515625 0.05615234375
0 0.6830352940821867 0.761488495025696 0.053223809519224785 0.06698650886182667
0 0.6298828125 0.71337890625 0.048828125 0.0869140625
0 0.97509765625 0.850830078125 0.0498046875 0.02490234375
0 0.7565930268327828 0.9011044394514939 0.0619983027767993 0.08009125713747545
0 0.67724609375 0.9775390625 0.072265625 0.044921875
0 0.76220703125 0.68505859375 0.0537109375 0.0302734375
0 0.9658089914365007 0.7651499561864724 0.04479745980477157 0.0777307726282438
0 0.756103515625 0.98095703125 0.05029296875 0.0380859375