0 0.01806640625 0.17138671875 0.0361328125 0.05859375
0 0.035572098047532835 0.10485050701224119 0.04869028943606868 0.04333729592977509
0 0.324951171875 0.016845703125 0.03466796875 0.03369140625
0 0.744384765625 0.01708984375 0.03466796875 0.0341796875
0 0.50341796875 0.022216796875 0.0390625 0.04443359375
0 0.489013671875 0.016845703125 0.02587890625 0.03369140625
0 0.44735738454799245 0.024961526427232372 0.04378866938653281 0.02592858778568896
0 0.46410550292678565 0.07055100360579536 0.04602137003188911 0.03923175568347137
0 0.381103515625 0.220947265625 0.02294921875 0.02880859375
0 0.3914399073472219 0.2580313566329391 0.03849326147461357 0.04347683939529867
0 0.5551414187865419 0.3486617994419574 0.05475355424334416 0.03897263807016538
0 0.517333984375 0.380126953125 0.03759765625 0.01904296875
0 0.540283203125 0.38134765625 0.02783203125 0.0166015625
0 0.672607421875 0.380126953125 0.05126953125 0.01904296875
0 0.8581654566665722 0.31994185882847415 0.041683717070434056 0.039849595740124144
0 0.8834524123241563 0.25348568553412165 0.05985906410015529 0.0515383917635126
0 0.8758254502218332 0.18094105418929607 0.0557204851486075 0.0555742005701656
0 0.7920449650291086 0.16924251526570067 0.05699107068606857 0.04401488276720866
0 0.828093371376166 0.07061952625212875 0.0358147104756974 0.05589314555047309
0 0.6313960736216777 0.11433631980520392 0.047102057514242235 0.05778644318347126
0 0.994384765625 0.071533203125 0.01123046875 0.03857421875
0 0.9742080375006241 0.07622928478036645 0.04074522530944291 0.023736314490124144
0 0.10635153415031548 0.5687074680947072 0.05943683709349962 0.08600707026720866
0 0.09811452894397282 0.8528075200824068 0.028025833822601487 0.06400462121303963
0 0.12193572957168225 0.8863394135491425 0.02575987823560455 0.05847409526599634
0 0.10676048444273586 0.9511911996279716 0.03317423021579019 0.05227588655416904
0 0.12744140625 0.978271484375 0.0419921875 0.04345703125
0 0.048828125 0.9912109375 0.064453125 0.017578125
0 0.26753940237911095 0.7830524686685096 0.0644237745758528 0.10488062216129501
0 0.375732421875 0.717529296875 0.01220703125 0.03955078125
0 0.43103975785077964 0.70654159878424 0.043205439108978894 0.04094573238790655
0 0.5056671987452053 0.6028064724615315 0.03886778614752373 0.04156357244455944