0 0.32953992346474226 0.3926976567344952 0.022620018783893303 0.028783112276209
0 0.41231828735159837 0.25902288662790585 0.028504960418804792 0.03355312933739385
0 0.5986328125 0.419921875 0.03125 0.0400390625
0 0.7763690515856241 0.0962483570159644 0.060339826734025714 0.05218857331464577
0 0.8392320148477499 0.19764934406146073 0.04970558724809615 0.07005487016080669
0 0.9463612939148747 0.2410584062730699 0.048110069586326576 0.047500061208010425
0 0.9697281010350947 0.16781040976259554 0.046588411092078896 0.03764056475521427
0 0.9191961848087251 0.2960020391576676 0.03249359179796385 0.04796360946151723
0 0.9514376020958459 0.12358929191468121 0.05440091109207912 0.03814121250346081
0 0.34856049186757265 0.6347170862922193 0.03142612570716752 0.032276028492986386
0 0.4965068698803603 0.6257243508097993 0.038313196476990496 0.04150315777270219
0 0.33983644077292796 0.7080029307747313 0.029549700611901875 0.045334460305924806
0 0.3779330901207186 0.8715153170334984 0.026716598177122797 0.06174827990033238
0 0.38393701716802053 0.9301905719880479 0.026069235643229494 0.03437323941606696
0 0.624755859375 0.942138671875 0.01025390625 0.04345703125
0 0.634765625 0.875244140625 0.0302734375 0.05126953125
0 0.624267578125 0.75732421875 0.00927734375 0.0556640625
0 0.6623864650446954 0.6262489830772413 0.03252483990729993 0.05333470321151723
0 0.6474609375 0.460693359375 0.0419921875 0.04150390625
0 0.7573945860792506 0.4878857008640166 0.03203087718287523 0.05232685022725184
0 0.7068743583522601 0.5301711207433542 0.032536202856149554 0.05528782821151723
0 0.7455533588285888 0.5935858507521211 0.03192576990601714 0.03426044397725181
0 0.7253520203969964 0.626118760607003 0.03787036702238855 0.04928436728843688
0 0.8521552374257991 0.4759559719165265 0.040354384330574256 0.056765038459763856
0 0.8584343904321725 0.5712210301368107 0.054054666702698206 0.06252398451919544
0 0.8517540423777946 0.7127097971979957 0.03832171868862755 0.042968001522702304
0 0.8305477340740784 0.7501881005214084 0.0422677390096009 0.05005426289682546
0 0.796177717180849 0.7850932781699873 0.04704544423274282 0.03230076148947969
0 0.8443868870190794 0.8044564577277115 0.04516901913747695 0.045359193302418
0 0.9435335474039909 0.7937099581718327 0.05503975141433526 0.06405140923772623