0 0.26593583821866873 0.029696952532086957 0.05367234105066454 0.05654534828962232
0 0.187255859375 0.01318359375 0.07373046875 0.0263671875
0 0.9235607317102694 0.6864116500146118 0.025552886431801536 0.027203612293121182
0 0.9287898061611743 0.46832764534677873 0.036413678381090886 0.04503345085664012
0 0.9163127785737345 0.42797073105773303 0.030416774945782654 0.034860828709204816
0 0.9804353928917492 0.1704385064714904 0.025440090992986386 0.033025987552445346
0 0.8817066423149675 0.39172021134910484 0.023011051241233038 0.040616489108389664
0 0.9032215593219352 0.351703002712743 0.019931468807678154 0.022890365145685987
0 0.7492660645475715 0.5324658017307948 0.027092677648578922 0.036066674274473076
0 0.9621662409445348 0.683000389251212 0.02122093615033227 0.02784717712703788
0 0.945451134528422 0.6405350663782499 0.025678048368863116 0.029156737293121182
0 0.989990234375 0.644287109375 0.02001953125 0.02978515625
0 0.6459498004741128 0.49170362019815084 0.04570994611710971 0.03844922692015906
0 0.2519621067275736 0.7988340447232398 0.04024423243701569 0.07447832481934402
0 0.29618247609819015 0.7760468175437567 0.04755608468876904 0.06725782067015906
0 0.015869140625 0.969482421875 0.03173828125 0.06103515625
0 0.2890625 0.985107421875 0.04296875 0.02978515625