0 0.191375 0.13733333333333334 0.04825 0.06866666666666667
0 0.252625 0.436 0.03625 0.06333333333333334
0 0.20725 0.5838333333333333 0.041 0.058333333333333334
0 0.087 0.8725 0.045 0.057
0 0.24675 0.9701666666666666 0.0365 0.041
0 0.348375 0.883 0.03375 0.056666666666666664
0 0.400625 0.9353333333333333 0.03575 0.058
0 0.40625 0.7886666666666666 0.035 0.066
0 0.413125 0.7133333333333334 0.03725 0.06066666666666667
0 0.347375 0.6228333333333333 0.04875 0.04633333333333333
0 0.451875 0.601 0.04675 0.05533333333333333
0 0.415375 0.5 0.04175 0.078
0 0.43025 0.30766666666666664 0.0495 0.07666666666666666
0 0.427125 0.21916666666666668 0.03525 0.03966666666666667
0 0.429375 0.18433333333333332 0.02675 0.056666666666666664
0 0.452125 0.1685 0.02525 0.043666666666666666
0 0.365625 0.22066666666666668 0.02925 0.06333333333333334
0 0.338875 0.25233333333333335 0.03575 0.058
0 0.541375 0.14666666666666667 0.02675 0.04466666666666667
0 0.559875 0.19483333333333333 0.02975 0.03833333333333333
0 0.58325 0.23716666666666666 0.0325 0.049
0 0.609125 0.26416666666666666 0.02675 0.04766666666666667
0 0.660875 0.23833333333333334 0.02725 0.07
0 0.525125 0.389 0.03325 0.051333333333333335
0 0.533125 0.5455 0.04175 0.037
0 0.558 0.6406666666666667 0.039 0.06333333333333334
0 0.54325 0.7218333333333333 0.0435 0.04633333333333333
0 0.57875 0.8653333333333333 0.0405 0.066
0 0.53675 0.9241666666666667 0.0345 0.041
0 0.529875 0.9801666666666666 0.03125 0.03166666666666667
0 0.674125 0.7775 0.04875 0.051666666666666666
0 0.683625 0.7008333333333333 0.03125 0.04633333333333333
0 0.703125 0.6386666666666667 0.04275 0.07266666666666667
0 0.687125 0.43733333333333335 0.02525 0.07133333333333333
0 0.739 0.29383333333333334 0.0325 0.041
0 0.80075 0.25483333333333336 0.039 0.03966666666666667
0 0.819 0.23716666666666666 0.034 0.043666666666666666
0 0.8415 0.16383333333333333 0.037 0.045
0 0.778 0.15316666666666667 0.0365 0.04766666666666667
0 0.862875 0.41083333333333333 0.02925 0.069
0 0.8375 0.4181666666666667 0.024 0.049
0 0.76075 0.5051666666666667 0.0345 0.027666666666666666
0 0.75725 0.405 0.026 0.062
0 0.882875 0.5918333333333333 0.02475 0.05566666666666667
0 0.7695 0.642 0.0365 0.024
0 0.786375 0.6935 0.03775 0.03966666666666667
0 0.786875 0.7635 0.03975 0.03966666666666667
0 0.73075 0.7365 0.024 0.06233333333333333
0 0.7275 0.7866666666666666 0.032 0.06466666666666666
0 0.729125 0.9233333333333333 0.04675 0.021333333333333333
0 0.78575 0.9688333333333333 0.026 0.03833333333333333
