0 0.338413888670657 0.5722479881283336 0.05182065292309623 0.0503493913986075
0 0.10554521453295687 0.3451614143390113 0.04737498667249973 0.04569890785015551
0 0.06702781245028638 0.33803190944148753 0.03475921750676103 0.05179542759907174
0 0.025390625 0.277587890625 0.05078125 0.06787109375
0 0.09462292414267154 0.1500576199436551 0.03142079209102233 0.058432291089164534
0 0.13619466830443316 0.188636198851086 0.03550851333744298 0.03232105588761658
0 0.11815064663233113 0.22765145215727778 0.0610014083386361 0.04258895388978412
0 0.021728515625 0.017822265625 0.04345703125 0.03564453125
0 0.23226244624244352 0.03689839119566944 0.05105999375894843 0.06884720061006264
0 0.33320530247951796 0.1380570160986121 0.0514232783408235 0.05813345225433508
0 0.403564453125 0.14306640625 0.03271484375 0.0556640625
0 0.33930762079289956 0.28548469865697135 0.029200628754573632 0.03536931576207469
0 0.2748832462155982 0.23726869871873507 0.0352020454228974 0.04791761674334416
0 0.3073480966293483 0.26065849638498945 0.03703585542150545 0.037777467070433945
0 0.021484375 0.573974609375 0.04296875 0.05517578125
0 0.14599609375 0.659912109375 0.0546875 0.03955078125
0 0.009521484375 0.06103515625 0.01904296875 0.0537109375
0 0.47194569956934723 0.06784128768591546 0.04809621625855076 0.06574687824442793
0 0.4306640625 0.1416015625 0.021484375 0.0498046875
0 0.443115234375 0.192626953125 0.04638671875 0.04736328125
0 0.4423828125 0.40478515625 0.044921875 0.103515625
0 0.5111518178359981 0.5616686264589812 0.07604756250994271 0.07762181571795779
0 0.5658790895031287 0.5614358418674958 0.03348186875894843 0.06782339141625426
0 0.6268570869967653 0.6118941740458249 0.035565672093806344 0.07916761674334416
0 0.67529296875 0.663818359375 0.0517578125 0.03173828125
0 0.710761918662504 0.6236216443606868 0.03454899583764193 0.03372902134907174
0 0.7760382011607143 0.6406160834431955 0.04560935667468713 0.061698432523065616
0 0.7861795003431568 0.5249170505400996 0.06797938750695987 0.055194133159598424
0 0.8966841257559126 0.5601813300399465 0.0652368529201135 0.02917303118823611
0 0.9406859128342083 0.5998786671687396 0.0542734225065622 0.051468149619969816
0 0.9039053903266518 0.6534382329925781 0.058991466671306725 0.037592384812694224
0 0.9892578125 0.102783203125 0.021484375 0.06494140625
0 0.8847759620663644 0.11387345999041057 0.04475779084281206 0.07238374173452072
0 0.836895307054632 0.1975690833902551 0.034367524591221166 0.06006776970479927
0 0.8035174187420459 0.04268943375263849 0.03441865959181789 0.06446230095479924
0 0.5438019024755409 0.14922715768251094 0.051979739591618945 0.0640212663986075
0 0.332763671875 0.989501953125 0.02587890625 0.02099609375
0 0.497802734375 0.701904296875 0.03076171875 0.04443359375
0 0.5400390625 0.7021484375 0.041015625 0.044921875
0 0.47268486657585645 0.7824522530944302 0.020372136676476804 0.07340319077089807
0 0.4326171875 0.9296875 0.025390625 0.0546875
0 0.46651197363844266 0.9350283320459781 0.030137761676476804 0.07397197365634711
0 0.5026618311386415 0.9356679849721397 0.030489682924885964 0.06228166280061975
0 0.452392578125 0.978271484375 0.03759765625 0.04345703125
0 0.6397893190543802 0.9504953220126988 0.05763491667826659 0.08874815948560455
0 0.6285715819939814 0.7807821526173426 0.03435047959102233 0.0586029259547991
0 0.627618088249947 0.7367515226845253 0.0380237812549713 0.038810907858978894
0 0.914794921875 0.695068359375 0.03857421875 0.03076171875
0 0.8828125 0.685546875 0.0322265625 0.01171875
0 0.828125 0.703857421875 0.0380859375 0.04833984375
0 0.788778966994578 0.7857156606887071 0.0323519012571587 0.05458291937770943
0 0.7453102303220782 0.8261817659927313 0.02964948042647686 0.0739435345120747
0 0.900634765625 0.9697265625 0.03662109375 0.060546875
0 0.9721390844804593 0.9004695634736943 0.03330039751252789 0.09416213977198185
0 0.9274778819721073 0.9594334779891736 0.016738264590624663 0.05464942926099092