0 0.338625 0.37716666666666665 0.05725 0.05433333333333333
0 0.240625 0.5813333333333334 0.05925 0.12933333333333333
0 0.01725 0.5726666666666667 0.033 0.09133333333333334
0 0.086625 0.8778333333333334 0.05725 0.09366666666666666
0 0.351 0.8455 0.086 0.05566666666666667
0 0.35775 0.78 0.0725 0.094
0 0.6 0.6955 0.0345 0.09633333333333334
0 0.622375 0.7438333333333333 0.05325 0.10033333333333333
0 0.735625 0.8065 0.03525 0.08566666666666667
0 0.756625 0.6558333333333334 0.03125 0.12033333333333333
0 0.7395 0.6156666666666667 0.039 0.07133333333333333
0 0.65275 0.33616666666666667 0.0735 0.08833333333333333
0 0.52925 0.5456666666666666 0.0885 0.13466666666666666
0 0.607375 0.20283333333333334 0.04675 0.091
0 0.656875 0.1335 0.05475 0.10833333333333334
0 0.72075 0.086 0.0455 0.07666666666666666
0 0.79525 0.045 0.046 0.05533333333333333
