0 0.10855388259613663 0.3824627757855845 0.09172064348094033 0.05702959305940558
0 0.05330179745406516 0.2515728304700109 0.0577897724098817 0.03908280438159362
0 0.09074953848589207 0.04199416873100725 0.03888460233119018 0.06160868363467764
0 0.14943036264184317 0.34054556848628215 0.08546530177280776 0.07946665254224117
0 0.2885891726088583 0.329348788714694 0.0740769848527485 0.09619117876363381
0 0.26858430572566916 0.20287033288150957 0.0756782809910721 0.09922329811706665
0 0.01171875 0.52099609375 0.0234375 0.037109375
0 0.143798828125 0.53076171875 0.06982421875 0.017578125
0 0.366455078125 0.36865234375 0.02685546875 0.13671875
0 0.369873046875 0.225830078125 0.02001953125 0.05419921875
0 0.03142003708993557 0.07434726858797075 0.04341693225249865 0.08577347254268763
0 0.835330268040481 0.14197464361255885 0.055668101348954835 0.06667582797358351
0 0.927978515625 0.00537109375 0.04833984375 0.0107421875
0 0.6381516448234203 0.24499240388767762 0.0681239490278962 0.0519727146544795
0 0.6138432873221253 0.29780198657474155 0.04953447528932298 0.03947891971214057
0 0.650390625 0.533935546875 0.0517578125 0.01123046875
0 0.720458984375 0.514404296875 0.04443359375 0.05029296875
0 0.94305863251874 0.5008986249765415 0.05397583695174912 0.061690583620150674
0 0.4641229524629018 0.4688682526539908 0.07491305611547017 0.03054636162278812
0 0.5957420224605401 0.10770012650299998 0.033207163848954835 0.06510520622094607
0 0.7014903362791001 0.04793141510817711 0.06165188456342552 0.059307199338459404
0 0.2186163849236702 0.7029586976790255 0.03958691377155832 0.034889790689254796
0 0.2316996588069049 0.7330750275064886 0.04036949557994074 0.020343785042687634
0 0.3530595821686271 0.6427630731517159 0.04365235822460223 0.03858091104840922
0 0.252197265625 0.5478515625 0.04345703125 0.0166015625
0 0.15771484375 0.56103515625 0.0380859375 0.04296875
0 0.10146367116224342 0.705960474203251 0.045299138492366886 0.042589592901841944
0 0.07046652644013984 0.7510019667754393 0.04366440239845515 0.0492889545972649
0 0.01025390625 0.848876953125 0.0205078125 0.05029296875
0 0.0224609375 0.98291015625 0.033203125 0.0341796875
0 0.27056151907337456 0.7941954298911662 0.03388673322460223 0.03789803202552333
0 0.8354254198943419 0.7939914761297653 0.043539994183984465 0.057067310646120584
0 0.9167757542357095 0.8060070282697178 0.03339845197460245 0.037863888074379126
0 0.9407509860910936 0.6937978528383753 0.03614754923982266 0.05509030762895617
0 0.9422759783373456 0.5697982933555397 0.027766497621808384 0.04233697316064755
0 0.66064453125 0.99365234375 0.05078125 0.0126953125
0 0.604736328125 0.98828125 0.04931640625 0.0234375
0 0.5109203746608573 0.7338246681733881 0.034684051772807645 0.0759156816232347
0 0.469970703125 0.560546875 0.03955078125 0.0419921875
0 0.4250873057495891 0.9390465162491068 0.0308205933362789 0.03476348081865743