0 0.3486328125 0.504638671875 0.0439453125 0.02978515625
0 0.429443359375 0.5107421875 0.03369140625 0.017578125
0 0.4650257342562333 0.40500697464623037 0.03645509773562905 0.05430357746572012
0 0.47887533568063545 0.2801541249254217 0.028002854336178107 0.041732673180190805
0 0.560874767145406 0.2490579342465259 0.03455107594116802 0.06444377339211715
0 0.5716812662548376 0.19156515496099663 0.03853824768193648 0.04758135028932298
0 0.5723451976628227 0.05807173930236417 0.02828018889910222 0.06561297030074958
0 0.02783203125 0.488525390625 0.03515625 0.06201171875
0 0.0126953125 0.312255859375 0.025390625 0.06884765625
0 0.6872351756850767 0.18315753954834224 0.030725747681936477 0.04721747725379366
0 0.7399315033505961 0.12566206769684302 0.023401528931936477 0.04687634628298498
0 0.7535923224795378 0.19029578293162275 0.028030520338573117 0.03296635274491133
0 0.7291416143725014 0.25719166046460773 0.018239305602595013 0.032023230200499686
0 0.7147421708940577 0.3367708063237398 0.014258362661077939 0.021121848247455777
0 0.7111513027914627 0.3681117745826221 0.02265735032215599 0.041970791718264344
0 0.6485316591772408 0.4104825718579742 0.03214148822639745 0.03705453926267599
0 0.63818359375 0.394775390625 0.0166015625 0.04150390625
0 0.634033203125 0.3857421875 0.00830078125 0.0283203125
0 0.8515625 0.01416015625 0.03125 0.0283203125
0 0.99560546875 0.116943359375 0.0087890625 0.04443359375
0 0.9885047069350767 0.1691256856157441 0.01769569234780466 0.049533129006337995
0 0.994140625 0.222412109375 0.01171875 0.03662109375
0 0.9660624558328306 0.2534632357604056 0.017414205252046067 0.044162035256337995
0 0.988525390625 0.331787109375 0.02294921875 0.01708984375
0 0.9734779776556844 0.3164394728365528 0.015100747681936477 0.04648973118273503
0 0.9665009593383188 0.3752151593543175 0.018032511448353494 0.03737158188577916
0 0.9433428701676603 0.36168108302562585 0.013021750268463306 0.034702754988573226
0 0.9220632130554846 0.35877548387333147 0.028493211852595124 0.03250081355963186
0 0.9062272663684089 0.3356456748885517 0.014411901076946343 0.024051535747455777
0 0.8948474117353749 0.35760763324768396 0.021119889897056043 0.021928518403543817
0 0.893365957854038 0.2836390459596103 0.014974875268463306 0.03479372324745578
0 0.8776600361132697 0.26732243241011 0.021529325672704824 0.029741018403543817
0 0.8245895165516938 0.14607352680602087 0.014974875268463306 0.034793723247455666
0 0.8064027921484991 0.2979182976651531 0.018518716431936477 0.04664892563577916
0 0.7960935538937087 0.28086324015372643 0.018957894476397508 0.03644050351522021
0 0.7808945998006943 0.3478152997070203 0.031011387310529104 0.034079367633234714
0 0.8205007130554846 0.36350583333521214 0.021243686044112087 0.04287912802410254
0 0.8406371371143164 0.4254024954786243 0.021606094880638915 0.031205862153543817
0 0.8246386724067312 0.47972746872607996 0.022503811906287696 0.039041104218264344
0 0.8058626568875701 0.41046110370322664 0.025021987364221898 0.0406196582918672
0 0.8916888183390166 0.48293672004463994 0.023275656518463306 0.0351803383477054
0 0.8790896359836775 0.4538110836715368 0.022375863226397508 0.036599697968264344
0 0.8965633257733483 0.44569089265631634 0.021529325672704824 0.029741018403543595
0 0.7728255279019409 0.4646054867159026 0.022787375268463306 0.03515759628298509
0 0.7731989926095262 0.4110082595395055 0.02209022359780477 0.04973780758882329
0 0.7097328114416117 0.4602377363795782 0.024254295284880434 0.0259712207918672
0 0.6689453125 0.505615234375 0.0166015625 0.02783203125
0 0.45773468311940835 0.8508559325916415 0.06840017313987068 0.05043345998727844
0 0.4280131639398671 0.9067942461512734 0.0497452029623755 0.03836153484261695
0 0.18342432864126634 0.6385968450179016 0.04077078351127783 0.06229801398348467
0 0.4286646377493495 0.7177732203809644 0.03357451344116802 0.06439828926267599
0 0.5410827400643201 0.645318927448275 0.06197367141551924 0.05792757108119023
0 0.28646065199590753 0.5592731746296238 0.05932754727769507 0.05390761075758732
0 0.8032316885041397 0.6099726632326006 0.05603545094116802 0.06544442423982266
0 0.651123046875 0.986572265625 0.04248046875 0.02685546875
0 0.8760644928779895 0.9582589596298521 0.05431470983138764 0.06049338554566086
0 0.9752505727763938 0.7851063651565446 0.04793315877974136 0.09672786419541102
0 0.984130859375 0.94384765625 0.03173828125 0.0595703125
0 0.677490234375 0.53955078125 0.06201171875 0.0400390625