0 0.5260712942889486 0.28519802901456004 0.025783210815814472 0.03172383385789512
0 0.49826603477981446 0.016453899099389435 0.023284974432536076 0.029628513136532808
0 0.198486328125 0.4150390625 0.02880859375 0.009765625
0 0.242919921875 0.410888671875 0.01806640625 0.01806640625
0 0.03655481055303117 0.34832824658792755 0.03131058743232995 0.03740775819489206
0 0.2542010264083506 0.17236009177043848 0.043679126665979395 0.02691670719597583
0 0.14570166835703108 0.2128362843091366 0.02352650249896915 0.03792929438653281
0 0.1206566031186394 0.39076055736424453 0.0465803990993402 0.026110779561610453
0 0.992919921875 0.0146484375 0.01416015625 0.02734375
0 0.7868494114536909 0.013503777732046807 0.019236649099340197 0.024518187482353238
0 0.9235368107508868 0.12090547826269882 0.009215288499587637 0.015160342096903978
0 0.9281444550006807 0.12848564931115103 0.01845000964962895 0.014235842088080819
0 0.9537766080671137 0.13826526606331857 0.015705020082783516 0.020412863472445864
0 0.992431640625 0.35107421875 0.01513671875 0.02734375
0 0.994384765625 0.398681640625 0.01123046875 0.02783203125
0 0.9639184973763303 0.4030558992846808 0.018719952782701 0.02351318583808082
0 0.65645448159899 0.17261832226857732 0.028224617065814472 0.031866029579257216
0 0.838134765625 0.004150390625 0.01904296875 0.00830078125
0 0.0662561894211961 0.4561955163015502 0.05027729339859799 0.0526486019272453
0 0.0983571736022889 0.5375201478521698 0.04499144484851547 0.05526545884024836
0 0.043336207400721916 0.5898852696165653 0.05436301621461859 0.07579689468715234
0 0.00634765625 0.755126953125 0.0126953125 0.05419921875
0 0.14998858612049504 0.4859325145778672 0.04117942246461859 0.07502903779179626
0 0.19179396171406216 0.7164957579654838 0.053414868781257785 0.0767165788986075
0 0.8319238120211548 0.8731902413992316 0.05537321889839175 0.060257212119969816
0 0.965641836854557 0.8785411606798837 0.03911786231519576 0.054435907858978894
0 0.9213217278634227 0.5615521360422672 0.06103368843191759 0.05376254435123928
0 0.99658203125 0.60498046875 0.0068359375 0.0673828125
0 0.6968830187709487 0.8726368171857622 0.04101791448096914 0.08623106739752373
0 0.7107611383278352 0.6292307941394777 0.06634795204863919 0.05212224993823622
0 0.7618056385256908 0.708246583566723 0.04901658023220623 0.04282609863870035
0 0.6398857376198765 0.9073384965173403 0.04354080863183507 0.05566842265743105