0 0.0771853236027123 0.1201171875 0.04312867472439241 0.048828125
0 0.1257626049003685 0.1728515625 0.0486247820690755 0.05419921875
0 0.10423113738543788 0.2587890625 0.028049188592100815 0.072265625
0 0.03857421875 0.3369140625 0.0517578125 0.025390625
0 0.1982421875 0.315673828125 0.0498046875 0.06787109375
0 0.26806715645353685 0.2265625 0.028321129012977453 0.0419921875
0 0.30619855344251246 0.224609375 0.03463469064624558 0.04052734375
0 0.3116406942213972 0.07470703125 0.03345396870234385 0.052734375
0 0.19273791502554216 0.1064453125 0.034975636813563415 0.05517578125
0 0.37255859375 0.271240234375 0.0341796875 0.06298828125
0 0.5484360037528644 0.12255859375 0.046580738091124174 0.05029296875
0 0.5313546670796871 0.26904296875 0.029775016147222333 0.0625
0 0.5299141861001299 0.18408203125 0.05162265880253902 0.05712890625
0 0.7244214131967662 0.134765625 0.05211094005253902 0.05712890625
0 0.29562969682159257 0.41552734375 0.04139148229702694 0.05810546875
0 0.19180599550154043 0.49169921875 0.04036946030805122 0.05615234375
0 0.17194679723242154 0.421875 0.03894966779053821 0.037109375
0 0.06257098071944407 0.4638671875 0.05228100487970924 0.04345703125
0 0.0798751240161237 0.53857421875 0.013763202234440108 0.02490234375
0 0.386474609375 0.378662109375 0.00634765625 0.03857421875
0 0.34360627291627577 0.41015625 0.027253647535026015 0.0380859375
0 0.3267652315861759 0.46240234375 0.01585270570136721 0.03076171875
0 0.34021994924407506 0.53466796875 0.016250067973415883 0.02685546875
0 0.3562865462356332 0.599609375 0.03106897855707469 0.0341796875
0 0.35873850084489967 0.64111328125 0.02545922248995225 0.02392578125
0 0.38232421875 0.6640625 0.0146484375 0.046875
0 0.28424658565455674 0.673828125 0.015784516467903686 0.02783203125
0 0.25583780371553777 0.5517578125 0.031057613684830843 0.03369140625
0 0.15982619413899687 0.64892578125 0.028991248218880272 0.0498046875
0 0.03305531535138839 0.6201171875 0.024062567973415827 0.02685546875
0 0.051904673016752945 0.6494140625 0.019985844889756965 0.01953125
0 0.01307879405143169 0.744140625 0.025550141467903673 0.02783203125
0 0.24161837356538574 0.68017578125 0.023279208301562493 0.03515625
0 0.37646484375 0.748779296875 0.0263671875 0.04345703125
0 0.400146484375 0.6298828125 0.02099609375 0.0322265625
0 0.5456183319493486 0.6953125 0.043651050591124285 0.05029296875
0 0.5829541878812496 0.7275390625 0.03288613334663637 0.04931640625
0 0.6249816947674476 0.6630859375 0.040880471302539245 0.05712890625
0 0.6974997964957463 0.5263671875 0.04779555465175789 0.03955078125
0 0.7216532834471135 0.49560546875 0.03798447016278206 0.03759765625
0 0.7785443438929687 0.4638671875 0.04646708936868493 0.04541015625
0 0.8587896759247177 0.62451171875 0.03133037061868493 0.04541015625
0 0.8125835703611541 0.6796875 0.029490894341124285 0.05029296875
0 0.7436807227758895 0.59814453125 0.056255444113172626 0.04638671875
0 0.7356628385625215 0.64892578125 0.05128171263522141 0.04248046875
0 0.8807708392515403 0.77099609375 0.042254396074587586 0.05322265625
0 0.8751817716464622 0.88525390625 0.03748523229702694 0.05810546875
0 0.8169050132998259 0.9345703125 0.034975636813563415 0.05517578125
0 0.7429716098753901 0.859375 0.045229543063563415 0.05517578125
0 0.5351898700508024 0.91259765625 0.056630076640733495 0.04150390625
0 0.5660075966490445 0.9521484375 0.03404412554605041 0.0361328125
0 0.4433495768442704 0.8095703125 0.051792723629709214 0.04345703125
0 0.402587890625 0.888427734375 0.02587890625 0.05029296875
0 0.870361328125 0.990966796875 0.04638671875 0.01806640625
0 0.9814453125 0.944580078125 0.037109375 0.06982421875
0 0.973876953125 0.859375 0.05224609375 0.0634765625