0 0.251029712552821 0.10057511520848811 0.053859497352148455 0.050488604871560705
0 0.22901078030086786 0.14366490244712599 0.04970322016278217 0.03958724988107476
0 0.21548746515301637 0.09472818060780355 0.03331718197892797 0.02721193398282007
0 0.16571768878272558 0.04920197198148585 0.02635663914073355 0.042538494938158866
0 0.08216354590203975 0.11128914218128028 0.040812282069075556 0.055810789591170584
0 0.03407495411087229 0.03552928792758406 0.05476787061868493 0.04759870924418219
0 0.02278235366529914 0.3107209535644766 0.04536592153049049 0.06282579051796722
0 0.07355019751061154 0.4183583606223481 0.03552033416829431 0.03803370522806304
0 0.21209869194188335 0.3453159415393573 0.05550577080156249 0.03738459486680368
0 0.1514743041186195 0.24118686575527093 0.049998706841124174 0.05228256238107476
0 0.24012515078949626 0.27510125960013765 0.042515379879709325 0.04514818583641356
0 0.28249278733003447 0.2396830391865512 0.05250789406809897 0.03433553174893922
0 0.4435675506993486 0.31173807347803006 0.043651050591124285 0.05202391520903493
0 0.48090340663124964 0.34551651901026836 0.03288613334663637 0.05060964211019847
0 0.5229309135174476 0.2827147567240603 0.040880471302539245 0.058740477091170584
0 0.3412987955942704 0.4219371149706376 0.051792723629709214 0.04552620862631773
0 0.287109375 0.481201171875 0.052734375 0.01708984375
0 0.6612537435297958 0.18075271989004188 0.035713536996440975 0.04633448647806304
0 0.7072881512402343 0.19777955258956287 0.038609129879709214 0.0449890183459275
0 0.706413056077452 0.23537720883956287 0.043207820573611166 0.03298094645903504
0 0.6548675018416881 0.41313480301742034 0.03918873836414938 0.06989136209592761
0 0.642333984375 0.47998046875 0.03369140625 0.01953125
0 0.7420230844542315 0.25931044562655814 0.04278854507005214 0.07784313365010287
0 0.7078068527985674 0.38547851195267036 0.046296616285026015 0.0399362595768995
0 0.7986965793014971 0.3232014995475371 0.03341987408561198 0.05258266304650938
0 0.8215414729188582 0.43361108823569594 0.03555483704151485 0.060474746791752354
0 0.9599775433971569 0.30240351259377296 0.044616248218880106 0.05157542583165653
0 0.964802306766471 0.3680918472658127 0.02103141313619794 0.06524896245242995
0 0.975830078125 0.460693359375 0.04833984375 0.05810546875
0 0.9422001580311198 0.03726845546454635 0.028627980563563415 0.05628995368340184
0 0.9540987047045788 0.13501340636755801 0.04734218453146699 0.0848581345768995
0 0.8689226511449217 0.0987968778268665 0.05320155953146699 0.08509688581262848
0 0.015869140625 0.9892578125 0.03173828125 0.021484375
0 0.041034680436089266 0.6740751408266261 0.05002102832912325 0.03228292706738545
0 0.02911299576165355 0.5983227421099251 0.0453204620415148 0.06087266551796727
0 0.96533203125 0.736083984375 0.0693359375 0.06884765625
0 0.908628866297938 0.6637465921807334 0.07197136309112417 0.05317787951505837
0 0.8614072045397781 0.970708875403252 0.06573735556356342 0.05780204484301876