0 0.171309757318295 0.30957096438188 0.0720058579876639 0.08394584862105359
0 0.022216796875 0.226806640625 0.04443359375 0.02880859375
0 0.06610298304800455 0.026840761959900372 0.05159043889348314 0.021483919360062664
0 0.130615234375 0.0068359375 0.04638671875 0.013671875
0 0.379150390625 0.016357421875 0.06201171875 0.03271484375
0 0.482177734375 0.025634765625 0.05517578125 0.05126953125
0 0.44896704020427036 0.10812179193621058 0.08134814349074793 0.06455197854504757
0 0.25798747585039083 0.07839650721237432 0.06751916081821108 0.07541755421687396
0 0.18529159156869957 0.07484987885324226 0.04673485055985216 0.049406083840248305
0 0.1687688103913343 0.15118757292150864 0.042159333620150674 0.05351622364752373
0 0.24074432554979097 0.18589888384782338 0.047687535042687745 0.042167182523065616
0 0.3203854989696905 0.2153007951100513 0.057022900760996365 0.050491587119969816
0 0.35180979236098264 0.2596683346167072 0.04005936688159362 0.05825684042616153
0 0.030517578125 0.421142578125 0.06103515625 0.06396484375
0 0.410550611585906 0.33064983796701586 0.08019751508582185 0.04114291768931999
0 0.989501953125 0.079345703125 0.02099609375 0.05126953125
0 0.97900390625 0.135498046875 0.0419921875 0.03857421875
0 0.981689453125 0.390380859375 0.03662109375 0.05419921875
0 0.8123210616875945 0.32714245102476225 0.07550595420950312 0.02968493578514031
0 0.686607384862769 0.32376600189132754 0.06897731226980186 0.033681319015326006
0 0.5787862758693836 0.4122293142942701 0.06252030438159362 0.059565041062694224
0 0.028861515824463058 0.9156814492657857 0.0446484959044795 0.06824997858034121
0 0.07287732494412513 0.5435354509277049 0.041022317298409106 0.04421044075325131
0 0.103271484375 0.4736328125 0.04248046875 0.02734375
0 0.1201171875 0.486572265625 0.0234375 0.05322265625
0 0.18151477010213518 0.5338039921492204 0.04015153280104655 0.06652918253188905
0 0.23218666846392694 0.5045928902219751 0.044112458620150674 0.05362998022461357
0 0.33534389572009493 0.5384606584148528 0.03749499691020075 0.07026479766625432
0 0.330638950246958 0.633561745587763 0.04350455979796264 0.0866624703589789
0 0.3738500540541727 0.6067303558246046 0.031963449338459515 0.0607030624735298
0 0.45763603015934984 0.49340713056810187 0.03157759994189213 0.062139467079257354
0 0.4585139619278539 0.6129839743269253 0.04519145297358351 0.05515170226315852
0 0.4518355870731233 0.7641236486727456 0.045201718907563526 0.04834420390743088
0 0.4772297857086941 0.8112738641606709 0.04155835458273782 0.058830439108978894
0 0.37207213239092973 0.9311910663708891 0.03542917412278812 0.07549369569489217
0 0.3056007131514795 0.8455847488674846 0.05007761162278812 0.07634687002306562
0 0.22777608892700274 0.8180222060281668 0.04107341948194243 0.079712776281889
0 0.1791084177487443 0.8116172158496845 0.04964757982746293 0.014562664427245187
0 0.1705617090559589 0.7878003753794061 0.048664097542687745 0.042224060811610564
0 0.12345796733192882 0.800756000335289 0.047581529553684 0.08933138976315846
0 0.20263671875 0.980224609375 0.04296875 0.03955078125
0 0.2408030299771982 0.9446721320359064 0.03819840780104655 0.0664154259547991
0 0.486083984375 0.991943359375 0.03857421875 0.01611328125
0 0.6058452434080521 0.52169718136408 0.02335202637895617 0.03491428945371544
0 0.6386078431923808 0.5052001994863706 0.02536317334726479 0.04281210688653281
0 0.6097381088112338 0.6051127734786309 0.033527378792687745 0.04134244733916459
0 0.5443186872452137 0.6157311171668671 0.026213425976667537 0.034108361819350175
0 0.6155327695445161 0.6543771172374543 0.023225716508358918 0.02615366609798797
0 0.6658016327909855 0.5892038376758437 0.031902081220946066 0.03200822530061964
0 0.66647492833899 0.7812501962419427 0.044426673965224595 0.030306236801703523
0 0.7498790836559033 0.8541992719843563 0.03935260984154354 0.041195435820434056
0 0.5588002061114292 0.7354882273860619 0.036125892715224595 0.02982277134907174
0 0.5563791042430228 0.6797055925116038 0.05160405097666754 0.035587197321517716
0 0.521484375 0.76708984375 0.0234375 0.03515625
0 0.5433736050062521 0.8448299724444212 0.032018125157563526 0.04757634701207469
0 0.6636536825317334 0.5295149528013856 0.019295588491194504 0.018630373338080708
0 0.6901166095867571 0.5683359478950385 0.020716022356070285 0.025034907876625656
0 0.7433426119859616 0.5443253048521585 0.0429651763644292 0.05113169568606868
0 0.7847338204485489 0.5365653229832724 0.030539669324378904 0.033387751617802275
0 0.8091525940159507 0.93147155329612 0.029778236465224595 0.029453062473529856
0 0.6310111552923252 0.7181525185722838 0.030266517715224706 0.029481501617802275
0 0.512939453125 0.63134765625 0.00634765625 0.01953125