0 0.226318359375 0.008056640625 0.04638671875 0.01611328125
0 0.21973758542519584 0.19597708494255162 0.03488471783561198 0.0534285746643135
0 0.1973432041327044 0.11623659778169898 0.038643224496440975 0.04733124228843677
0 0.4611421340098312 0.209847751199703 0.0500214365856122 0.05439857967654138
0 0.48981761534481405 0.3703613115021671 0.05518877914819886 0.08788331903493019
0 0.29276628989149367 0.3081704739583322 0.043185907342100815 0.07492531616256004
0 0.3943186497887159 0.36425592468392254 0.0353506775976129 0.0734481059143135
0 0.513916015625 0.21630859375 0.01123046875 0.07421875
0 0.03281923519207958 0.33803189582179716 0.06369331158561203 0.05527471323597277
0 0.1446887914949006 0.144061323066629 0.04184526067380645 0.03827293192829462
0 0.60009765625 0.01025390625 0.0263671875 0.0205078125
0 0.8842055465175784 0.1851419532749612 0.03883601906809897 0.03466722027270219
0 0.8966061888522139 0.21368785665259127 0.039959916650781135 0.02011265422549846
0 0.921875 0.01611328125 0.04296875 0.0322265625
0 0.8267218796890845 0.047501915778422 0.03723520510766054 0.0496787770856405
0 0.7667911573291887 0.20391342873292567 0.04437758590175789 0.04233563434962173
0 0.7346904249368493 0.2534044629129738 0.04258356911317285 0.04904640991256004
0 0.6667759129803172 0.36093763639719323 0.030910278602148455 0.05024856329019012
0 0.6427782681884552 0.1702947245178097 0.04265175834663637 0.05197609741256004
0 0.5807913204653867 0.2803820996908442 0.03281753585668401 0.02745579696151723
0 0.598775314814258 0.12861469338316606 0.0444908263677084 0.026253643583887154
0 0.680908203125 0.483154296875 0.03173828125 0.01318359375
0 0.9341027860214848 0.2699661108169507 0.03305619817380645 0.03770970321151723
0 0.525390625 0.419677734375 0.01171875 0.03857421875
0 0.2780342157208988 0.7893081209567627 0.061831105563563415 0.05905580129891119
0 0.12697061371957497 0.6439726909549173 0.05990071030805133 0.0599072018618495
0 0.06489111399260006 0.6660442791908902 0.0557107467584419 0.06841465000346081
0 0.043400273198220984 0.9192613900597533 0.056176298263954094 0.06746937798772623
0 0.10139168496929307 0.8896276256979037 0.05035060962419724 0.047593932660806804
0 0.36315222014987014 0.6855625930232537 0.059877980563563415 0.05893063936184961
0 0.39526268438849854 0.5524503031561441 0.037326532342100815 0.07454983035137513
0 0.7717738041404516 0.6931303993516968 0.06803101847439241 0.053114921344361576
0 0.7088638522266929 0.6375026878691389 0.040675903602148455 0.05087437297549846
0 0.8408605309640628 0.7199997315545391 0.04248128526297745 0.04465187866256004
0 0.8305400685065542 0.8018366811611743 0.06808784283561198 0.055556327594361576
0 0.7727081732033858 0.8593337672572894 0.05576716286317285 0.04989125298772623
0 0.688472954501042 0.8119187745824095 0.08941351788068586 0.07106197466777431
0 0.6067233767682076 0.7032183017834064 0.055290246485416694 0.05034824375346081
0 0.547119140625 0.635009765625 0.05517578125 0.04541015625
0 0.986572265625 0.848388671875 0.02685546875 0.05029296875
0 0.9017633913120231 0.9205028883640166 0.08447388101946629 0.06830766357512008
0 0.97021484375 0.97705078125 0.0595703125 0.0458984375
0 0.7138327509362201 0.9770458995247313 0.07412864753502602 0.04277951013981207
0 0.6369331158561202 0.9296498308358704 0.056948293063563415 0.05874289645625708
0 0.5893766317779735 0.9243842265596154 0.047966027735416694 0.04987888648947969
0 0.7589291152753257 0.6034867587555359 0.05569938188619794 0.06792636875346081
0 0.8538147859867407 0.6042523423080459 0.05560805465175789 0.04305531548772623
0 0.959853004368403 0.6849898129095129 0.07259643106453995 0.08168555771848485