0 0.34971404207968715 0.43410431686260087 0.03731516746985686 0.07426985218353321
0 0.3931373869694441 0.4175777345632986 0.044945829513954205 0.06700365540184205
0 0.16544248230993902 0.24026068922090404 0.06103638101946618 0.06715384328960372
0 0.18078662655575073 0.08531842529836708 0.07448095857458781 0.058344248921643804
0 0.11161136398368005 0.5778714703133406 0.0465811463476129 0.0744303060052749
0 0.39525649423172693 0.6417227063304629 0.0408122820690755 0.056964878792687745
0 0.5580121002331162 0.1367412630989671 0.0553474791031251 0.07406833462587215
0 0.6413129498725259 0.25603184850036254 0.04955588508009989 0.055626344913285
0 0.7970637120067707 0.2463818124642474 0.038666362497417506 0.06948947153696627
0 0.8463086629713972 0.4210019406389753 0.0398357195690755 0.05689659089039911
0 0.8097529006594397 0.5627231207111634 0.051134377552539245 0.060611589266717836
0 0.837646484375 0.6552734375 0.04638671875 0.048828125
0 0.28149669482801587 0.8031940671654337 0.04095961715175789 0.04235058524383195
0 0.01513671875 0.9580078125 0.0302734375 0.0458984375
0 0.100830078125 0.692626953125 0.03857421875 0.02587890625
0 0.11582242425182232 0.7559064485752301 0.02838931824644103 0.04683393626408039
0 0.6784641100531029 0.7436478601689643 0.03595260757005214 0.07856195158010038
0 0.5102100134775387 0.8072000853287608 0.06720260757005214 0.08074716445333507
0 0.7800140204113928 0.81432879636041 0.07037014087419702 0.049282034812489606
0 0.8406980903912974 0.7706427959000136 0.06857612408561198 0.05598139650791234
0 0.7451516240637799 0.883296070182598 0.07685417559112417 0.055585281177365164
0 0.90234375 0.98486328125 0.0693359375 0.0302734375
0 0.5601027621600689 0.9539881822534886 0.07682048923088114 0.07508238722622096