0 0.15011169103790145 0.24935994669317874 0.10316703821741546 0.09333590346805143
0 0.7479018531523727 0.5263034782967625 0.037921910042687745 0.03975531432929147
0 0.8063965174481443 0.507104594550611 0.03058742535870773 0.046545800033893414
0 0.8973261815863526 0.5340115221209634 0.03903504834726479 0.04171412080371617
0 0.9077222185075078 0.14084569006853004 0.04705241205413069 0.044689260099114225
0 0.986083984375 0.01806640625 0.02783203125 0.0361328125
0 0.628911188553768 0.43963874957039306 0.06307352738467764 0.03648506391433526
0 0.502685546875 0.76025390625 0.03369140625 0.05078125
0 0.3079523896857662 0.828180276209153 0.03523123020069774 0.04315623865601714
0 0.3748230429186018 0.8358965166944616 0.03988530097666754 0.03293358051535333
0 0.993896484375 0.75146484375 0.01220703125 0.0341796875
0 0.8883322553794868 0.8164590110224701 0.048722119510996365 0.0476274698107515
0 0.832494354460927 0.9094338153140197 0.042589592901842055 0.04368713096420285