0 0.17529296875 0.00390625 0.0283203125 0.0078125
0 0.13819167003996974 0.020268213922571665 0.024175774586249865 0.021623571123406626
0 0.1680279612905663 0.024489460202616442 0.0333906200021874 0.016306451380441844
0 0.2236238437897709 0.01830624116040508 0.02122336041931805 0.01965340170013241
0 0.2516888233758219 0.03816385038929937 0.01781107333605103 0.020121797789645735
0 0.2888947867102821 0.0462487356111585 0.0319769112527839 0.020692460418804792
0 0.300048828125 0.011474609375 0.02685546875 0.02294921875
0 0.4100169450439468 0.04798563903248809 0.018759227502386233 0.017686073014070436
0 0.32761173130667354 0.14222140509580516 0.025197790420113497 0.02553550259783144
0 0.44179000047241224 0.1347207350881081 0.02862712250357946 0.026531950258318115
0 0.4754242479660489 0.08764688348324146 0.021211997085852197 0.01867683920013241
0 0.48321436338815094 0.12764333492505575 0.02518074541991444 0.02407065884783144
0 0.41822148004852044 0.08163159348709004 0.04035155417031233 0.027088409201415198
0 0.2444412030056209 0.3805143435951841 0.01683451083605103 0.02011611631522081
0 0.2116130680099957 0.41293407622562595 0.04914061667031233 0.027139542471238176
0 0.051067727959884374 0.04470248713358782 0.0344467258364487 0.023148070354866546
0 0.3519235238054804 0.13329030573518613 0.021705960002585067 0.019167961187344762
0 0.336599310053293 0.11726508733876995 0.025788341671306503 0.03432740583504379
0 0.8121391100413617 0.2763257894263794 0.0943920283408235 0.0557212027947771
0 0.7456292216840333 0.09994295423841365 0.06695737167309623 0.047749621510883744
0 0.8589669462623291 0.06217168746792898 0.07088066667329518 0.0492371911585828
0 0.6304854112627267 0.06643083998332307 0.042571717506761086 0.05004899090026474
0 0.5680954154648558 0.32804196751978204 0.049799347922300896 0.041790820708450416
0 0.7219217383931222 0.41260203552230695 0.04366759500815309 0.060308578624689524
0 0.9178241054662477 0.3362619059257176 0.04449643417309623 0.047618947599114225
0 0.737060546875 0.017578125 0.04052734375 0.03515625
0 0.06045199711070898 0.5266272331214212 0.048856875422698565 0.044714826734025714
0 0.021728515625 0.655517578125 0.04345703125 0.10693359375
0 0.17798676295948668 0.6397206689148747 0.05420592668383439 0.1267716433689371
0 0.15832949002426022 0.5031070261917328 0.047624980008749596 0.06472583577238855
0 0.29443359375 0.485595703125 0.0390625 0.03173828125
0 0.2458521750427537 0.6388375251923537 0.04686432084460179 0.08327484179796385
0 0.2983151983957073 0.7830733385222661 0.04080608750894843 0.0661509092014152
0 0.27633788674607596 0.9086979751584604 0.07275459042806753 0.08440196337021999
0 0.33642578125 0.98388671875 0.0478515625 0.0322265625
0 0.4555594900739739 0.8676135213643044 0.06004825668363556 0.12534088846548563
0 0.7527502687877823 0.5638445561354917 0.04640410583923271 0.04372406054796374
0 0.6435546875 0.483642578125 0.056640625 0.02783203125
0 0.9293290046645986 0.883151435162309 0.04794849292349401 0.0505685202596009
0 0.935546875 0.974365234375 0.0458984375 0.05126953125
0 0.5520961096385486 0.6934385900914172 0.05621518417309629 0.04768712529221131
0 0.979736328125 0.774169921875 0.04052734375 0.04736328125