0 0.015869140625 0.01513671875 0.03173828125 0.0302734375
0 0.017822265625 0.203125 0.03564453125 0.0302734375
0 0.01806640625 0.322021484375 0.0361328125 0.04833984375
0 0.06768818995632164 0.1591796875 0.032693566520974215 0.05126953125
0 0.057610844519263904 0.21484375 0.03273785088286285 0.04541015625
0 0.17174481845864786 0.10693359375 0.046350295643936334 0.03173828125
0 0.24819869877624234 0.05810546875 0.032930134207455275 0.04150390625
0 0.4095686555973357 0.03564453125 0.03747266442015906 0.04345703125
0 0.453857421875 0.0087890625 0.04150390625 0.017578125
0 0.4003927199097014 0.15673828125 0.042089194114214745 0.04638671875
0 0.473278902610755 0.20654296875 0.04106834725232611 0.05224609375
0 0.49871936669001926 0.3154296875 0.05073811890733615 0.0703125
0 0.1754526537820673 0.0322265625 0.04714972069638179 0.05517578125
0 0.080322265625 0.008544921875 0.04052734375 0.01708984375
0 0.2768911035927031 0.349609375 0.027070759207455275 0.04150390625
0 0.24824392477860757 0.4248046875 0.0355638237820477 0.03759765625
0 0.2118751212267389 0.3828125 0.030762295384612504 0.0322265625
0 0.17782771017779253 0.4326171875 0.043184040457455275 0.04150390625
0 0.6474776016521269 0.10498046875 0.03654767090326061 0.03125
0 0.9617154361946715 0.146484375 0.04614344307691853 0.04833984375
0 0.837706567937097 0.1591796875 0.038826508948131444 0.0419921875
0 0.6194958415355859 0.20361328125 0.046254442298946374 0.0498046875
0 0.3058942872057451 0.69921875 0.03412869515151096 0.04443359375
0 0.14493190416669932 0.68408203125 0.03432097847610338 0.04052734375
0 0.11298619371506913 0.69970703125 0.04176348106934391 0.03564453125
0 0.06092012058568558 0.56201171875 0.03470554512528834 0.03271484375
0 0.09497250971739524 0.6474609375 0.0399583550320477 0.03759765625
0 0.046128662205745075 0.69921875 0.050737542272723646 0.0380859375
0 0.0283203125 0.508056640625 0.0458984375 0.01611328125
0 0.21469229122962197 0.5302734375 0.03994378578962232 0.05029296875
0 0.19098735515445298 0.591796875 0.035734253243002057 0.052734375
0 0.3070211552068983 0.568359375 0.05612378189976153 0.0576171875
0 0.02392578125 0.9150390625 0.0478515625 0.0546875
0 0.1098310479633392 0.89599609375 0.049805840769224785 0.064453125
0 0.19056059905308076 0.87451171875 0.055753784493002057 0.052734375
0 0.3269772197756853 0.8076171875 0.04569216156759448 0.048828125
0 0.35281739638117215 0.90478515625 0.06364756859556664 0.04736328125
0 0.21167382337709661 0.94384765625 0.04996840897435395 0.0537109375
0 0.48194470318475124 0.541015625 0.04614344307691853 0.04833984375
0 0.33930541804198766 0.6513671875 0.03638510269813122 0.0419921875
0 0.4020178253263811 0.77099609375 0.04632844178029827 0.05078125
0 0.4329191051486474 0.8271484375 0.05398508156176929 0.02294921875
0 0.57958984375 0.52099609375 0.0478515625 0.0419921875
0 0.760498046875 0.51953125 0.06494140625 0.0390625
0 0.5909914719726829 0.79296875 0.04173376594988076 0.02880859375
0 0.6332476357401777 0.9248046875 0.044900597770974215 0.05126953125
0 0.881704391060675 0.75830078125 0.06719896706584494 0.06201171875