0 0.0361328125 0.047607421875 0.072265625 0.09521484375
0 0.9500435279614132 0.46658734379156686 0.022590415720431745 0.020142173932742313
0 0.7884424841153753 0.435560260870433 0.03230619801230039 0.02578321081581425
0 0.995361328125 0.3818359375 0.00927734375 0.0224609375
0 0.9851508217017149 0.2071409774598143 0.024692988258604442 0.02799729653270111
0 0.8130562397927852 0.3173782335380617 0.025251000948255442 0.03483323403270111
0 0.4676222976511826 0.7765650957958967 0.06089545161203436 0.059739335081752554
0 0.62109375 0.55810546875 0.017578125 0.056640625
0 0.5959613561648729 0.5320258382000616 0.03726856543837975 0.07463975088245361
0 0.617919921875 0.8271484375 0.02392578125 0.0673828125
0 0.607421875 0.904052734375 0.044921875 0.03955078125
0 0.54345703125 0.9853515625 0.0537109375 0.029296875
0 0.12246760361306908 0.6794204925030928 0.04801075293837964 0.07495231661548463