0 0.026697155911823145 0.3460414829251532 0.04489005646477062 0.03949498200272824
0 0.11550278260778157 0.2915337856159724 0.03005833828009008 0.05858544493433163
0 0.25254589410982775 0.2430081001225605 0.03262561694356325 0.07434692352621457
0 0.62060546875 0.025716145833333332 0.0478515625 0.051432291666666664
0 0.02873810599081561 0.2567464156479076 0.0477153087544413 0.04943120524258197
0 0.12304277511666428 0.19935882613307157 0.036917789249651056 0.07204983369128441
0 0.7369125890441595 0.3075958347445178 0.05315486664670699 0.10110233444504368
0 0.73046875 0.5751953125 0.0537109375 0.068359375
0 0.857666015625 0.591796875 0.04736328125 0.03515625
0 0.8815068015756452 0.5403146125406604 0.059585520903892464 0.06649199881257555
0 0.983154296875 0.5598958333333334 0.03369140625 0.09895833333333333
0 0.11383181924251295 0.679846055234334 0.04817592400204618 0.06114995524258197
0 0.5368895013577816 0.8660872258006056 0.05955993116791447 0.06584095714590872
0 0.44162970693507675 0.8979477117235587 0.04588805616791447 0.06488560700272838
0 0.642822265625 0.904296875 0.01416015625 0.07682291666666667
0 0.3359375 0.9723307291666666 0.0595703125 0.055338541666666664
0 0.659423828125 0.9781901041666666 0.01904296875 0.043619791666666664
0 0.859375 0.9694010416666666 0.0390625 0.061197916666666664
0 0.6752432436549867 0.8739486568093188 0.03856383741791447 0.06437381228316734
0 0.721129223556484 0.8027324358307429 0.029416518614221898 0.05464507528636098
0 0.7767504116501963 0.8575398042912892 0.05534452806976087 0.07009117198083874
0 0.754451317631733 0.9016796957431851 0.0385659136843316 0.05203814026447162
0 0.658447265625 0.7037760416666666 0.01708984375 0.03125