0 0.021285991210423905 0.35762311489396303 0.03604566195998038 0.04668756678248531
0 0.05877921225009461 0.35224371607829463 0.05045548677050954 0.08006774366791447
0 0.023100111659475314 0.4257756957397216 0.043905188899102277 0.0665770730861781
0 0.179443359375 0.019287109375 0.03662109375 0.03857421875
0 0.1593941648304355 0.1420828877622774 0.02676831820998038 0.04620136179890233
0 0.12421855389370873 0.1686375084797921 0.04154262812345355 0.05866221414226569
0 0.17821928355513567 0.20329301963128943 0.06074328782215599 0.04408639331736586
0 0.20400413592689182 0.24381413458203816 0.028439956114221898 0.040932626992814525
0 0.2427913776303846 0.27914120766821604 0.03239115678692661 0.06986916942270494
0 0.3075245879986989 0.1557215424996038 0.04049137268193648 0.047894436906287696
0 0.33534348711122347 0.2134860396162208 0.05526568259540965 0.06035528924965128
0 0.34228515625 0.026611328125 0.037109375 0.05322265625
0 0.441650390625 0.015380859375 0.04638671875 0.03076171875
0 0.543701171875 0.03515625 0.04931640625 0.0703125
0 0.5332474537832305 0.09019084513363729 0.025915551857036423 0.06709509660499013
0 0.4897496243933598 0.1354045885614813 0.026892114357036423 0.06714627607694634
0 0.5532241106269427 0.12942832075264943 0.02994975053692661 0.06974122074281452
0 0.60400390625 0.1298828125 0.03125 0.052734375
0 0.43200033568063545 0.11622053899411561 0.07841131416756575 0.1024712728967071
0 0.42051329503188206 0.23263827064835718 0.07535160172125832 0.10912808224486081
0 0.5268576503154141 0.36159637465928607 0.05241068803692661 0.07091834859780466
0 0.40847573779011426 0.4156157907184669 0.059451343424751 0.07518285490149745
0 0.4474144416430582 0.4387102428186668 0.03352333396921203 0.06359828238063892
0 0.34257297744400683 0.36515822768154027 0.043050346279741136 0.0967225619062877
0 0.22509765625 0.46728515625 0.060546875 0.044921875
0 0.6431895805075817 0.21632509858233978 0.04241475541312423 0.0660120226282438
0 0.8284930157463037 0.2867496116698661 0.04488590393193648 0.04812474453009008
0 0.8530107862681617 0.06182900730529539 0.05919959859780466 0.05179653437345344
0 0.8410043730226504 0.38435052966507577 0.06431064245519003 0.06569871699725605
0 0.449462890625 0.50634765625 0.04052734375 0.033203125
0 0.4641397476406157 0.566594979645962 0.024787527207585258 0.05486247561901214
0 0.5880096467247475 0.576024460084386 0.04398611063987046 0.04953840880813409
0 0.5269129823202043 0.8729610208884275 0.038695938630638915 0.03221825743433149
0 0.30954690432943605 0.8444325651562404 0.02938470007899252 0.06825078725683653
0 0.6925578407685107 0.6214402232441629 0.01528402836661702 0.03147823135738537
0 0.7703093760609254 0.6793734671805408 0.018597561906287696 0.03895598852325355
0 0.9732026667096787 0.5729869120296939 0.023940989653892575 0.04800094838303415
0 0.9888200888324817 0.7701439492865304 0.018499355495209757 0.018499355495209757
0 0.9745319839025914 0.771843253193167 0.02178729929890233 0.02548883141107794
0 0.9175254720722033 0.6263755642940647 0.03380897359780477 0.05046586810259501
0 0.7117135497945083 0.6669997653771971 0.02852087785499019 0.023893962714770733
0 0.62744140625 0.693359375 0.015625 0.033203125
0 0.7227068075824817 0.7561975431784945 0.02029271328009008 0.04342728898118775
0 0.691166340882082 0.8348426429637239 0.03555322817714612 0.06516548507455111
0 0.7698480862743478 0.8002860127622774 0.02381719350683653 0.027056034104990134