0 0.20711676075393062 0.19682484961806657 0.07349638906088124 0.06917753500954504
0 0.08273341669434436 0.3184910796019593 0.04391591139336648 0.07322548458883493
0 0.028564453125 0.296142578125 0.05712890625 0.07080078125
0 0.0419921875 0.535400390625 0.083984375 0.04833984375
0 0.5176675298568618 0.3821969613054804 0.03699835724236711 0.039959861254772466
0 0.575706118695685 0.36333046631323573 0.02950424614845515 0.0467048920870452
0 0.6672514847007736 0.3907771704924965 0.03806588800124944 0.04192434958823843
0 0.668212890625 0.009765625 0.04638671875 0.01953125
0 0.8870462733949354 0.39186907677232474 0.03114032852535198 0.06087641167051139
0 0.39667013324768396 0.2948049546218448 0.06222978778932298 0.036837339174885964
0 0.10575086163850611 0.6450964717188328 0.04956791524491133 0.026929672506562197
0 0.15105127404084617 0.7633631463090598 0.039054494675102136 0.0526722187549713
0 0.71630859375 0.980224609375 0.0439453125 0.03955078125
0 0.8947505205762842 0.6656919038430639 0.0412457382131759 0.0473295333386361
0 0.8742278989634497 0.8965353017584048 0.028335049239822663 0.05303550333684637
0 0.7052973232032723 0.8418066617351389 0.036045883090072506 0.06142150958784076
0 0.5231096147400053 0.6941000442094867 0.03816755415099937 0.0336292500049713
0 0.4481952123415502 0.739640194616277 0.038009705980940334 0.05119601167150545
0 0.5086925643631541 0.8043436550415606 0.050955181192866794 0.0567148287565622
0 0.5305581693314642 0.8803226954616741 0.038497987230940334 0.05120169333823843
0 0.471270113215994 0.9050372021204529 0.04968297185149917 0.05035580917309623
0 0.4577388018262842 0.6606068121170723 0.05637175907230796 0.05775388959062466
0 0.5474755005445943 0.737375604213066 0.05641589691876403 0.037745721674090627
0 0.3455758071005238 0.9289790021035502 0.05862053091367547 0.06412427250755659