0 0.23934241489488528 0.36264842842814415 0.07990703449442793 0.04960807151449487
0 0.7920185446865283 0.10271378084639154 0.0405837663986075 0.052363511315608235
0 0.933349609375 0.01318359375 0.03662109375 0.0263671875
0 0.9081310842814181 0.22656068116653583 0.04523906574442793 0.048599336648804115
0 0.7965759017671759 0.2839139723134843 0.04699311673452078 0.04523819803208251
0 0.9055942733639268 0.16131569159969045 0.038341434158514875 0.05571044239901035
0 0.22256540173188222 0.7254249001638554 0.0392326792256974 0.05427401371564944
0 0.21278188046222113 0.8431859266137729 0.054872126617802275 0.02986893363183496
0 0.30283114658730337 0.5022728543157523 0.04476523188653281 0.023725407965443313
0 0.39208984375 0.520263671875 0.015625 0.02978515625
0 0.290671817671049 0.5352860562654637 0.053634796021981845 0.033732561031876274
0 0.379638671875 0.74462890625 0.04052734375 0.0517578125
0 0.175048828125 0.989990234375 0.03271484375 0.02001953125
0 0.09735233596980752 0.7578279998437112 0.04774698187770943 0.0330737893820412
0 0.023681640625 0.771728515625 0.04736328125 0.02490234375
0 0.3286978836448853 0.7276987516501853 0.052245638110062664 0.05172792961527839
0 0.5322065842725947 0.47485677433876283 0.013140707213622649 0.024755043299670154
0 0.63037109375 0.409912109375 0.021484375 0.02001953125
0 0.8180024871987562 0.43046938498008225 0.03036311509024836 0.04426686064921648
0 0.8401721355009193 0.7193718448145152 0.03542619405061964 0.030765476049051443
0 0.6610346108368325 0.7318960207594843 0.029713830569350175 0.024749818182536076
0 0.5467946946064935 0.6177437077727421 0.025921337146440016 0.026589282915979506
0 0.4628850941646996 0.5017339652201855 0.019862888136532808 0.023000823766144318
0 0.48685512887088905 0.6760324066378144 0.019147093732353182 0.01908036623282472
0 0.4452601781108287 0.570002869903134 0.021702256559443023 0.021104528899422714
0 0.9271483477267698 0.7743606386503914 0.048543277917338035 0.04674566438204142