0 0.1432223764907059 0.32666015625 0.0656240577865197 0.07958984375
0 0.01806640625 0.274169921875 0.0361328125 0.05224609375
0 0.35017887377637447 0.2138671875 0.06153012979840922 0.0419921875
0 0.2867902211011579 0.48046875 0.030280129798409217 0.0419921875
0 0.11422230363065844 0.40771484375 0.06539196991328478 0.04833984375
0 0.069580078125 0.604736328125 0.07080078125 0.02978515625
0 0.7706570904422967 0.2646484375 0.025759288677811742 0.033203125
0 0.6864919572389616 0.19921875 0.020432604812936073 0.02685546875
0 0.7155531707301561 0.216796875 0.015198086867513227 0.02880859375
0 0.5689732836614986 0.1875 0.027166110459503123 0.025390625
0 0.50244140625 0.24267578125 0.0048828125 0.0283203125
0 0.5255024128419479 0.2431640625 0.02068187840492608 0.0234375
0 0.5390785482869241 0.28369140625 0.029289955215224595 0.02783203125
0 0.6079125924537396 0.26953125 0.02626810179577166 0.01953125
0 0.7761995864071168 0.0576171875 0.020613590502637447 0.0224609375
0 0.888569215660201 0.03759765625 0.027927543318657655 0.029296875
0 0.926025390625 0.009765625 0.02587890625 0.01953125
0 0.9508643519533352 0.03466796875 0.022986708850348814 0.021484375
0 0.50537109375 0.519287109375 0.0107421875 0.02001953125
0 0.7833894380699132 0.42578125 0.024075969137761666 0.01611328125
0 0.5884491753832959 0.41015625 0.024769114094627342 0.01904296875
0 0.5259998225940967 0.58544921875 0.022942298965224595 0.02783203125
0 0.6826492840738483 0.59814453125 0.025759288677811853 0.033203125
0 0.62744140625 0.008544921875 0.0341796875 0.01708984375
0 0.5401276547838821 0.0263671875 0.02637053364920461 0.02099609375
0 0.7615437741496092 0.22509765625 0.02399741530149324 0.02197265625
0 0.6558971571227461 0.3203125 0.025906130416369022 0.0283203125
0 0.50927734375 0.361572265625 0.0185546875 0.02001953125
0 0.50927734375 0.095458984375 0.0185546875 0.02392578125
0 0.50244140625 0.130126953125 0.0048828125 0.02685546875
0 0.6855383628106612 0.48583984375 0.02144331126408039 0.02734375
0 0.8092728279009489 0.09765625 0.024031559252637447 0.0224609375
0 0.2127698699959808 0.92236328125 0.02653098747094612 0.0302734375
0 0.28404197426359173 0.88720703125 0.026589009439254796 0.0380859375
0 0.31923594185030685 0.8388671875 0.023850573562936073 0.02685546875
0 0.15501276054219904 0.8994140625 0.02694071488467764 0.0361328125
0 0.11198956220946116 0.8427734375 0.02962112879268769 0.03955078125
0 0.0873059217358776 0.7900390625 0.02728550054532511 0.06201171875
0 0.17057661991105202 0.80078125 0.015484850559852048 0.046875
0 0.238037109375 0.987548828125 0.02001953125 0.02490234375
0 0.07992657219404106 0.94287109375 0.025851454597264845 0.04150390625
0 0.3912518382855844 0.98193359375 0.021648174970946066 0.0302734375
0 0.3938983357288164 0.9150390625 0.02633973584726479 0.04150390625
0 0.39445847851667576 0.8671875 0.028757264080100486 0.0341796875
0 0.18017578125 0.644287109375 0.0380859375 0.04931640625
0 0.17905861433711961 0.7265625 0.018107242499553422 0.04248046875
0 0.1411944987763744 0.7646484375 0.025451993117513227 0.02880859375
0 0.14090370647573236 0.93505859375 0.030894720919006358 0.05078125
0 0.0500430126989114 0.7529296875 0.04500712113467761 0.0361328125
0 0.35580281475393516 0.71240234375 0.024591474554130577 0.04443359375
0 0.39353370065930776 0.693359375 0.028180163059852048 0.046875
0 0.37355165950965663 0.71484375 0.027268542312936073 0.02685546875
0 0.4271976552565726 0.73486328125 0.01841119191064755 0.02587890625
0 0.43950354472443465 0.78515625 0.026404677600348814 0.021484375
0 0.49267578125 0.9765625 0.0146484375 0.046875
0 0.492919921875 0.862548828125 0.01416015625 0.03759765625
0 0.33126533355981 0.8642578125 0.022409607830100486 0.0341796875
0 0.3285574679990648 0.90234375 0.026032440286966274 0.037109375
0 0.30303429580279084 0.7119140625 0.021706196939254796 0.0380859375
0 0.22156273361791778 0.8037109375 0.02352274613467764 0.0361328125
0 0.460594923056726 0.88427734375 0.023546624151842055 0.04345703125
0 0.509521484375 0.845458984375 0.01904296875 0.06298828125
0 0.6857222396768347 0.71142578125 0.04411580476935528 0.072265625
0 0.7344479328234017 0.7099609375 0.03825642976935528 0.072265625
0 0.826171875 0.63671875 0.0556640625 0.0341796875
0 0.8184421187846492 0.8427734375 0.05631591623457988 0.10009765625
0 0.9174502872608703 0.91796875 0.03429907758582207 0.03662109375
0 0.9209671142287323 0.96826171875 0.039615495516717836 0.0498046875