0 0.30289346371470227 0.13175217537066888 0.03977562365033238 0.03692957032575291
0 0.24319724080034288 0.18281658795234326 0.031287099494739845 0.03263682743424271
0 0.14311626310446826 0.33037365079003395 0.024932885756967615 0.05247809596134149
0 0.28792406692968037 0.24794141516145896 0.03160000433739396 0.03914724410090938
0 0.9258363461955529 0.38014416698209846 0.04107090000346081 0.07401621044978161
0 0.8793231473618036 0.04366310429231224 0.026610205409053345 0.07724041417064591
0 0.98095703125 0.07975260416666667 0.0380859375 0.048828125
0 0.7706088111099583 0.24577952761067356 0.027749777818152577 0.060404270341197254
0 0.27392578125 0.9755859375 0.076171875 0.048828125
0 0.18387069468669393 0.9457175239052539 0.0514754496643135 0.047218097473090026
0 0.2937988023371182 0.7892194870055015 0.04210423446151723 0.044833009829637525
0 0.3454117804367399 0.8448887077417159 0.033314423484219535 0.0950913576823001
0 0.3647320514892498 0.7174044108578806 0.03571873023947969 0.06402323669006964
0 0.10129457028654554 0.5410982395722039 0.03941250433739385 0.03951100211644828
0 0.330078125 0.4661458333333333 0.0517578125 0.032552083333333336
0 0.4169921875 0.4684244791666667 0.0498046875 0.037109375
0 0.5043120990102445 0.67893299003554 0.033195819034930185 0.07235036910090924
0 0.4874521581937534 0.7965152526635482 0.03597561160137497 0.049094748108678754
0 0.44420610589124354 0.9251135584699717 0.05669590000346081 0.07474372648085985
0 0.09544606483019652 0.653600308386208 0.03034107900170746 0.08390997496911101
0 0.11859314755214223 0.8195621938977679 0.04486435456464577 0.08198785458157998
0 0.8849327681570701 0.9374399823158098 0.03830422241256004 0.05699818761256351