0 0.0732421875 0.0185546875 0.0478515625 0.037109375
0 0.474853515625 0.03759765625 0.02978515625 0.0478515625
0 0.41774417435801037 0.18904684202091615 0.04414739270468049 0.040309326552056435
0 0.3853677785074425 0.2358305605682215 0.04231358943758812 0.04711117212836835
0 0.31685362748198065 0.3376305950654561 0.0306289313612762 0.048859745586240955
0 0.293972845979642 0.14539514457857694 0.04236472732312002 0.05004085962836835
0 0.23136920783971193 0.2502271423468754 0.0326697575079431 0.025953141740850727
0 0.11783337738063326 0.31756017933020986 0.030339150009928817 0.032258183086240955
0 0.25022850471574165 0.10021152850744253 0.044354415584255014 0.024204568282978345
0 0.33017827820134094 0.4857673193957397 0.03133881011524764 0.061563581067162865
0 0.16439413605510073 0.38427078530595404 0.033354067319148584 0.03719213347177264
0 0.7669922572535448 0.0647071986585076 0.05087006011524764 0.06190450030404204
0 0.7162728860571602 0.23515638950708972 0.0383902934757443 0.046066425780992626
0 0.960027505578224 0.24526873198715837 0.03731750684815549 0.06850179433822667
0 0.7793060001489317 0.4066148724104934 0.06874648944751693 0.07930117136723347
0 0.9020487725734729 0.1676199099502085 0.05529016030801359 0.06344605088233995
0 0.25813859121219684 0.6219238060551745 0.0535781501112762 0.04926032568957395
0 0.2379095657451752 0.6655026303755294 0.049484394530992626 0.03844995434219811
0 0.222417353133899 0.6169070971978698 0.03316656173886501 0.026449945971772748
0 0.17087755783184266 0.5725636759319839 0.026115078378368406 0.04194710125794304
0 0.08998838727538816 0.636561502637091 0.0404968321323399 0.05488958020468049
0 0.038896729656169 0.5619616898330488 0.05450357472574424 0.046347684151417934
0 0.03882087839616641 0.8372670850238291 0.04501068511524764 0.061802224532978345
0 0.09388449852531436 0.943664839944325 0.035307192319148584 0.03722622539546072
0 0.22923104859687538 0.8674379933524798 0.05530115462638263 0.03611082386326192
0 0.1644699873151033 0.7647760288135442 0.049705992034964064 0.05114526684219811
0 0.2543538808822661 0.7966091718222668 0.042262451552056324 0.04418148462836835
0 0.2952100405821956 0.7602242502006351 0.05232032924085073 0.033129998477730016
0 0.4589497762757411 0.8284920903476549 0.043358335784964064 0.05103446809021239
0 0.4853515625 0.861328125 0.0087890625 0.0498046875
0 0.3613347788114846 0.9410112147395708 0.051539795302056324 0.044343421265886196
0 0.50537109375 0.7255859375 0.03125 0.0654296875
0 0.6974454631676569 0.683505542052762 0.03705329443957406 0.053365075588226674
0 0.6614330813691454 0.7736695850217695 0.031123264254750982 0.07718005808624084
0 0.711778296973258 0.8614359456139676 0.04808526329092133 0.07015414366851025
0 0.7930812598885763 0.9609697227542506 0.043100175019857634 0.06420953885929048
0 0.7689632837836841 0.8097158053436835 0.05772551491453859 0.035176876267871804
0 0.791497347805954 0.7583670959279385 0.02794641030801359 0.06296876395070905
0 0.8526309461207044 0.9048976661385763 0.04488889204489288 0.08278979530205643
0 0.572021484375 0.969482421875 0.03955078125 0.06103515625
0 0.96240234375 0.548095703125 0.05078125 0.05712890625
0 0.9636865891314865 0.6954747854052419 0.06411936637517623 0.09386437905801359
0 0.975830078125 0.8779296875 0.04833984375 0.0654296875
0 0.98779296875 0.9755859375 0.0244140625 0.048828125
0 0.928955078125 0.98828125 0.05810546875 0.0234375
0 0.5264947788135441 0.5936340051728346 0.044599110693545496 0.06618823280205632
0 0.554807677301203 0.6775988628735435 0.04340095068957406 0.05347587434021239
0 0.5195466801926921 0.6989493415162389 0.02863072011921919 0.07420775568163096
0 0.6964787860174451 0.5721944630146061 0.0487976133823399 0.05503447088035418