0 0.044677734375 0.288818359375 0.08935546875 0.07568359375
0 0.18696532763386853 0.31497176944905964 0.0549024021544795 0.06914088862933754
0 0.17696092246222472 0.38790105210640546 0.0622438066232347 0.03509872956464566
0 0.1016018099912786 0.4134809169665936 0.0752020047984091 0.046623179171281226
0 0.3890492783535169 0.44808687441745265 0.055127797729304984 0.058461282097868494
0 0.40087890625 0.554443359375 0.0380859375 0.05126953125
0 0.2529296875 0.578857421875 0.052734375 0.02197265625
0 0.067138671875 0.565185546875 0.07861328125 0.04931640625
0 0.015380859375 0.51123046875 0.03076171875 0.03125
0 0.435791015625 0.129150390625 0.03173828125 0.04248046875
0 0.4384765625 0.322998046875 0.037109375 0.03271484375
0 0.43896484375 0.44287109375 0.0380859375 0.05078125
0 0.4888695268996932 0.28250500414128954 0.032393708620150674 0.053115669821659384
0 0.4791177414692439 0.3377935808301046 0.0324722624564191 0.047287585305924695
0 0.5926205859221325 0.2366734596656992 0.046164669324379126 0.034554424833887154
0 0.6687888872865617 0.1925076168212457 0.03268739209726501 0.043412625790190174
0 0.8300274777891992 0.18027866767603568 0.03721849915184183 0.04564736514857892
0 0.8743755979181552 0.1492782430728612 0.0417359941232347 0.03378452922549846
0 0.8215597779054147 0.3013724176760357 0.04181789410870773 0.048858667006967615
0 0.8947372511386968 0.35608971120570554 0.04076277777243931 0.05462417055417146
0 0.9208145562835197 0.46713547337001904 0.05032688521477802 0.07322251503668342
0 0.5958914854472092 0.16184126647863756 0.046827016479304984 0.05792934386535631
0 0.5007277438807425 0.11993863837555496 0.04049989209726479 0.04391327353843677
0 0.6991861984534192 0.4872657334348487 0.02682801709726479 0.04303713997900527
0 0.6709788112271983 0.5609903931743743 0.03534392798811048 0.039694118695782654
0 0.6343644097756074 0.5164636764488757 0.03057381327552333 0.03404141058739407
0 0.6006082892588895 0.5643283539244202 0.04294129834726479 0.04406972595976377
0 0.16455078125 0.598388671875 0.064453125 0.01708984375
0 0.391357421875 0.607666015625 0.05712890625 0.03564453125
0 0.394775390625 0.8056640625 0.05029296875 0.07421875
0 0.386474609375 0.97802734375 0.06689453125 0.0439453125
0 0.225341796875 0.969970703125 0.03662109375 0.06005859375
0 0.29329839731918816 0.8155145772252227 0.05068193680940547 0.09220290281815258
0 0.30859375 0.609130859375 0.0693359375 0.03857421875
0 0.27950310362506303 0.662094584261952 0.05674282936706665 0.0746058538321337
0 0.03505609301022927 0.9313923677498621 0.06320318340447945 0.06967282686184961
0 0.4591051300040192 0.9579538556432268 0.02653098747094612 0.03183796171327069
0 0.5352939632364082 0.9275224687673042 0.026589009439254796 0.03961917122900527
0 0.5772484331496932 0.8816545732742718 0.023850573562936073 0.028263540541943577
0 0.433915567588948 0.8342127809789133 0.015484850559852048 0.047657262106635345
0 0.6412579142711836 0.9622696970399603 0.02633973584726479 0.043005849494739845
0 0.6485102714833242 0.9146684584140836 0.028757264080100486 0.03586937365033227
0 0.46597430150969865 0.677355146802326 0.03786723422358351 0.05492470889857892
0 0.4527773231628804 0.7608701645383449 0.018107242499553422 0.04345047376222777
0 0.6315018727460648 0.7580997445609552 0.024591474554130577 0.045810375057678154
0 0.6718959868406922 0.7415600145521881 0.028180163059852048 0.04847081469753606
0 0.6489092779903434 0.76166760824451 0.027268542312936073 0.028482573931801425
0 0.6997554697434274 0.7850352213109092 0.01841119191064755 0.02694278271502404
0 0.7050277052755654 0.8358914187776866 0.026404677600348814 0.023080189697536113
0 0.9873046875 0.748046875 0.025390625 0.05859375
0 0.959432274973179 0.788923865471578 0.02349552196830862 0.009283152760474422
0 0.9341543477605918 0.7926991445240419 0.024878238246469397 0.06381420033914731
0 0.9657801587095451 0.8594677653596825 0.03287507008537549 0.08085382961886312
0 0.7562394420436229 0.9171578337024745 0.03143767798811048 0.039443794821659384
0 0.58572685394019 0.9077022984438454 0.022409607830100486 0.035462597354881886
0 0.5776925320009352 0.9454440406169259 0.026032440286966274 0.038611318244739845
0 0.5788016416972092 0.7542320910102905 0.021706196939254796 0.039306266386351096
0 0.4844919538820822 0.8403966788425162 0.02352274613467764 0.03747830332341273
0 0.712256639443274 0.9359199365713836 0.023546624151842055 0.04477123158914731