0 0.021240234375 0.01318359375 0.04248046875 0.0263671875
0 0.03603674752626185 0.24644876282529882 0.047807854772723646 0.03939303056540211
0 0.23285397418999965 0.07945722148049464 0.051277969140437474 0.05946939194868045
0 0.10960024662298185 0.06647857997698953 0.0336112754166602 0.07064825568253608
0 0.08715272509618249 0.1441100736098555 0.046476440743002057 0.053970430398804115
0 0.3044693263694829 0.03449941681575233 0.04413146447260452 0.06803113391556703
0 0.2349012226311526 0.1938907494974637 0.059704895489503085 0.08066439116515467
0 0.7722118954807948 0.061153044463113204 0.023549075856640123 0.03430233018274231
0 0.8050601689510732 0.04558111729733999 0.025605915457455275 0.042157452782701
0 0.7756135650845323 0.14485326879672145 0.03375869774475149 0.04044585584913407
0 0.7101541624650691 0.15357880822822662 0.02640476387528823 0.033411012882659796
0 0.6450860344813911 0.2085774061431751 0.030443866960954358 0.015989170749175274
0 0.781116935285586 0.1943880131636493 0.023371361774473187 0.025527475216061912
0 0.8317513395921069 0.13055250503160798 0.03207914017190849 0.031140097032494873
0 0.66552734375 0.00341796875 0.04296875 0.0068359375
0 0.5810634903963017 0.12761547844119575 0.04143776802447319 0.02605315394888663
0 0.5766005143823254 0.2315199319579586 0.025620484699880763 0.02949055534934031
0 0.6202643981993433 0.24681440139255656 0.026604331821093452 0.023185521699298994
0 0.8310546875 0.31884765625 0.044921875 0.021484375
0 0.7239274455274347 0.27400480416220596 0.03628867271852887 0.028826558582371042
0 0.7218347594551684 0.21803715834536064 0.05179538887528834 0.03414980461527839
0 0.684072805096202 0.3048839404778143 0.028431888356640123 0.0344444055159383
0 0.6529635194376932 0.29750664889358747 0.016165426867713717 0.020445757249587526
0 0.661865234375 0.323974609375 0.02392578125 0.01123046875
0 0.829954651445248 0.07067860921476266 0.019398396914334093 0.01810380373282472
0 0.8561805479691447 0.11035350096558738 0.020855956043121182 0.024479875049463917
0 0.9095293493182104 0.08785140868371105 0.0432507553175947 0.04997893519888663
0 0.9509519714656458 0.08128688213486568 0.030725295643936334 0.032562318182536076
0 0.5333133359586674 0.24983162357344318 0.022505798496501028 0.026963903899422714
0 0.7962155010256853 0.25874691054754617 0.03042929771852887 0.028656068182536076
0 0.6419943554108742 0.16579335407632978 0.026685615923658035 0.017828635482618482
0 0.6720087947261426 0.1683304557605153 0.019960677645685987 0.019094573766144318
0 0.08788045720572546 0.42562314830002035 0.06474241493880717 0.04427061794826809
0 0.2602958840734392 0.4006309803881646 0.05805447640151096 0.04602483748179384
0 0.22972529537880693 0.4697291471207832 0.03900479966491055 0.08395971723241236
0 0.21823063873256388 0.7628736126377522 0.06398842751747535 0.07932741521503095
0 0.05926126360725603 0.5911310593995668 0.04959112694638179 0.0564970818487216
0 0.1127469544842743 0.36107579568391723 0.03991407067015906 0.04452259624896909
0 0.418701171875 0.558349609375 0.04248046875 0.04638671875
0 0.47804552617721585 0.8923027812421029 0.0405139277767993 0.07815717236569064
0 0.5235139593969176 0.9416490703768245 0.05363751465326039 0.032741790998556564
0 0.5615119048077526 0.8966950230111339 0.036584670643936334 0.03273280858237104
0 0.6259425993095021 0.907974807296309 0.04939884362178937 0.06038912431540222
0 0.643537600090377 0.7915081341965565 0.07126778527097422 0.05323017084810311
0 0.7521944591404963 0.8170916178830101 0.06686539276514925 0.027280226931505336
0 0.7938160725991245 0.8529081073509275 0.05737391182691853 0.04990267241515456
0 0.7534652896620667 0.909623527316577 0.06118373184731607 0.03588459149835055
0 0.9336383993677528 0.6408033001377522 0.058240051739502974 0.08062176856519598
0 0.8992390199621467 0.5161054156365151 0.05448850868880717 0.043972259748556786
0 0.983154296875 0.434326171875 0.03369140625 0.05810546875
0 0.9931640625 0.36767578125 0.013671875 0.0556640625
0 0.88720703125 0.356201171875 0.05078125 0.05322265625
0 0.768848378886958 0.3722763815491956 0.0492362754166602 0.07110289674876291
0 0.7154244247873158 0.460066085997876 0.038094375390437474 0.059085788549051554
0 0.446044921875 0.43701171875 0.01220703125 0.0625