0 0.15177026536289084 0.12231162334536227 0.03736021870234385 0.0546280154623755
0 0.11628647535026071 0.21116152617505263 0.03156944119229599 0.07822113014466092
0 0.16713754760967925 0.3006345622728574 0.04848881185863729 0.07179255215389257
0 0.24901173068070792 0.40295022048727913 0.04346962089171025 0.06567727979411209
0 0.2240156101573354 0.25094536585424504 0.0579244473070748 0.037173686609431544
0 0.24624843369947946 0.20041586068119133 0.028310172397222333 0.06390743547879252
0 0.3082289156281688 0.34899444149855696 0.045366329786979076 0.08430873650204629
0 0.3370975997912984 0.5207096742834374 0.044048821119661685 0.06960911953009008
0 0.13964972857890678 0.48158841693428434 0.04918166080902786 0.08060720438987046
0 0.028274919320464886 0.41088932008922363 0.039802033208832466 0.0757264681562877
0 0.055419921875 0.541748046875 0.03955078125 0.07568359375
0 0.415771484375 0.012939453125 0.05126953125 0.02587890625
0 0.41805401969654965 0.14358224820339816 0.0646593257263457 0.09604892370519003
0 0.4315818256657773 0.326685640686981 0.04886344438619794 0.06693532938987068
0 0.450439453125 0.4296875 0.03857421875 0.060546875
0 0.38534529979388066 0.45642529610319826 0.05862906938619794 0.06744712410943166
0 0.456787109375 0.495849609375 0.02587890625 0.05224609375
0 0.015380859375 0.111083984375 0.03076171875 0.05517578125
0 0.14990234375 0.01953125 0.048828125 0.0390625
0 0.570068359375 0.01708984375 0.04931640625 0.0341796875
0 0.6615212594387371 0.0705946089852329 0.038200402735416694 0.0488198199343316
0 0.8270262817007379 0.09926347099581295 0.0603435320690755 0.05729557680334374
0 0.7380117591180557 0.10922898681183024 0.05192910209663637 0.051977738791716965
0 0.6932814539202474 0.03129349629576207 0.04493405638522141 0.044783544988024254
0 0.82763671875 0.033935546875 0.0546875 0.06787109375
0 0.7615203061469403 0.2601805097369302 0.029582221575564338 0.07665392745074873
0 0.9354657541777782 0.4629078043713126 0.05458603266278228 0.040412527207585036
0 0.8890120709637809 0.520458603995464 0.05943475054605041 0.03920358081736586
0 0.63818359375 0.56005859375 0.02734375 0.0390625
0 0.6599030230681644 0.35726895847360607 0.04432116979702694 0.060357365516068184
0 0.24468212261226163 0.7254330209736061 0.01746529279053821 0.03797942602325355
0 0.2513370386693363 0.7599197853053427 0.020054034123220488 0.023484526939121952
0 0.22848159669270884 0.9094168458125281 0.024630403329123363 0.031527334562924336
0 0.4339806302222228 0.9592014451873301 0.01572769210668401 0.026183906815319347
0 0.43301420782500044 0.8967270349233081 0.024744052051562493 0.036410147062924336
0 0.322021484375 0.590576171875 0.02294921875 0.02197265625
0 0.028343925066905917 0.9433074683395726 0.018339571440342928 0.033636074245209535
0 0.620938790662913 0.8824977926415678 0.020304469569075556 0.05519721845314374
0 0.6471010022060336 0.8541200718703605 0.018249060718880217 0.050700328259231764
0 0.7689902932631083 0.8946460138929163 0.01880553120234385 0.05365560549520976
0 0.8117873454099832 0.8266621798669186 0.023097778602148455 0.04949138186901214
0 0.8244838826794494 0.8902390250444137 0.027503674724392413 0.05020997074281475
0 0.8543238220082254 0.7893888851189648 0.026242990418294365 0.037951760020858316
0 0.8319412138444666 0.7287182139719088 0.03743936455156249 0.037075480198353716
0 0.7800567547238286 0.636752592152148 0.02227991605707469 0.03530563588303415