0 0.379875 0.31783333333333336 0.03575 0.03833333333333333
0 0.4335 0.3045 0.03 0.041
0 0.444 0.18166666666666667 0.03 0.028
0 0.452875 0.09183333333333334 0.02275 0.030333333333333334
0 0.4645 0.06933333333333333 0.0175 0.043333333333333335
0 0.569375 0.0825 0.02675 0.057
0 0.6445 0.32233333333333336 0.043 0.06066666666666667
0 0.696 0.43533333333333335 0.0285 0.059333333333333335
0 0.75325 0.6255 0.0365 0.033
0 0.732125 0.6868333333333333 0.02925 0.023666666666666666
0 0.736 0.718 0.0425 0.02266666666666667
0 0.73625 0.7425 0.017 0.029
0 0.7025 0.8216666666666667 0.022 0.04733333333333333
0 0.6645 0.8165 0.028 0.034333333333333334
0 0.60775 0.8196666666666667 0.019 0.059333333333333335
0 0.598 0.8845 0.032 0.041
0 0.527 0.9181666666666667 0.0475 0.042333333333333334
0 0.433875 0.9478333333333333 0.03325 0.04633333333333333
0 0.418875 0.9728333333333333 0.03325 0.025
0 0.42925 0.8546666666666667 0.028 0.04733333333333333
0 0.361625 0.8321666666666667 0.03175 0.053
0 0.332 0.9108333333333334 0.0495 0.03833333333333333
0 0.3555 0.7926666666666666 0.026 0.05
0 0.323 0.7828333333333334 0.0325 0.035666666666666666
0 0.331 0.7185 0.032 0.037
0 0.38825 0.7371666666666666 0.041 0.042333333333333334
0 0.3655 0.6888333333333333 0.0345 0.043666666666666666
0 0.332 0.6545 0.035 0.025
0 0.305 0.6841666666666667 0.0295 0.03166666666666667
0 0.283625 0.7516666666666667 0.02675 0.05
0 0.24225 0.6268333333333334 0.03 0.041
0 0.186875 0.574 0.02875 0.056666666666666664
0 0.194 0.6598333333333334 0.03 0.06233333333333333
0 0.112625 0.5508333333333333 0.02875 0.061
0 0.0885 0.5475 0.022 0.041
0 0.052125 0.6518333333333334 0.02475 0.043666666666666666
0 0.026625 0.6261666666666666 0.02725 0.03966666666666667
0 0.3075 0.3631666666666667 0.028 0.042333333333333334
0 0.2715 0.36183333333333334 0.03 0.03966666666666667
0 0.27175 0.27616666666666667 0.037 0.050333333333333334
0 0.294625 0.1895 0.04225 0.051666666666666666
0 0.2995 0.4161666666666667 0.035 0.03166666666666667
0 0.323875 0.4545 0.02425 0.034333333333333334
0 0.333625 0.5238333333333334 0.02925 0.04633333333333333
0 0.417625 0.5521666666666667 0.02425 0.045
0 0.454 0.5965 0.0475 0.041
0 0.51625 0.6228333333333333 0.0275 0.05433333333333333
0 0.58625 0.6908333333333333 0.024 0.050333333333333334
0 0.58725 0.541 0.034 0.062
0 0.515875 0.5276666666666666 0.02925 0.054
0 0.56275 0.432 0.0345 0.04733333333333333
0 0.486 0.43916666666666665 0.033 0.041
0 0.449625 0.3975 0.02925 0.045
0 0.674875 0.64 0.03975 0.062
0 0.8855 0.5231666666666667 0.0325 0.04766666666666667
