0 0.39511604834707215 0.03493249686420127 0.04158768363183496 0.05485412302748127
0 0.4767338120627217 0.06778247987292796 0.05296022771503095 0.060194542062628476
0 0.22186227145987636 0.17936175299500257 0.051438553831752554 0.058181729253696246
0 0.009765625 0.02783203125 0.01953125 0.0556640625
0 0.02154138064096922 0.2672084103139627 0.031253757299051554 0.0349249543012663
0 0.8765989338375878 0.2724858618116007 0.04425265311589688 0.02911448833165653
0 0.6526721665921238 0.12028632471512624 0.053501581799257736 0.028515948621560705
0 0.9617034144888661 0.22355412483459847 0.029068086648804115 0.043614537119712526
0 0.5859375 0.24267578125 0.052734375 0.046875
0 0.6071036135023301 0.35190737740037625 0.05408409066536085 0.048535479871560705
0 0.8097551859408455 0.1593496772819979 0.04474991678208251 0.04620433208165653
0 0.8731876580228043 0.2056510183705329 0.04690717236569075 0.03653818676321019
0 0.9635921947574847 0.1540590198441124 0.035699893565195984 0.053638809291752354
0 0.39084873874175274 0.76967307925479 0.039089447248556786 0.05280151834592761
0 0.5236783819112372 0.6640443527104023 0.035296857515113356 0.056548600855441555
0 0.54736328125 0.64111328125 0.0244140625 0.0361328125
0 0.5180920611881652 0.8920808136181709 0.043858599482000216 0.04909422770903493
0 0.4112706598866394 0.9506969302291568 0.04571227174876291 0.045755842704278016
0 0.5098405954733404 0.8269097732902106 0.03674749373179376 0.05612000741437373
0 0.8457250226391135 0.649723323836173 0.03156632303208251 0.0456671418012663
0 0.886820667721897 0.6676032111223811 0.026958678782288636 0.038163859624469554
0 0.8956485955228043 0.6349787298961661 0.02839510746564955 0.03724698493340184
0 0.7502402357560414 0.6443256876667688 0.030836513715649494 0.0373464646149555
0 0.7200326108055053 0.6646221004043459 0.031855698815608235 0.038851100237577096
0 0.7301130910195054 0.7590502238596847 0.021397661981999994 0.048179014638740636
0 0.6994067345847013 0.812609449406194 0.029044896699298994 0.026056308056023436
0 0.7579488795685569 0.7916473536125936 0.02201381103187633 0.052593441825051546
0 0.7860949443696703 0.7509028161839488 0.02013172369847427 0.05495526432980846
0 0.8110511826167838 0.8525465615499652 0.027475375098927834 0.03916031806078024
0 0.8075554832649694 0.9172185418493833 0.022473677215237187 0.05163677526136223
0 0.8033441821300416 0.9740979180851124 0.03685217158216503 0.04295630960068442
0 0.98681640625 0.779541015625 0.0263671875 0.04638671875
0 0.6724434768404743 0.6083868496675562 0.02836669239901035 0.03627042243340184
0 0.6309986902047219 0.6961149839355234 0.031154304565814445 0.03150698555126641
0 0.6684400635882064 0.6892119030895959 0.024977138715649494 0.03710771337922658
0 0.6928257110215672 0.6872405437740585 0.021388679565814472 0.031109066825051324
0 0.9354095541364332 0.7413966909228601 0.02091460584913407 0.031577452138740636
0 0.830810546875 0.9931640625 0.01904296875 0.013671875
0 0.781982274305093 0.6767636499291917 0.02756960271503095 0.059159953374469554
0 0.8773272753359384 0.7613623282801498 0.02022219401552583 0.04130328526611915