0 0.869375 0.058833333333333335 0.05275 0.059666666666666666
0 0.842125 0.0395 0.03075 0.037
0 0.86725 0.1585 0.03 0.050333333333333334
0 0.891625 0.1685 0.03575 0.027666666666666666
0 0.9105 0.19683333333333333 0.033 0.023666666666666666
0 0.9335 0.323 0.026 0.054
0 0.893875 0.3585 0.02625 0.03833333333333333
0 0.861375 0.391 0.03375 0.05
0 0.835875 0.41883333333333334 0.03125 0.042333333333333334
0 0.863625 0.49933333333333335 0.03175 0.04466666666666667
0 0.818125 0.6076666666666667 0.04225 0.074
0 0.849875 0.6936666666666667 0.03325 0.06866666666666667
0 0.86525 0.7265 0.0325 0.042333333333333334
0 0.9255 0.7575 0.0385 0.049
0 0.934875 0.6711666666666667 0.02725 0.037
0 0.7285 0.6413333333333333 0.034 0.04066666666666666
0 0.7265 0.7543333333333333 0.043 0.04466666666666667
0 0.724875 0.7971666666666667 0.03975 0.041
0 0.65125 0.6486666666666666 0.028 0.058
0 0.702125 0.539 0.03975 0.058
0 0.727875 0.31233333333333335 0.03275 0.07266666666666667
0 0.79925 0.18616666666666667 0.0475 0.10566666666666667
0 0.62825 0.14466666666666667 0.0325 0.046
0 0.6035 0.32766666666666666 0.0325 0.06066666666666667
0 0.52375 0.36 0.0475 0.051333333333333335
0 0.546875 0.21466666666666667 0.03375 0.06733333333333333
0 0.532875 0.044333333333333336 0.04375 0.06733333333333333
0 0.3935 0.13483333333333333 0.028 0.04766666666666667
0 0.456 0.15116666666666667 0.0435 0.051666666666666666
0 0.4535 0.3448333333333333 0.032 0.045
0 0.488875 0.537 0.03125 0.06733333333333333
0 0.531625 0.5648333333333333 0.03975 0.035666666666666666
0 0.539375 0.6656666666666666 0.02525 0.066
0 0.57425 0.6955 0.052 0.03833333333333333
0 0.582375 0.825 0.03575 0.059333333333333335
0 0.497375 0.6916666666666667 0.03125 0.062
0 0.46225 0.607 0.022 0.056666666666666664
0 0.441125 0.6928333333333333 0.02525 0.057
0 0.41625 0.8125 0.041 0.042333333333333334
0 0.416 0.607 0.039 0.038
0 0.425125 0.541 0.03125 0.051333333333333335
0 0.342375 0.38566666666666666 0.02875 0.06066666666666667
0 0.281625 0.32766666666666666 0.02025 0.058
0 0.23475 0.329 0.028 0.06333333333333334
0 0.2025 0.26033333333333336 0.0195 0.074
0 0.174125 0.292 0.03575 0.066
0 0.128375 0.21533333333333332 0.03125 0.058
0 0.095375 0.08383333333333333 0.03725 0.035666666666666666
0 0.31875 0.0575 0.0385 0.051666666666666666
0 0.107125 0.6591666666666667 0.04475 0.05566666666666667
0 0.10025 0.6955 0.0535 0.043666666666666666
0 0.2155 0.6096666666666667 0.043 0.07
0 0.265625 0.6995 0.04025 0.04633333333333333
0 0.304375 0.6063333333333333 0.01475 0.074
0 0.1185 0.8448333333333333 0.0405 0.057
0 0.073625 0.8553333333333333 0.03125 0.07533333333333334
