0 0.005859375 0.033528645833333336 0.01171875 0.034505208333333336
0 0.01708984375 0.12955729166666666 0.0341796875 0.03125
0 0.06362697350710289 0.08785608960454543 0.05108817082561112 0.015662311339113444
0 0.05006205200120489 0.05366707426976699 0.03642888447100601 0.032715993375851994
0 0.156005859375 0.011393229166666666 0.03076171875 0.022786458333333332
0 0.218017578125 0.007161458333333333 0.03662109375 0.014322916666666666
0 0.47940697311149527 0.01813901012653485 0.043684898593092436 0.03068060959463444
0 0.500076004076816 0.10030909343633916 0.02951389348848754 0.04777221049040303
0 0.5069584484955194 0.13982661974469837 0.03939887658733632 0.05308787933766842
0 0.845703125 0.4296875 0.0615234375 0.040364583333333336
0 0.919677734375 0.4069010416666667 0.03662109375 0.0859375
0 0.8701063593435886 0.10339978420723724 0.052106593692083036 0.09175834862105359
0 0.08838361489681246 0.8389860192724529 0.052594874942083036 0.09179626748008356
0 0.08605847594357136 0.9362630806821534 0.06114986779661713 0.046330686327348936
0 0.025146484375 0.9700520833333334 0.05029296875 0.059895833333333336
0 0.302978515625 0.9879557291666666 0.05322265625 0.024088541666666668
0 0.3833923014318462 0.9210200452161117 0.03963914853517547 0.11807828942724541
0 0.45166015625 0.9775390625 0.033203125 0.044921875
0 0.41693642887322047 0.7319583434128102 0.07895741588985139 0.13087742314964027
0 0.50390625 0.6126302083333334 0.091796875 0.11458333333333333
0 0.413961769506465 0.5439589771822632 0.052492568000212625 0.08789001748008356
0 0.34389883455876746 0.5294219970076488 0.0826528497037371 0.1045259845475764
0 0.8826234436176768 0.8053599732798823 0.029360433075681924 0.04191283549040303
0 0.959071227931421 0.7287826179170356 0.02651600136057386 0.04494053066955672
0 0.8877495981694123 0.5731591903709042 0.028684589098919577 0.03471345829803981
0 0.934212279599841 0.6540837648759618 0.028684589098919577 0.03471345829803981
0 0.9297185529082541 0.7615878986571794 0.021899805069854894 0.036135719271620736
0 0.989501953125 0.7203776041666666 0.02099609375 0.026692708333333332
0 0.911879993303153 0.5828297144633711 0.018987168726833148 0.03655924778410776
0 0.92529296875 0.4586588541666667 0.021484375 0.017578125