0 0.4406705709770554 0.2164873549280189 0.04514129032230785 0.059851178381090886
0 0.14413932214082215 0.06896326679009826 0.06237828435149917 0.05365341706464577
0 0.11810929913568785 0.18948797906284642 0.06534410437305749 0.08597385101744204
0 0.2359857201192182 0.13862297867640339 0.03912406715224881 0.07699123660137519
0 0.3479239867637427 0.4515217005294859 0.04815124819032235 0.072214662052418
0 0.28001526946317573 0.03872468335294468 0.04284838063448415 0.07333531047549843
0 0.15563079623964005 0.7269893396202488 0.03556695344795546 0.03197549014857892
0 0.017297432017490733 0.8612507532934213 0.026210685612925833 0.04013874296327069
0 0.22885966565581417 0.877729220480345 0.03736088399491133 0.028682683335640613
0 0.2804247713741699 0.7096716595607253 0.04114272578044065 0.03671421672549835
0 0.36473157412921287 0.7846900986987839 0.037656530836278845 0.03503033958564039
0 0.33770344809631925 0.5702160254994944 0.016240382030440648 0.03511840202796235
0 0.4216477240988179 0.6583554774190221 0.03331952788957282 0.046436184742986386
0 0.3060722181280091 0.6436467043823847 0.029775804642117265 0.03306484808739396
0 0.07566099643130308 0.6405650553248444 0.03632813947460223 0.037866155632844345
0 0.30513851956449234 0.7803843783684035 0.037838467354043503 0.03893658958564039
0 0.2790416166481813 0.9203777596726208 0.023155243615470056 0.026798696791943577
0 0.35791015625 0.984619140625 0.03125 0.03076171875
0 0.41626196598200704 0.7831240775309176 0.03594287065733748 0.0504988871643135
0 0.417236328125 0.9931640625 0.03271484375 0.013671875
0 0.107177734375 0.99853515625 0.02392578125 0.0029296875
0 0.8672157719426841 0.9185063184350785 0.044730586874352496 0.03012860309962173
0 0.6404726093348926 0.7433240784999081 0.05396244649491133 0.02974655980066454
0 0.9515265411736702 0.8786345779000565 0.02981059088069049 0.04426402635312854
0 0.5732905089414349 0.8582907025943616 0.05919843413957282 0.048094580409053345
0 0.5989152860035654 0.9694681841835089 0.05489487114845515 0.04976609105066454
0 0.7983493401039066 0.7987158992305747 0.04552655913957282 0.04721844684962173
0 0.8626352653259646 0.8515179157322822 0.047513124095161174 0.037609274270948845
0 0.9522034179833477 0.8095489642741798 0.036613088425102136 0.05443642764857892