0 0.5568902436538175 0.08894569199610425 0.03241213783799213 0.04969844301763112
0 0.486328125 0.15462239583333334 0.0126953125 0.031901041666666664
0 0.9365236491287481 0.2045681557876562 0.025198918310019858 0.050797186537885786
0 0.7571982852796824 0.19730635469614333 0.018984115145685987 0.02679009888472213
0 0.5943180470774756 0.10751720169602723 0.023778358921908604 0.04287076900725303
0 0.4951005233478732 0.10008570519128164 0.025361486515149134 0.036588187401851734
0 0.7870277258915712 0.18596241124652924 0.02235779953379735 0.03494435147662026
0 0.9758798405157061 0.0322056125893538 0.02333436203379735 0.03505826900725303
0 0.991943359375 0.10384114583333333 0.01611328125 0.033203125
0 0.9614574379020484 0.340595432334917 0.02799517608974167 0.03172160666041653
0 0.99755859375 0.4557291666666667 0.0048828125 0.033854166666666664
0 0.8128314793909945 0.09513442569826543 0.0266486161829822 0.025097272463117253
0 0.016357421875 0.4967447916666667 0.03271484375 0.014322916666666666
0 0.064697265625 0.509765625 0.04345703125 0.040364583333333336
0 0.025839811599622675 0.592462970231907 0.04333203942015906 0.06261332708927458
0 0.02197265625 0.8870442708333334 0.0439453125 0.052734375
0 0.1560215051980921 0.7987879911239983 0.04350975350232611 0.07427511832395813
0 0.2347827854107959 0.7922217965747316 0.041512344140437474 0.08180282449737646
0 0.18840450455123325 0.8756194665009661 0.03889322380827043 0.06985623943611093
0 0.2899848219725849 0.5354357352331424 0.046602009207455275 0.06040787177982243
0 0.36774386100811196 0.822586722901931 0.026005627983678004 0.07352668610590267
0 0.4288445788490265 0.7387823733495392 0.05647134880827043 0.07190675498749972
0 0.3661499889859845 0.5783242121023554 0.04015792297785303 0.040901117028009214
0 0.24853515625 0.9736328125 0.048828125 0.052734375
0 0.071533203125 0.9658203125 0.03271484375 0.068359375
0 0.005126953125 0.7571614583333334 0.01025390625 0.08984375
0 0.5887832318531216 0.6718484408964516 0.044545746241252626 0.09250428499062495
0 0.7107139832808553 0.7329911701218763 0.03541582481934391 0.051342278942862585
0 0.8305284648688473 0.765545024779284 0.04518931107516888 0.08675882752125756
0 0.7241577284848116 0.8225176627781648 0.0553765024650299 0.07824629535821732
0 0.8061558035576742 0.5442557851468766 0.05728534310314126 0.08622967165416655
0 0.6149094502184896 0.9066956379982264 0.057225912864214745 0.06811442251813264
0 0.71533203125 0.5179036458333334 0.029296875 0.056640625
0 0.8848812372989268 0.6235456365841067 0.05107840119463214 0.09649995727307085