0 0.3767336171227502 0.28176400537273794 0.0333496808787932 0.045866343827396516
0 0.2155058555951962 0.25907692113550523 0.03361044897461363 0.041982835892117154
0 0.1838340842284778 0.27326917105810866 0.04113855753188922 0.03746389642764647
0 0.12935392291330944 0.13266287427387435 0.034131985166254375 0.03421582002155832
0 0.16490441641563014 0.21999968439568252 0.039299189108978894 0.03932605316876403
0 0.11696799212275016 0.26966522694138917 0.05006981575325131 0.04031465984261695
0 0.09568086857290792 0.06352892279038969 0.04501155259024836 0.04543559088069049
0 0.27099609375 0.01025390625 0.03515625 0.0205078125
0 0.2825696547910188 0.1079746330872543 0.039062044360062664 0.05197588153932298
0 0.25994335386268985 0.16861113006315165 0.03480970883142476 0.05421260920683779
0 0.3755662452877675 0.1504952732077675 0.05511363152414939 0.0600278463603815
0 0.45452951658389884 0.06408557498057516 0.038749213773065616 0.04660478778932298
0 0.038054505118108706 0.0946277336622435 0.032837776281889 0.03707728132739657
0 0.098538515354326 0.4852126346647422 0.04713049665851465 0.05673428582485229
0 0.18412029823095177 0.4701040431114025 0.04867584204396369 0.06654539495429335
0 0.26447318307893963 0.45230388259613663 0.05482924008142498 0.05514503386038161
0 0.39971700209426575 0.39152696675597276 0.04483610192724541 0.050783942565969964
0 0.4272607373840476 0.49024139590697224 0.06281719074442793 0.05016055521063145
0 0.2868020120922513 0.522867891591048 0.049026743369969816 0.05584869158373462
0 0.029188586102158465 0.5074421126685815 0.023953764754335083 0.05175915878298509
0 0.40930580951145057 0.23529970882069334 0.03564889140743088 0.04353864790099948
0 0.4741155629146996 0.3582716985846187 0.04543813975433508 0.05275980963069049
0 0.013427734375 0.18896484375 0.02685546875 0.03515625
0 0.50439453125 0.416015625 0.05078125 0.025390625
0 0.537841796875 0.09423828125 0.01611328125 0.0556640625
0 0.549226469261757 0.17230447903673296 0.028585440753251312 0.03931400899491133
0 0.5840414495304875 0.17980128269661477 0.02668437824442793 0.048477642421308476
0 0.6130491172903947 0.17772509576512896 0.028585440753251312 0.03931400899491133
0 0.566857112392871 0.21425252869027678 0.029704198974613627 0.04180089937435261
0 0.54150390625 0.357177734375 0.0234375 0.05517578125
0 0.5774112243975125 0.3861061329085411 0.027978587128793198 0.045616181115470056
0 0.6696718460207336 0.29835734542880443 0.022726065753251312 0.039041104218264344
0 0.7335075745216642 0.17746026868639175 0.04004342265743088 0.04374332648348478
0 0.7337717914950408 0.03842452065086255 0.0313965558787932 0.04577537556851419
0 0.735595703125 0.009521484375 0.03076171875 0.01904296875
0 0.5944221928298702 0.052008047584938266 0.029438615081424924 0.05396244649491133
0 0.8606395990622233 0.04580230122821344 0.03257700818606868 0.04096078926267599
0 0.8261947833089721 0.08238726245665512 0.02602064633142498 0.05380325204186731
0 0.7633885910790928 0.29488857979043526 0.03409873022461363 0.04200557795683757
0 0.9081416271560294 0.18853161535635965 0.031221105215790246 0.05112372725379366
0 0.9422644363674845 0.1911001223868003 0.031709386465790246 0.05114646931851441
0 0.9631940202342031 0.176407547040344 0.021455480215790246 0.050668885959382015
0 0.994384765625 0.123779296875 0.01123046875 0.05419921875
0 0.9863668476208891 0.26610549304413766 0.017757935820434056 0.03734883982105863
0 0.982666015625 0.59423828125 0.03466796875 0.0107421875
0 0.204833984375 0.615478515625 0.04931640625 0.03173828125
0 0.1808493409996823 0.8102299771229206 0.0366775163986075 0.05283873371572012
0 0.16506242644890945 0.7282201229046561 0.040214057523065616 0.04667301398348478
0 0.4198656485933351 0.8507386900301668 0.0518142351486075 0.053543737722058005
0 0.435302734375 0.985107421875 0.05810546875 0.02978515625
0 0.24436488551856606 0.9302040531926841 0.045712899602323054 0.07419870050124944
0 0.340576171875 0.980224609375 0.03759765625 0.03955078125
0 0.4832048311693411 0.8644600880085627 0.035947274602323054 0.07374385920683757
0 0.0078125 0.930908203125 0.015625 0.05419921875
0 0.11041781298528675 0.7501553003501129 0.043091682531889 0.03755486468652869
0 0.707763671875 0.990234375 0.04443359375 0.01953125
0 0.8124008870569577 0.9259004902015664 0.03519386509907174 0.03572614790099937
0 0.8258693278896196 0.9720611345873456 0.03350150819489217 0.03175167170683757
0 0.5733022552681064 0.693462459805747 0.03844119898343701 0.032955654854043503
0 0.544921875 0.658203125 0.0302734375 0.0283203125
0 0.53515625 0.6357421875 0.0107421875 0.0185546875
0 0.568603515625 0.61279296875 0.03173828125 0.0263671875
0 0.7866020268024694 0.8644773725683317 0.034620266416254375 0.03423856208627907
0 0.6553470413803366 0.6213948543463192 0.04337607397461363 0.04243767718652869