0 0.309875 0.17966666666666667 0.04175 0.018666666666666668
0 0.314125 0.21716666666666667 0.04375 0.041
0 0.161125 0.24433333333333335 0.02425 0.05533333333333333
0 0.17875 0.276 0.0215 0.058
0 0.098375 0.21266666666666667 0.02225 0.04466666666666667
0 0.085875 0.30383333333333334 0.02475 0.042333333333333334
0 0.10325 0.327 0.0255 0.02266666666666667
0 0.220375 0.3685 0.05275 0.029
0 0.164625 0.4716666666666667 0.03125 0.06066666666666667
0 0.186875 0.5648333333333333 0.04025 0.043666666666666666
0 0.1575 0.6016666666666667 0.0495 0.051333333333333335
0 0.12375 0.6393333333333333 0.0455 0.06333333333333334
0 0.08075 0.6658333333333334 0.0285 0.05566666666666667
0 0.094375 0.821 0.02875 0.046
0 0.1165 0.8495 0.026 0.03166666666666667
0 0.140625 0.8573333333333333 0.03925 0.034666666666666665
0 0.1425 0.967 0.039 0.04466666666666667
0 0.219125 0.844 0.03325 0.07933333333333334
0 0.30825 0.6881666666666667 0.036 0.03966666666666667
0 0.335625 0.4558333333333333 0.03725 0.03966666666666667
0 0.308625 0.3335 0.02225 0.041
0 0.382875 0.329 0.04025 0.058
0 0.471375 0.2793333333333333 0.06525 0.07533333333333334
0 0.459625 0.1525 0.04175 0.043666666666666666
0 0.509125 0.315 0.02325 0.059333333333333335
0 0.54725 0.294 0.037 0.056666666666666664
0 0.5095 0.4101666666666667 0.045 0.057
0 0.558625 0.44133333333333336 0.02325 0.07133333333333333
0 0.58625 0.36866666666666664 0.032 0.06066666666666667
0 0.61125 0.288 0.03 0.06333333333333334
0 0.636125 0.1585 0.03525 0.037
0 0.635375 0.37316666666666665 0.05075 0.05433333333333333
0 0.628625 0.44383333333333336 0.03075 0.045
0 0.599625 0.6618333333333334 0.04175 0.045
0 0.523125 0.6353333333333333 0.04875 0.06333333333333334
0 0.433875 0.675 0.02925 0.06066666666666667
0 0.406625 0.8691666666666666 0.02675 0.04766666666666667
0 0.487625 0.8071666666666667 0.03275 0.06366666666666666
0 0.50775 0.9761666666666666 0.0365 0.045
0 0.598625 0.8673333333333333 0.03575 0.059333333333333335
0 0.65925 0.8831666666666667 0.032 0.041
0 0.778375 0.6598333333333334 0.02675 0.06766666666666667
0 0.711875 0.6103333333333333 0.05025 0.07133333333333333
0 0.749625 0.38033333333333336 0.02675 0.06866666666666667
0 0.78775 0.2755 0.035 0.041
0 0.848 0.36333333333333334 0.032 0.06066666666666667
0 0.95675 0.32033333333333336 0.032 0.06733333333333333
0 0.9615 0.278 0.03 0.06466666666666666
0 0.9775 0.13466666666666666 0.028 0.06333333333333334
0 0.933625 0.136 0.04025 0.05
0 0.990125 0.7086666666666667 0.01825 0.07
0 0.940125 0.7986666666666666 0.03525 0.06466666666666666
0 0.986625 0.9451666666666667 0.02525 0.051666666666666666
0 0.896125 0.7153333333333334 0.03825 0.07533333333333334
0 0.855375 0.7363333333333333 0.03125 0.06466666666666666
0 0.829375 0.663 0.03775 0.074
0 0.805625 0.8758333333333334 0.04625 0.069
0 0.751625 0.9696666666666667 0.04625 0.058
