0 0.24522955162000065 0.3380663216722801 0.10012124001747524 0.08147663445797426
0 0.3619410330739766 0.20165759854938525 0.07683902360139183 0.07614699420136906
0 0.444091796875 0.044677734375 0.04833984375 0.05712890625
0 0.4503546325262031 0.181717694557598 0.03749509491840963 0.05799354866913087
0 0.5334180504515911 0.3978223440821704 0.051404114239503085 0.0809518845768995
0 0.5155931899708354 0.2525242697238199 0.046387872019224785 0.06614427958641356
0 0.4774008663257065 0.5065242054891517 0.03998136216491066 0.08438063210544167
0 0.6424320675698814 0.48744970945742727 0.03933722069638179 0.05660828866437395
0 0.6362536875116109 0.4380338235258736 0.034624261022723646 0.03937917336019847
0 0.5814898814918096 0.30632058488528485 0.047475433741252626 0.06764891520903504
0 0.6547673388286485 0.21341200812655814 0.050782403269224785 0.06632334301321019
0 0.5972521360256264 0.1224756432502404 0.053334808741252626 0.06788766644476396
0 0.6412921486013917 0.04200539344024741 0.03580825272435395 0.05500417336019858
0 0.793195938155567 0.2672431302983244 0.04641758713868804 0.07296032115010276
0 0.8379193984789866 0.3435418364531842 0.04469316856934391 0.037355581772724245
0 0.845421907945766 0.3847365248799809 0.0440053193735388 0.04754980021379196
0 0.8092168258682512 0.47866891154832436 0.045906875390437474 0.05979662333641356
0 0.7723081720832811 0.5311968716482216 0.03982550194638179 0.05662818460068442
0 0.995361328125 0.555419921875 0.00927734375 0.02880859375
0 0.9341702349679131 0.36109341903377995 0.045418594140437474 0.05977672740010276
0 0.9057607771095233 0.33949133003668885 0.03008959206584505 0.06304630743815887
0 0.8874117889073165 0.25793924412892016 0.030096300052445457 0.024591464306023325
0 0.8716061916520876 0.08789799351105568 0.0393893663140954 0.07656813210544156
0 0.07969701815848929 0.6662592740721095 0.047216435556520775 0.06423094645903499
0 0.01708984375 0.584716796875 0.0341796875 0.02978515625
0 0.09412136230473223 0.9593979703411375 0.05398565819638179 0.05720516675369636
0 0.36378488875578596 0.920735007175156 0.04686829201339959 0.04036485301796722
0 0.28871110827795254 0.6815907763767985 0.047689570929483116 0.044779280204278016
0 0.12295736463574602 0.8388795408733758 0.03979578682691853 0.04981214303699533
0 0.8920658949766604 0.6729219420615347 0.06284872017773369 0.05853985610728962
0 0.8309348853816704 0.688441668463759 0.05912018425990073 0.06714985518049299
0 0.69873046875 0.596923828125 0.0556640625 0.05419921875
0 0.52358282741839 0.6087432713874064 0.06980294152097422 0.05395548265195094
0 0.6502754359585694 0.9380968345763526 0.06271529045745527 0.04393121047991122
0 0.8226460018297821 0.9387923397803571 0.05953446602854884 0.06619318861680368
0 0.879278765573957 0.9153009458876469 0.05268338265151096 0.04644308331738545
0 0.437744140625 0.691650390625 0.03564453125 0.05322265625
0 0.48583984375 0.5751953125 0.0625 0.0107421875