0 0.1611556993107443 0.16933625499004112 0.08059184088069049 0.044767881614453664
0 0.412353515625 0.0224609375 0.06396484375 0.044921875
0 0.36000922999223006 0.13470257257901008 0.04909302445174912 0.059455184415360796
0 0.4849262670582456 0.07679518763259768 0.03847524516621981 0.05134432621564955
0 0.24090884873575513 0.4119761065752988 0.05920913203044065 0.03585617643171135
0 0.04016503411649125 0.5807720046516907 0.03260517227535198 0.06141353453249487
0 0.07058562189568254 0.5725527113025567 0.03289947283373457 0.04679351209913407
0 0.326416015625 0.486328125 0.06396484375 0.0126953125
0 0.31588205334747727 0.5272777619428453 0.03987320900504299 0.07088978374896904
0 0.311391241079667 0.6198186537925978 0.04584494804566097 0.052534001715443424
0 0.26289751563555086 0.5234410817913607 0.030458066583734622 0.046722474432536076
0 0.28657724539559126 0.7589115296750515 0.049320445098954835 0.06433799691536102
0 0.3151557983054274 0.8896056393923504 0.04181563611417527 0.08118631259892783
0 0.09420251059350099 0.890656350702804 0.04083772733119023 0.060190218848927834
0 0.45075210943620914 0.7355546959130308 0.04800409791113114 0.07795304178208262
0 0.49132097083970727 0.8507426910140203 0.0414062789492049 0.07239725009892783
0 0.628662109375 0.62744140625 0.04248046875 0.0712890625
0 0.667724609375 0.49462890625 0.03564453125 0.029296875
0 0.6827109930708759 0.674130064991072 0.057054021013925316 0.07334017241515467
0 0.9697265625 0.506591796875 0.060546875 0.05322265625