0 0.13351224689391683 0.06913762973243658 0.05809876076339959 0.05314459908475122
0 0.3499312632313323 0.034910621752807236 0.03485354408799202 0.04722406709079863
0 0.398681640625 0.06477864583333333 0.04248046875 0.052734375
0 0.3603124678496227 0.14896413872340908 0.04333203942015906 0.05918526769866898
0 0.354464413913122 0.4405848015591151 0.04859941856934391 0.04895043898790519
0 0.02993221357222714 0.22774662408130805 0.031391290976103436 0.05491534178686338
0 0.40478515625 0.5061848958333334 0.0302734375 0.026692708333333332
0 0.3283987790559051 0.30784752303208957 0.03324127800990073 0.08746742512019672
0 0.6120520322960045 0.20381124707051526 0.035497108921908604 0.041394998416782514
0 0.6034619611071972 0.14700393727760433 0.028661171421908604 0.0411828541348959
0 0.6656592551951893 0.19507658149594934 0.021529235996501028 0.035762376519675954
0 0.6269909130040364 0.3466015163524019 0.038722794347316125 0.04669425072806721
0 0.619384765625 0.013997395833333334 0.03271484375 0.027994791666666668
0 0.405517578125 0.9716796875 0.02880859375 0.056640625
0 0.314018930900299 0.9728046039905965 0.046232011800695805 0.0501767565062791
0 0.353515625 0.9915364583333334 0.0380859375 0.016927083333333332
0 0.1943359375 0.9768880208333334 0.0439453125 0.046223958333333336
0 0.6808228058915907 0.7738450907874137 0.036111535270974215 0.0693594837574653
0 0.9109512736042944 0.7835863972232647 0.030984293828668186 0.04775388345353012