0 0.2685110997902259 0.1736847586007683 0.026537631732742817 0.030832588790712434
0 0.29100044466234976 0.16749374546423546 0.012349068110619088 0.025125041106811352
0 0.32833707863934014 0.12626987049952904 0.01913103160358376 0.016245845376625656
0 0.3639418395683669 0.13102975046763998 0.025558228495530466 0.03028742925216754
0 0.3750504821687639 0.06741580804364605 0.016221229264070436 0.019493179260990923
0 0.3009084320734982 0.058554964223058864 0.04846483618734476 0.024299850282972824
0 0.202392578125 0.012451171875 0.04150390625 0.02490234375
0 0.18260517345009158 0.08936301838699245 0.028979037982742817 0.030974784512074693
0 0.08668363723526773 0.048578811058665655 0.041208795130441844 0.035592013118886046
0 0.139892578125 0.004150390625 0.02392578125 0.00830078125
0 0.4072265625 0.00927734375 0.0263671875 0.0185546875
0 0.39530011313296676 0.026699021878475476 0.02404509221292006 0.021901330569350175
0 0.4370678823931886 0.06282747422104451 0.024553258623406737 0.025347738463622593
0 0.46481753226402966 0.07536659924751471 0.020127479264070436 0.019720692415170604
0 0.4369485714302688 0.08333528672104451 0.026935009391946707 0.015236027934984908
0 0.5520639610178781 0.0131755253170181 0.022097648687344762 0.02276413649226039
0 0.5129815758573915 0.018868625608814332 0.03135226653964551 0.01939823023343698
0 0.47314453125 0.0029296875 0.03125 0.005859375
0 0.6972024776802688 0.06817722282382715 0.031440329393229494 0.03453494898343701
0 0.6130845880312867 0.09601797438868903 0.024064977373406737 0.025319299319350175
0 0.5741215138337201 0.08120326218048529 0.01329722323849536 0.02029910689535619
0 0.5033406177442068 0.08190896934999092 0.027519875707167518 0.03186602957925733
0 0.4924705970696497 0.10450728677398491 0.03726277480946849 0.02852856246470642
0 0.44398587572181825 0.13222510580695773 0.052867889648982036 0.026020646331424924
0 0.4913264310741192 0.1333727588125298 0.022103330161769463 0.02374069899226039
0 0.4343988916156688 0.18598810579813435 0.022602974360619088 0.025722263136532808
0 0.41576750421093456 0.20025238703048753 0.027948501475707488 0.021640562473529856
0 0.3561346954922622 0.21446415013172682 0.03772264868734476 0.023674189108978894
0 0.1670139367461107 0.16836963185943848 0.03875318519437998 0.033008411147523786
0 0.0887472254360211 0.11337802158730337 0.04806177705371617 0.03891984863870035
0 0.072721355938546 0.26709166630974945 0.05543712907353904 0.04813549830278707
0 0.04325687744301554 0.29760660871609657 0.03918749243734476 0.02375950654179615
0 0.10405057102996321 0.33555562193204 0.021149493559468546 0.027590070703715552
0 0.23592343811372418 0.3215293967284777 0.02797690884783144 0.026523374973529856
0 0.2749944603253613 0.3177894214366815 0.024096225482742817 0.030690393069350175
0 0.3115303319589899 0.3303049231162476 0.015233303815220922 0.017483175972446086
0 0.3510214577275299 0.33825525868017886 0.01918784634783144 0.026011470376625656
0 0.34832722586562803 0.3818544856515411 0.03582633843159233 0.033326057531889
0 0.4127093324353185 0.3903075498575773 0.044598356508318115 0.030908274628793198
0 0.4198066177588575 0.344987526837763 0.02508131019438009 0.03221211510789512
0 0.4250274779871308 0.2865976666450385 0.03685119346420285 0.041683717070433945
0 0.45586021516744024 0.27259896930587396 0.027051479617654195 0.03525555918498491
0 0.46247205997819174 0.22681910418033208 0.04270204625256557 0.04056014305170341
0 0.5114677884737222 0.19516659600308678 0.03582917916880479 0.03381433878188911
0 0.5629955012595194 0.2317028279602068 0.03187747737340674 0.025774325627709427
0 0.5467629090465993 0.2531491322211977 0.03625780493734476 0.023588871676161527
0 0.511231681734565 0.3196498756088143 0.022194233752565573 0.03936569899226039
0 0.4613162054832822 0.34159363707460455 0.03733947471420285 0.041712156214706475
0 0.4660228922761147 0.37158268313188003 0.03777946343159222 0.033439814108978894
0 0.5373772917319994 0.35620009931810187 0.033824920898981814 0.024911519704799212
0 0.6175857650932395 0.41303107801314715 0.05101134971420285 0.04250845225433508
0 0.6028009722070453 0.43732175234132076 0.03921874054668084 0.02913060029179615
0 0.6645093831763794 0.31804420305726416 0.03191440695716752 0.03212198187770943
0 0.6498275079308897 0.15684488067398264 0.01882739827238855 0.04795568748235318
0 0.6622135056252698 0.12537218331717132 0.025484369328008682 0.01759211675216754
0 0.7079954728995621 0.14271843500556075 0.02066405304668084 0.028049912809443023
0 0.5561030745658012 0.15791066512429358 0.03432740583504379 0.027381365099071686
0 0.5310789046661982 0.09640121937646112 0.018194239424557113 0.023024904588080763
0 0.24075828363164314 0.24558985068002565 0.03938918477942377 0.05842747529179626
0 0.18428526212717355 0.2200801976656302 0.031900203271105765 0.029680575627709427
0 0.17474088907920982 0.26651897890680676 0.03286824355946849 0.028272610166254264
0 0.24363748896287918 0.08629640660293586 0.024084862533893303 0.028737268069350175
0 0.06407651993531849 0.4106130988681087 0.045115045130441844 0.035819526273065616
0 0.12086770400757468 0.38143525188250416 0.038736140771105654 0.03007872364752373
0 0.19564007221345942 0.3658535940588189 0.02651206509783144 0.02643805754071238
0 0.21703354362266325 0.3802272717108309 0.021617889648981925 0.02420054109798797
0 0.2364852529807166 0.39276158093993285 0.027505672021105654 0.029424623329257438
0 0.6893773125293015 0.40640911755509657 0.0320195142340256 0.05018838812770943
0 0.6898879941264711 0.48643036426655173 0.03189168105946871 0.028215731877709427
0 0.5801541738036753 0.05107683619921584 0.025104036092078896 0.036118365107895095
0 0.09174378842700043 0.43731238014457885 0.01624395516176952 0.023399429260990923
0 0.32333178888867836 0.23150629154798114 0.026469454039645735 0.01911383879071249
0 0.31911338334584594 0.20148880634643318 0.024064977373406737 0.025319299319350286
0 0.35930584565531454 0.17278960901609208 0.02652058730946849 0.02790290129071249
0 0.25952667752363057 0.039976197736217356 0.029981167117654195 0.035426194050619614
0 0.2548828125 0.011962890625 0.033203125 0.02392578125
0 0.231689453125 0.003662109375 0.02392578125 0.00732421875
0 0.8332056874532783 0.13484541159751698 0.031051473945662766 0.051596353589164534
0 0.8851595108209325 0.09813945605463698 0.045143452502565684 0.04070233877306567
0 0.9406726886981469 0.2047322357133049 0.043312479202697984 0.06158467594597583
0 0.9219923576597433 0.3952091699071132 0.043809282664335036 0.06307795884024836
0 0.775146484375 0.492919921875 0.03173828125 0.05322265625
0 0.757568359375 0.50146484375 0.01513671875 0.0361328125
0 0.9591143978107106 0.05527092651949661 0.04235296112597231 0.06445748515743094
0 0.28573413263867836 0.7465769560546369 0.03450921301663612 0.05863136509907174
0 0.26213503616810213 0.6918181303739872 0.04754508843159233 0.03400859699442793
0 0.3832515120658012 0.6808589725944189 0.028062130964202847 0.041171812473529856
0 0.3883470543062002 0.7279094232574219 0.024090544008318115 0.029713830569350175
0 0.444647116391244 0.6992482966660898 0.0417112800665036 0.03806185851315852
0 0.5518281798292506 0.5665837194646951 0.037799348592078896 0.036857782858978866
0 0.2792536128407554 0.6019840119687238 0.037850481861901875 0.045646845358978894
0 0.069091796875 0.52685546875 0.02490234375 0.0146484375
0 0.300537109375 0.9931640625 0.02587890625 0.013671875
0 0.375732421875 0.986328125 0.03369140625 0.02734375
0 0.593017578125 0.98291015625 0.03564453125 0.0341796875
0 0.7108673690037262 0.9170620831047857 0.05108520888172463 0.05520376475433508
0 0.6168992833394318 0.7922081833436415 0.0227251260607515 0.04671835688653281
0 0.6056236883445631 0.7167188478061803 0.053044015356149554 0.05629408383142498
0 0.538518942540847 0.7567478230715065 0.024763473177122908 0.061480550963622704
0 0.5959748591208002 0.6133121635859019 0.04559480416880479 0.03438312166733809
0 0.339111328125 0.531494140625 0.03076171875 0.02392578125
0 0.76318359375 0.87451171875 0.0263671875 0.0419921875
0 0.8259338149576663 0.9326008543920936 0.028056449489778146 0.040195249973529634
0 0.8655016406309406 0.9273675962060249 0.028204167824821713 0.06558587497352986
0 0.8792846299327528 0.8235723955606686 0.03685687493862755 0.042660279570433945
0 0.862060546875 0.548828125 0.03271484375 0.05859375
0 0.906192208604164 0.5613513725585011 0.022892729556281743 0.07552695063653281