0 0.355568378240928 0.2435081326339271 0.06437163709913407 0.04545117923619483
0 0.21254835188993831 0.30044842878529243 0.03668168118232995 0.05001677596853001
0 0.23203322199092802 0.25214040357052175 0.02908751929925768 0.037135189582302296
0 0.239990234375 0.025390625 0.03857421875 0.05078125
0 0.20166015625 0.015625 0.052734375 0.03125
0 0.570068359375 0.3932291666666667 0.03955078125 0.0859375
0 0.37068419652239193 0.33112856880538405 0.07607617956581447 0.045619009120825726
0 0.36970992350336096 0.4433465730078458 0.06206708106519576 0.07389229468170377
0 0.3726276929510106 0.5546405783598751 0.06383028301490734 0.08766652862561604
0 0.28817822665051573 0.5840148971067821 0.04787328463142271 0.0937020385759153
0 0.566162109375 0.5250651041666666 0.04736328125 0.054036458333333336
0 0.5527907344857734 0.47423973598143015 0.037249982515113356 0.07605844263519668
0 0.42120137466164953 0.04657173130744604 0.047983187598927834 0.0540567362051901
0 0.5148803369950516 0.03676555056373254 0.03862059864901024 0.04950221289374627
0 0.5073400696090928 0.16183102150445125 0.04550814116515456 0.07468535165069905
0 0.082763671875 0.0107421875 0.03857421875 0.021484375
0 0.08136284977878361 0.04814946998043668 0.04337554334913407 0.043984034373453516
0 0.703292730271361 0.4110462696011245 0.030893343848927834 0.05286254852621456
0 0.6951751791364332 0.4872494958938723 0.032846468848927834 0.05299902711809749
0 0.192138671875 0.6555989583333334 0.04443359375 0.01171875
0 0.402587890625 0.970703125 0.05224609375 0.05859375