0 0.04541063218587599 0.5008289828419579 0.04129436875894843 0.06756933146379196
0 0.05089001969283588 0.5522974734550654 0.05008343125894843 0.06792745831738545
0 0.033128713001246105 0.3680670534931214 0.0344868395926132 0.06973219460544167
0 0.04612412757099105 0.26854637939613313 0.038023781254971356 0.03815308084592761
0 0.11944551631621855 0.23639441577905596 0.026691384592812062 0.07087870337446955
0 0.1587703992530358 0.38636390287498346 0.02350034042309629 0.048298390256605206
0 0.17910810384008108 0.4145233862637241 0.025351537510936994 0.08156120306553749
0 0.19795686965405923 0.2727808905887755 0.015733293756959865 0.05188630527563309
0 0.28126047091320655 0.34352611632529184 0.027298638755170246 0.03918021399709115
0 0.556396484375 0.017333984375 0.03271484375 0.03466796875
0 0.5684810846246289 0.07118451093018652 0.017078822505567803 0.04169208683456538
0 0.5425911571301967 0.11112575536940617 0.03926170042468713 0.06065381021854899
0 0.591064453125 0.064453125 0.01708984375 0.0439453125
0 0.587890625 0.3076171875 0.0234375 0.0693359375
0 0.5646333617371275 0.2857696137581467 0.0209339375049713 0.037456723075051546
0 0.536874850065622 0.24901091007474485 0.0343050262571587 0.054107194605441666
0 0.5520463429940874 0.33650195472775657 0.023960213339431657 0.045876879942915894
0 0.5670427305209327 0.534773155321836 0.03288563584102233 0.05795375679650938
0 0.5592405675872971 0.4095145081497964 0.048527680841221166 0.06005527050845316
0 0.5052508863283487 0.3414278823419249 0.05105397000318179 0.025506677376317732
0 0.45736454964988327 0.2526038099560931 0.04249785583923282 0.045168081772724245
0 0.41430557716022376 0.3269850506881258 0.028865752506363362 0.048028964306023436
0 0.40922856172420186 0.18426765413395063 0.02499359250676103 0.05079948431553738
0 0.40474243962840706 0.09233150757977537 0.0412489154250848 0.06366308146379196
0 0.4425616808809921 0.11290646342570293 0.028383152923096233 0.04849734961971264
0 0.35154285213437264 0.13408826708559318 0.031954526674885964 0.061820214923887784
0 0.31288546091758135 0.3770260187491796 0.01721518250715881 0.05341083683456538
0 0.3533566721783195 0.4577391520903502 0.03182953000676103 0.051078027423887784
0 0.3430008380161602 0.49050456649151375 0.04379224958724415 0.03057933208165653
0 0.38685524384843295 0.48448270075948097 0.03915943042349401 0.05186474771854899
0 0.4285636901008192 0.5037519803458945 0.01585829042508502 0.0626284927756331
0 0.4667575792687453 0.5145812071281328 0.02427838667647686 0.0732206299429159
0 0.49410064509067764 0.43175079643415615 0.04565481000855076 0.06481870739058881
0 0.4573829630062174 0.42195781996085 0.02141085542150556 0.03650005651136201
0 0.39306640625 0.613525390625 0.041015625 0.01220703125
0 0.292236328125 0.600341796875 0.04638671875 0.03857421875
0 0.23121920594462553 0.5728226677037311 0.0284456512571587 0.053868443369712526
0 0.1653403246836886 0.4896101019244017 0.0494701533408235 0.05716537488107476
0 0.619819137964458 0.26191762233716787 0.030415821257357756 0.0554128708649555
0 0.787109375 0.017333984375 0.041015625 0.03466796875
0 0.9210017337682946 0.05700773847245269 0.03269814083883493 0.041840475546509326
0 0.9760585421059365 0.0909743645892564 0.045927187922698565 0.0462839158268995
0 0.614990234375 0.6025390625 0.03076171875 0.0341796875
0 0.13244093088596348 0.6893088250705348 0.020860075837442982 0.031109066825051435
0 0.08428290047141795 0.7029641273757709 0.022745020836647534 0.025329275570294296
0 0.012939453125 0.777587890625 0.02587890625 0.02197265625
0 0.05071046713377608 0.66987292245664 0.015579888755170246 0.03870271152563309
0 0.3800794100592586 0.748204293843773 0.014478329587045202 0.027920732153011718
0 0.38832303255289524 0.7016874206973664 0.030512067502784124 0.02174136055126641
0 0.17522287006184378 0.7588909693432591 0.02089416583784076 0.034038754325051324
0 0.00732421875 0.679931640625 0.0146484375 0.02880859375
0 0.647705078125 0.62646484375 0.06005859375 0.013671875
0 0.6323550217069016 0.7400378863115676 0.04550708667349401 0.052123394890588814
0 0.60693359375 0.757080078125 0.0146484375 0.02490234375
0 0.7181454825499125 0.8147888417296377 0.05150282167508485 0.06408089612631773
0 0.7555776862865893 0.7182160894481868 0.054500689175880246 0.07005964674418219
0 0.8471529762840041 0.7029135567246072 0.036474054593010896 0.07274146585068453
0 0.8639310125417594 0.7606990288728619 0.04431462083764193 0.03352891551796722
0 0.8662109375 0.627197265625 0.0400390625 0.01513671875
0 0.98974609375 0.78662109375 0.0205078125 0.0419921875
0 0.986083984375 0.986572265625 0.02783203125 0.02685546875
0 0.9247914054791733 0.9159384684164623 0.03905182084460179 0.0845596955322383
0 0.851318359375 0.98046875 0.06201171875 0.0390625
0 0.6103515625 0.966064453125 0.021484375 0.02880859375
0 0.8124920575568724 0.8698783927513012 0.05144600500775531 0.05919808362631773
0 0.8287356750526964 0.8397931358358666 0.036570300838437264 0.03906995553699533
0 0.8704384396383498 0.8585741341722801 0.041612200006959865 0.05294078990010287