0 0.135986328125 0.02197265625 0.02880859375 0.0439453125
0 0.09412868214836384 0.099609375 0.024917080489822663 0.052734375
0 0.05634908938059918 0.095703125 0.03564722381596991 0.0419921875
0 0.009033203125 0.200439453125 0.01806640625 0.03564453125
0 0.0234375 0.26220703125 0.046875 0.03125
0 0.07227250116094852 0.322265625 0.03423990836926383 0.0537109375
0 0.046991620008608403 0.43994140625 0.03400044354820525 0.0380859375
0 0.10074534907207966 0.39892578125 0.028141068548205306 0.0380859375
0 0.1361745038487266 0.40478515625 0.026131761527896313 0.04736328125
0 0.16482390314568254 0.4013671875 0.02814106854820525 0.0380859375
0 0.1226752137586084 0.43994140625 0.02923134137180816 0.04052734375
0 0.11034115410117962 0.583984375 0.027914994183984465 0.05419921875
0 0.15114274891081156 0.61083984375 0.02746015288957282 0.04443359375
0 0.23378130324334245 0.51904296875 0.022281693548205306 0.0380859375
0 0.28466818586903553 0.3955078125 0.039553473815969964 0.0419921875
0 0.2703969394883907 0.2568359375 0.03087812163957282 0.04443359375
0 0.2688277370226707 0.22314453125 0.030570430624352607 0.02734375
0 0.23109894114327517 0.1259765625 0.033695445098954835 0.06298828125
0 0.1834145784212171 0.0771484375 0.03309210724236711 0.03955078125
0 0.18778240113055356 0.19189453125 0.032853988704293347 0.044921875
0 0.15296728210136223 0.19921875 0.02607557950758732 0.056640625
0 0.13314577039193454 0.27685546875 0.028823330489822663 0.052734375
0 0.252197265625 0.006103515625 0.03955078125 0.01220703125
0 0.29720550545295277 0.056640625 0.03486329572460245 0.03564453125
0 0.3271699780277594 0.19677734375 0.023259602331190177 0.05908203125
0 0.3957955263894815 0.09765625 0.03070822929566097 0.05126953125
0 0.42428977008234825 0.15380859375 0.03356834431851419 0.02880859375
0 0.4294240915772596 0.18017578125 0.03478302535658795 0.0234375
0 0.39741829068255247 0.25830078125 0.032115544742367 0.03955078125
0 0.3669656092307577 0.29638671875 0.025405361739822663 0.052734375
0 0.32667914895781314 0.51123046875 0.03362587262180816 0.04052734375
0 0.459609325757359 0.3984375 0.030640003101499058 0.0498046875
0 0.4938344973868003 0.3994140625 0.031128284351499058 0.0498046875
0 0.510986328125 0.3837890625 0.01708984375 0.0498046875
0 0.5001218603945246 0.16748046875 0.034989050222058005 0.048828125
0 0.6832460323602902 0.18994140625 0.033023881048205306 0.0380859375
0 0.6621991417219211 0.283203125 0.02971827633882318 0.01953125
0 0.6993740503501129 0.24267578125 0.02965139642764647 0.0390625
0 0.7549351004173779 0.22998046875 0.029185857242366997 0.03955078125
0 0.6793531004441161 0.04345703125 0.044935265456837736 0.03173828125
0 0.7075610489034981 0.06201171875 0.04077885274491133 0.0263671875
0 0.8590768053386862 0.25390625 0.029152417286778642 0.04931640625
0 0.9455788181077458 0.203125 0.026256169742366886 0.03955078125
0 0.8017566109630387 0.28125 0.03037779621572012 0.03369140625
0 0.9052990168767142 0.3447265625 0.03868927535658784 0.0234375
0 0.7059906449008169 0.36376953125 0.03926852486547017 0.025390625
0 0.913333624764992 0.44384765625 0.031718231751249326 0.04150390625
0 0.7159007999870501 0.49267578125 0.04542354670683779 0.03173828125
0 0.6779499685923887 0.474609375 0.03487399361547017 0.025390625
0 0.7104066443055643 0.521484375 0.03803110176267599 0.0302734375
0 0.19909186633859494 0.67578125 0.018057054642117154 0.03125
0 0.19252217457332899 0.7548828125 0.014138760468264344 0.0205078125
0 0.19202454171544614 0.7861328125 0.02241814593652869 0.041015625
0 0.13331977395781314 0.82568359375 0.03193360822460234 0.03564453125
0 0.11840912957203398 0.8095703125 0.0224181459365288 0.041015625
0 0.11016453034234297 0.80029296875 0.021293086874352496 0.02734375
0 0.08518191622432847 0.7880859375 0.023564600780440648 0.0341796875
0 0.08241815459229732 0.896484375 0.021623519954293402 0.044921875
0 0.038836715127826604 0.904296875 0.03272823420683768 0.03173828125
0 0.00390625 0.910400390625 0.0078125 0.01806640625
0 0.00244140625 0.930419921875 0.0048828125 0.02880859375
0 0.46875 0.66552734375 0.025390625 0.01171875
0 0.43673768480940356 0.68310546875 0.017160762510131544 0.04345703125
0 0.4886560380454327 0.70751953125 0.023564600780440648 0.0341796875
0 0.508544921875 0.7548828125 0.02197265625 0.0419921875
0 0.507786008578372 0.82470703125 0.018919906818514187 0.02880859375
0 0.47171738342357883 0.76318359375 0.03197774607105863 0.015625
0 0.45043634072307914 0.74658203125 0.0148330665837344 0.0458984375
0 0.4492591384895488 0.80517578125 0.017818936104043503 0.03662109375
0 0.4246510952979313 0.79052734375 0.012822413280440648 0.0341796875
0 0.4029847837801668 0.78662109375 0.028310960892117265 0.03125
0 0.3847805788588583 0.7626953125 0.014275212856587949 0.0234375
0 0.3755273234565638 0.7841796875 0.02099744003298487 0.02099609375
0 0.3666994358690356 0.7099609375 0.014775538280440648 0.0341796875
0 0.3493019011038153 0.69287109375 0.021361313068514187 0.02880859375
0 0.2807512379781678 0.72021484375 0.018251035333734622 0.0458984375
0 0.26870205489822685 0.70263671875 0.01875001447460245 0.03564453125
0 0.2600762257002258 0.76904296875 0.030820593336278845 0.03271484375
0 0.30142228378016667 0.78662109375 0.020998786315969964 0.0419921875
0 0.3277935101291216 0.849609375 0.02142953926267599 0.0302734375
0 0.31711154349838544 0.9033203125 0.022281693548205306 0.0380859375
0 0.2913757486786218 0.8330078125 0.024791325992367108 0.03955078125
0 0.38479000283975295 0.90966796875 0.023076319530440648 0.0341796875
0 0.36924258064179755 0.8798828125 0.02216798322460234 0.03564453125
0 0.3859912934209888 0.87255859375 0.02136131306851441 0.02880859375
0 0.26355845416844453 0.8857421875 0.022588038280440648 0.0341796875
0 0.25861542079918065 0.83203125 0.021805456472058005 0.048828125
0 0.2736919910529287 0.95654296875 0.024484981260131655 0.04345703125
0 0.1997407606976358 0.87841796875 0.02410906405074953 0.02490234375
0 0.16381531934609095 0.9248046875 0.016172155836278845 0.03271484375
0 0.55615234375 0.962646484375 0.0732421875 0.04541015625