0 0.07861328125 0.08376641578042318 0.09033203125 0.06666902946748826
0 0.0078125 0.144775390625 0.015625 0.09423828125
0 0.14013671875 0.256064215305269 0.04345703125 0.07550120708165653
0 0.115234375 0.3620593768071172 0.0595703125 0.08006402297991122
0 0.1943359375 0.453562797624776 0.046875 0.05806235363583179
0 0.2724609375 0.5060435103150565 0.0390625 0.0450487061548599
0 0.423828125 0.19567655130872483 0.07421875 0.08114918231923357
0 0.44677734375 0.34952659855211965 0.06689453125 0.06522574327457242
0 0.541259765625 0.25048828125 0.07666015625 0.0791015625
0 0.24267578125 0.29143684993001207 0.091796875 0.1145802797764206
0 0.11376953125 0.013916015625 0.0634765625 0.02783203125
0 0.592529296875 0.096435546875 0.02587890625 0.07666015625
0 0.908447265625 0.008056640625 0.03759765625 0.01611328125
0 0.90869140625 0.031224353660437132 0.04248046875 0.03298094645903504
0 0.7431640625 0.0716604823197805 0.04345703125 0.09259105083165653
0 0.861328125 0.21284175948257966 0.03759765625 0.06989136209592761
0 0.85107421875 0.3050564491451053 0.0322265625 0.06820766304650938
0 0.90771484375 0.4257953955330587 0.06298828125 0.08313298203408648
0 0.767578125 0.3777945917542431 0.03955078125 0.062158445841170584
0 0.701171875 0.05384028284250475 0.02587890625 0.06550760962446955
0 0.94482421875 0.05221299187344186 0.041015625 0.07784313365010276
0 0.91357421875 0.18092773804732964 0.04541015625 0.0399362595768995
0 0.993408203125 0.111083984375 0.01318359375 0.05224609375
0 0.98681640625 0.354736328125 0.0263671875 0.04541015625
0 0.558349609375 0.908935546875 0.04248046875 0.08544921875
0 0.42626953125 0.9444288577243998 0.0771484375 0.07540918293709808
0 0.2958984375 0.8115574789693694 0.0791015625 0.08476611043234117
0 0.2236328125 0.87114270254336 0.05615234375 0.04769818892573596
0 0.104736328125 0.968017578125 0.07666015625 0.06396484375
0 0.30908203125 0.9413913824389792 0.07666015625 0.056834599500787286
0 0.634765625 0.6562733062037971 0.04443359375 0.041361311454278016
0 0.71240234375 0.5823090710803883 0.060546875 0.031763971102532707
0 0.720703125 0.6259161526631056 0.033203125 0.04822792366913076
0 0.776611328125 0.567626953125 0.03564453125 0.01611328125