0 0.15787286136800185 0.1948234128877882 0.05138200155104655 0.06827949772903608
0 0.15839216790630778 0.2857134568274393 0.030283475947613714 0.06510075786082203
0 0.337890625 0.609375 0.044921875 0.0205078125
0 0.2738970308253562 0.5229977720785925 0.045631978189254796 0.041593445834949616
0 0.3219866910379014 0.2425946951857184 0.03228101083273793 0.058952391857125974
0 0.318603515625 0.015625 0.03369140625 0.03125
0 0.4296875 0.027587890625 0.0419921875 0.05517578125
0 0.48896793014482287 0.03868195475582481 0.025561117269355282 0.07393966306895328
0 0.5514645839956183 0.06489945295898858 0.029201135444976156 0.0426796784100828
0 0.6299926191109406 0.1076487016362801 0.044269566292687745 0.04293871543716732
0 0.6339533174436786 0.0510080766362801 0.03613950479840922 0.044702534849733855
0 0.6141013872865617 0.13827095750697793 0.031027950574379126 0.03408990615638674
0 0.5910771883358639 0.17960552748728542 0.03721849915184183 0.04624709469825539
0 0.48626743934158534 0.1685946406462151 0.024693906407563304 0.04765219166747481
0 0.44375617278964563 0.14449960371274384 0.038956494510996365 0.050272918846037795
0 0.4612970351756631 0.2377612418765226 0.03679850580413069 0.04718379914899473
0 0.3973460309952137 0.28852276431744517 0.03705112554532519 0.06468220805047309
0 0.41382820340939186 0.32669832198861604 0.028927983835821847 0.03877342841008269
0 0.3525103120753562 0.52941491800958 0.024639230588459293 0.060756069318953276
0 0.4080581031523727 0.47944065248122403 0.023341760444976156 0.042201381818953276
0 0.4532975396466512 0.4855888573124777 0.031632275760996365 0.049675048107125974
0 0.5208711487976 0.3619538544737727 0.0251344316232347 0.03312332831525722
0 0.5384220496312311 0.39186848894420445 0.022737435258358918 0.026616239868214153
0 0.526133118395758 0.40608847256120617 0.027292420330100375 0.0362124480123005
0 0.5368924916145132 0.4418326086412476 0.04248716104840922 0.045220689490124144
0 0.5321703604226211 0.5023396255919867 0.021320347542687745 0.04106538712191021
0 0.4962290270326686 0.5809231140378177 0.034947812657563304 0.048489210701951446
0 0.601318359375 0.601806640625 0.02783203125 0.03564453125
0 0.6220484818601315 0.5794080246485805 0.02728215439612036 0.043008527463039625
0 0.6257284263398412 0.2880137884737136 0.027408464266717836 0.05175773191377875
0 0.09944671246088496 0.2789375078668834 0.027452874151842 0.045449933713039625
0 0.3818359375 0.993896484375 0.0302734375 0.01220703125
0 0.3894788551761096 0.8442557523948845 0.05145720923811048 0.04158346117607925
0 0.38637130064924663 0.7482437476596686 0.04917625680985216 0.05062165663051443
0 0.46553088511755525 0.7468483935906562 0.041397900760996365 0.050472209092341846
0 0.49430510743004485 0.679465500504435 0.026418289683533214 0.037597575663778804
0 0.5347710830625315 0.711741744540124 0.030440583620150674 0.053461723959343566
0 0.5601617080625316 0.7138143631016851 0.02053838281557363 0.050711437974127804
0 0.5963047864965114 0.7236396542962445 0.040578445933533214 0.038753459092341735
0 0.107177734375 0.65087890625 0.03271484375 0.0625
0 0.7594971844582475 0.8925468010576285 0.04040080639303656 0.06398465189529867
0 0.9025535522606338 0.9675722131843878 0.04406470258582185 0.04000902793716721
0 0.9290535144432741 0.8484414922570371 0.039772603189254685 0.041115149243820204
0 0.97998046875 0.7412109375 0.0400390625 0.0546875
0 0.9644516632777562 0.6863320366708159 0.057453160042687745 0.04401488276720872
0 0.863875991711736 0.6849970740723534 0.053273758433533214 0.039789768373122425
0 0.78125 0.6318359375 0.0546875 0.0244140625
0 0.709572424413327 0.7146332663015078 0.055339581220946066 0.034617964869426365