0 0.24544270833333334 0.011962890625 0.0546875 0.02392578125
0 0.2964762070969333 0.1790892095316251 0.07045051149288195 0.07186831526866311
0 0.14728377065726325 0.24970207154259172 0.07172228850023155 0.07097719091663768
0 0.3580729166666667 0.0107421875 0.05078125 0.021484375
0 0.15640597477838628 0.5436473840425917 0.10206418740468755 0.0856375808200518
0 0.32415060497283016 0.08685872475902667 0.07413000838998851 0.08575378563859948
0 0.020833333333333332 0.628173828125 0.041666666666666664 0.10009765625
0 0.022786458333333332 0.941650390625 0.045572916666666664 0.06591796875
0 0.14932400424131984 0.867606057552054 0.054931583633825255 0.0742610262429686
0 0.12727864583333334 0.7470703125 0.044921875 0.0341796875
0 0.21940104166666666 0.74267578125 0.06380208333333333 0.025390625
0 0.484375 0.97705078125 0.03125 0.0458984375
0 0.40471145382063106 0.7854444361749993 0.035975065143547535 0.04962739217132517