0 0.4333851049292078 0.3005529322963091 0.0382396845908235 0.056269761315608235
0 0.35560668659991784 0.27304098137744315 0.030716607505170246 0.03896680456581447
0 0.15791164955145032 0.022044340071793733 0.03012605625397713 0.030163534532494873
0 0.18804667451565654 0.2847501028060618 0.0457056029201135 0.02671192559872171
0 0.27722601159693505 0.2972868429585772 0.05611291417190323 0.040193877548432955
0 0.21879066408739 0.36927583189028856 0.055726902923096344 0.048968732515113356
0 0.13240499659355448 0.3263946165711752 0.0370756270886361 0.04012806499896904
0 0.3348428570079012 0.33758833399354615 0.0425262641728974 0.04712028536548463
0 0.488037109375 0.28125 0.02392578125 0.0556640625
0 0.888671875 0.412109375 0.0263671875 0.03515625
0 0.9695867816080709 0.3858337746197522 0.03198293500855076 0.06389756338245367
0 0.9780640366158262 0.32847754783663885 0.0366668891728974 0.04694979496564944
0 0.9732731570506549 0.19487318326979347 0.025652323758749596 0.065177709199299
0 0.98974609375 0.060302734375 0.0205078125 0.04833984375
0 0.02725215915420512 0.48104145478703086 0.031590900003977074 0.030206157132453615
0 0.008056640625 0.510009765625 0.01611328125 0.03564453125
0 0.030828530394660103 0.5512260869871546 0.04031178250318168 0.02460251773220623
0 0.05473055871062682 0.678416982754536 0.028689620837641816 0.032562318182536076
0 0.0953147191279563 0.6723549449890103 0.03359516000457363 0.034657518515731955
0 0.10208850038292769 0.6355491533058556 0.02859303250318168 0.024261536932536076
0 0.24635805162417812 0.6957826409099379 0.02922335542150556 0.036482775715855675
0 0.29913219829130877 0.6908302585614225 0.014001411670511166 0.02871812343294844
0 0.2850686303757689 0.6829414957776906 0.0261175362527839 0.02126081176593808
0 0.27115278579528584 0.6623574204939586 0.02322193875318168 0.02410525406602071
0 0.4266137182974732 0.6417261436483297 0.024783370837641705 0.032448657915979395
0 0.4687248787098315 0.6722283694995255 0.024732235837045202 0.028054126665979395
0 0.489013671875 0.65625 0.02197265625 0.033203125
0 0.47656044746579695 0.6280699439997317 0.02674785917110789 0.033482050549257736
0 0.349147107460428 0.6713146839128246 0.01837321625357946 0.02689286623282472
0 0.36041700578852476 0.7095479218631544 0.015517390421107669 0.033155277282907236
0 0.48616595953017283 0.7673916082333812 0.0238636250049713 0.03730305534934031
0 0.3924557311973036 0.766701485880742 0.012502477920113497 0.025745813332989753
0 0.3587185295244061 0.813566035646474 0.03053479416971583 0.023341804565814472
0 0.2995168411839803 0.8675170333948246 0.024295089587641816 0.032434450382659796
0 0.20525549117801467 0.9141901922921855 0.028235429588039596 0.03547779814921648
0 0.2111897541126445 0.7817381057423092 0.036382805836249865 0.02253573246564944
0 0.23503633411741703 0.7458998941429689 0.02674785917110778 0.03348205054925768
0 0.01171875 0.844482421875 0.0234375 0.02392578125
0 0.023421689509094346 0.9360769571870722 0.04477449375397713 0.03058976053208262
0 0.052729585753526376 0.9762259226545773 0.02629934958823843 0.0368858117659383
0 0.0302734375 0.996826171875 0.0263671875 0.00634765625
0 0.017454020752134425 0.9875027713035875 0.03340766500238623 0.018544237265731844
0 0.10746253908739001 0.9707284289227834 0.038415474170511166 0.029428500098927834
0 0.09962197284275909 0.9314191757392164 0.030665472504573632 0.03457227331581447
0 0.07037623284335565 0.9278770964883917 0.02970027333803954 0.035520420749175274
0 0.04897208535568462 0.8377103305210927 0.02079189583664759 0.025010778899422714
0 0.146240234375 0.98388671875 0.04736328125 0.0322265625
0 0.26904296875 0.989990234375 0.0224609375 0.02001953125
0 0.3156578465895774 0.948562738478639 0.03204509125357935 0.027290677165773047
0 0.356480294920657 0.9639708681797936 0.01743074375397713 0.02979413866618552
0 0.4567941965955431 0.9005256563825976 0.022341964587641705 0.03237762024938151
0 0.43462802158758884 0.9597445378486595 0.02426668125397713 0.029993044132659907
0 0.6481663565951453 0.7635737145771545 0.030915465840823497 0.05605664831581447
0 0.505126953125 0.77490234375 0.01025390625 0.0458984375
0 0.5078125 0.511474609375 0.015625 0.04833984375
0 0.9357863974230433 0.7952303324185976 0.05061716584281206 0.07127338714859799
0 0.984130859375 0.6865234375 0.03173828125 0.0419921875
0 0.7322373249522749 0.5858938802294638 0.029041884175084798 0.06283575568253608
0 0.98291015625 0.904296875 0.0341796875 0.048828125