0 0.3503565029936083 0.24932039850703713 0.040630553782288636 0.040337876990124144
0 0.4001394683621856 0.1856742579786811 0.02711871894785567 0.07820463551230039
0 0.5042428273454227 0.19758199122122982 0.04986004981519576 0.056192040626818485
0 0.41959298776037124 0.2515622727520696 0.06951018519888663 0.045130908146510884
0 0.43974267629121666 0.3413760687754581 0.05953520449814431 0.07062121856277348
0 0.591796875 0.4130859375 0.0556640625 0.052734375
0 0.3854941420060414 0.40222208061046705 0.05148640154884543 0.04512100407386166
0 0.2728388451349899 0.5484178675378768 0.06325153144785567 0.08115413115759917
0 0.21567254140216519 0.525727927573625 0.04906818524835055 0.06245998077829684
0 0.5446692505441032 0.24764563516209326 0.036752718848927834 0.040995575096037795
0 0.30487824471317526 0.14282540447134817 0.042095397532288636 0.04045745113790655
0 0.5747018061328659 0.057684179008131053 0.05170473966577305 0.0358835183731224
0 0.4015608678493402 0.05037050902054979 0.05464863469909287 0.03661094791868713
0 0.6864511075230104 0.3170431729259609 0.04787328463142271 0.07161775038051443
0 0.9336283873543507 0.40785269490487863 0.03768143363183496 0.05617215189529867
0 0.9341227153843714 0.5252893278593138 0.054046693182536076 0.032664839869426476
0 0.986083984375 0.19189453125 0.02783203125 0.0263671875
0 0.979248046875 0.223876953125 0.04150390625 0.03662109375
0 0.8109314755702064 0.4265772021918982 0.04682192716577327 0.03548493788051443
0 0.7380444764031961 0.43280552605277933 0.0475569615993402 0.027263872729035965
0 0.1255513336709899 0.7202839304998817 0.031903546532701055 0.02501185265269079
0 0.029226834503979587 0.7245990679962448 0.024346782132453615 0.03316318636451798
0 0.17399961257041258 0.7446978318274393 0.03019194959913407 0.033153201705647506
0 0.10867313510270127 0.7763865121279716 0.03864901371564955 0.03920188229308108
0 0.036127116735361064 0.7943335859888527 0.028338277332371153 0.03641173825860444
0 0.4467461685548868 0.7265308537127437 0.031907303831752554 0.05862354280416915
0 0.4072265625 0.661376953125 0.0244140625 0.02294921875
0 0.5916146420555053 0.71643589614246 0.026845018515731844 0.035315601610822034
0 0.3986089875704126 0.7630325344874038 0.026484605065608235 0.03967027481156116
0 0.513671875 0.657470703125 0.02734375 0.01513671875
0 0.4322974581842476 0.8661295290908337 0.02230318681540222 0.04663577111821393
0 0.378144619333258 0.8967818195243642 0.033064806965855675 0.0314392250012121
0 0.3368964486830106 0.9021829478371968 0.024806648315814472 0.03222648191377875
0 0.2871627988496085 0.900558833062596 0.03251969558257728 0.029446241951951446
0 0.2712611627813199 0.9567411307892075 0.021990621082371153 0.03589358361821393
0 0.13888304953420644 0.8436396852350976 0.03080809864901035 0.03758759100490838
0 0.10482306908078382 0.9621526466920165 0.018757350265525774 0.04196223352338846
0 0.15470026206546422 0.9184861793643997 0.016017585815814472 0.03150903702708452
0 0.3607444993311962 0.9684296850539325 0.020525777332371153 0.035774009470431745
0 0.21202660596385603 0.98015890323013 0.03168520841577327 0.034249338353429915
0 0.24975735513086628 0.9710607998224718 0.02046894719909287 0.033820884470431745
0 0.4484698590484951 0.9531830544701358 0.02629990713245367 0.03332261856156116
0 0.3467891198200002 0.773416160716499 0.028973859032701 0.024772704357125974
0 0.044496000015794096 0.8977993682807215 0.031154304565814472 0.03274463655416904
0 0.606201171875 0.90966796875 0.02685546875 0.0263671875
0 0.20152888216645393 0.8872360181919574 0.01689469558257728 0.02817078437560605
0 0.1664062723502271 0.8687810966944411 0.022090073815608235 0.03931155236821393
0 0.09223390224923739 0.897799207108279 0.019250856632659796 0.025440387121910213
0 0.05876230193424767 0.8356381214063275 0.015776057749381456 0.02320825577708474
0 0.1555706788970106 0.9818830257658782 0.028698690782494873 0.03205706505786532
0 0.58984375 0.659912109375 0.0224609375 0.02001953125
0 0.07275390625 0.994384765625 0.0224609375 0.01123046875
0 0.7114169743415053 0.8670973157252808 0.06042652179822683 0.06777124716129501
0 0.7006956873100414 0.7999736208385866 0.05628919396606186 0.026028192615730306
0 0.677978515625 0.977783203125 0.04541015625 0.04443359375
0 0.850830078125 0.98486328125 0.04833984375 0.0302734375
0 0.938232421875 0.976318359375 0.04736328125 0.04736328125
0 0.870988425994433 0.7763661398791246 0.04029333028167015 0.06223081714160261