0 0.108642578125 0.012451171875 0.04345703125 0.02490234375
0 0.009765625 0.19482421875 0.01953125 0.064453125
0 0.055814718831490334 0.14718132107880277 0.04058692935833824 0.06303938343353332
0 0.11667071532536971 0.20458360642432327 0.04156357244455944 0.03931846589039911
0 0.1440048835976051 0.3157923413385014 0.03521583560833824 0.06266379997094607
0 0.19168702924169145 0.30857412807750506 0.045419899150206944 0.06871777274383195
0 0.496337890625 0.033203125 0.04443359375 0.06640625
0 0.53662109375 0.012939453125 0.0263671875 0.02587890625
0 0.532958984375 0.31982421875 0.03369140625 0.076171875
0 0.46906049145963946 0.2352884406378457 0.05094044043837975 0.0768717122552749
0 0.3916129977108517 0.2086614861255096 0.04198196108246599 0.08012922718353332
0 0.3430538943968068 0.20283268144108313 0.04978471818225905 0.015133145114429203
0 0.33479289060984635 0.17913564191511328 0.049126939490124144 0.042760312657563415
0 0.28756915282536977 0.19263322352382106 0.048598639018420986 0.08981629834726479
0 0.40283203125 0.33056640625 0.0390625 0.05859375
0 0.679443359375 0.009765625 0.03564453125 0.01953125
0 0.6779451810433768 0.10977514393885024 0.0389228759482555 0.03670633988467764
0 0.0585553425027204 0.5058803618406922 0.05289364602460084 0.0532190826144292
0 0.08184363672321127 0.5833874245708904 0.047761700570165544 0.055773186651842055
0 0.024658203125 0.642822265625 0.04931640625 0.07666015625
0 0.13953039449041998 0.5249782338961626 0.045001349339858 0.07548542234154332
0 0.1560330774363692 0.7510354944137736 0.05728809668837964 0.0773155836201509
0 0.7416796523633649 0.41800805999127855 0.03779678532386166 0.05264890137895617
0 0.6145289294277057 0.928900207892674 0.03400020539899473 0.0358766191232347
0 0.8055761346394739 0.8247534885124201 0.03700960899751626 0.037058045330100486
0 0.555908203125 0.5 0.01220703125 0.044921875
0 0.6109500779286813 0.5028866425330731 0.04026814555047298 0.03534392798811048
0 0.895180252826582 0.6786654563293334 0.039500857955647506 0.03189181528696616