0 0.05356676335083477 0.15195509334941618 0.044160602957455275 0.056293115529928585
0 0.13644843075176905 0.17798391741674582 0.04723828942015906 0.058965466043971126
0 0.09927176425701756 0.23151377063613077 0.045625446707455275 0.056327207453616523
0 0.3125 0.404296875 0.0478515625 0.03125
0 0.2530786281031805 0.35666990903045903 0.04814085243880717 0.057686110659763035
0 0.365235893275089 0.3137484314205314 0.04729771965908558 0.07717190476151241
0 0.848876953125 0.4085286458333333 0.04150390625 0.022786458333333332
0 0.9100782140763615 0.27285895089844736 0.04848113472610338 0.05509330796765899
0 0.13310424985437286 0.9051226850028445 0.036244964991252626 0.08861791937200891
0 0.20263671875 0.9736328125 0.056640625 0.052734375
0 0.114501953125 0.9798177083333334 0.05126953125 0.040364583333333336
0 0.3867823700583293 0.8088436302837932 0.05114453942015906 0.059056377840472386
0 0.47314453125 0.5973307291666666 0.033203125 0.09309895833333333
0 0.24590911630248458 0.5676543435534839 0.060643881614214745 0.0631785433571624
0 0.1499761316026038 0.6082476850028445 0.046972006614214745 0.06286035206940858
0 0.3696954094813911 0.5946817187575517 0.05203253319638179 0.07468137784047224
0 0.04293038536135124 0.6985133806864366 0.06071788109556664 0.06448062669049559
0 0.4145908175408539 0.9115751410389709 0.05861675713286285 0.06183100412557844
0 0.8493166252535185 0.6852315138052099 0.04567701569055682 0.040073893736075096
0 0.8400017051282302 0.7290104011157535 0.029741448522723646 0.05140626860094525
0 0.7972779607051488 0.6656368536992044 0.03739866493880717 0.057436103219384936
0 0.8904875338374351 0.6901249509673854 0.04765257118880717 0.05767474668520034
0 0.6122496587092244 0.6179286505724881 0.042459191520974215 0.06925712899044874