0 0.4500932901292217 0.2745641556598437 0.04174007837836835 0.05597488834075722
0 0.5341994581995766 0.30386951845291116 0.04470385780205621 0.05862450834128752
0 0.4993294092448961 0.35607360455783565 0.04320492212836857 0.05599761500768915
0 0.3347772656260298 0.2044017984165871 0.02865876039943216 0.06358284833837098
0 0.06175875406007314 0.3173772894785591 0.033240797229715735 0.07797394500583306
0 0.0205078125 0.49609375 0.041015625 0.032552083333333336
0 0.01171875 0.5328776041666666 0.0234375 0.026692708333333332
0 0.009521484375 0.1728515625 0.01904296875 0.035807291666666664
0 0.594482421875 0.5924479166666666 0.04248046875 0.033854166666666664
0 0.65283203125 0.4869791666666667 0.0341796875 0.057291666666666664
0 0.7339895013216349 0.19731883235196376 0.06219675299283667 0.05238681167780257
0 0.7040060985732677 0.435834468458214 0.03987218318758812 0.06245500278484813
0 0.7150306534122739 0.3025148623487821 0.05088710607709146 0.08345499834234804
0 0.13635387758950662 0.6630202661521193 0.03476777318361668 0.04545216389507548
0 0.23543124746631594 0.7798152056147701 0.03281464818361668 0.04542186167249973
0 0.2929436878578051 0.7514046706251104 0.01707884943163096 0.03671590222522717
0 0.32906686840830235 0.8646181967430268 0.02283594866056715 0.02899430889295444
0 0.5941389836169544 0.7990551140130625 0.030449948761914536 0.05124335889428
0 0.5833846928300045 0.8744244362335172 0.032403073761914536 0.05127366111685575
0 0.1423814942707847 0.8740941261537101 0.02393183289347489 0.038124043337575575
0 0.19864327440390417 0.7173829294968536 0.03185513164546072 0.04670879389454511
0 0.8611631148570256 0.8208379500517022 0.06208348290340371 0.08102506945549193
0 0.7414965363773098 0.8964710483635593 0.05160797914943216 0.063938899453636
0 0.841552734375 0.9830729166666666 0.07470703125 0.033854166666666664