0 0.463875 0.2615 0.04225 0.050333333333333334
0 0.410125 0.2865 0.03525 0.037
0 0.43325 0.35783333333333334 0.02 0.037
0 0.43225 0.3903333333333333 0.0365 0.04066666666666666
0 0.45025 0.4565 0.041 0.049
0 0.513125 0.467 0.03775 0.048666666666666664
0 0.557875 0.498 0.04425 0.04733333333333333
0 0.6725 0.3401666666666667 0.034 0.03833333333333333
0 0.774125 0.30716666666666664 0.03775 0.027666666666666666
0 0.79875 0.2245 0.026 0.042333333333333334
0 0.89775 0.22316666666666668 0.0365 0.045
0 0.82425 0.1415 0.035 0.034333333333333334
0 0.69725 0.0455 0.048 0.049
0 0.846375 0.37116666666666664 0.04175 0.053
0 0.89575 0.3395 0.043 0.026333333333333334
0 0.893 0.3765 0.0215 0.050333333333333334
0 0.7985 0.3805 0.028 0.050333333333333334
0 0.727875 0.498 0.04175 0.06066666666666667
0 0.77125 0.6665 0.0345 0.043666666666666666
0 0.76825 0.6928333333333333 0.039 0.043666666666666666
0 0.776375 0.7991666666666667 0.05675 0.061
0 0.76425 0.7225 0.0325 0.03966666666666667
0 0.82 0.7536666666666667 0.041 0.043333333333333335
0 0.863875 0.788 0.01575 0.06733333333333333
0 0.847 0.8063333333333333 0.0155 0.07
0 0.82325 0.6631666666666667 0.0345 0.06633333333333333
0 0.843375 0.5858333333333333 0.02925 0.08033333333333334
0 0.900375 0.605 0.03375 0.04733333333333333
0 0.888625 0.6558333333333334 0.04425 0.04633333333333333
0 0.97275 0.6703333333333333 0.043 0.078
0 0.433 0.776 0.043 0.056666666666666664
0 0.3805 0.6915 0.024 0.059666666666666666
0 0.27825 0.827 0.0515 0.06333333333333334
0 0.22325 0.8903333333333333 0.047 0.058
0 0.19 0.8328333333333333 0.0495 0.03833333333333333
0 0.1345 0.92 0.0255 0.08866666666666667
0 0.079 0.8395 0.041 0.057
0 0.5485 0.897 0.049 0.04733333333333333
0 0.6455 0.8395 0.058 0.05433333333333333
0 0.402625 0.052833333333333336 0.03725 0.037
0 0.375 0.023833333333333335 0.0365 0.045
0 0.34075 0.042333333333333334 0.0215 0.05
0 0.363625 0.13216666666666665 0.04375 0.053
