0 0.35040567936738554 0.24019918001924112 0.07125627506113896 0.08149338781226834
0 0.20601345475728933 0.2943450557848953 0.07089315574820065 0.0834037937382811
0 0.09663695780269377 0.20817691747187472 0.04925888581464577 0.0640314676308158
0 0.18546986090923714 0.06324193870781203 0.04207875298772623 0.05806230684499414
0 0.35101612864525594 0.08509064261348298 0.04227886239156531 0.0687617752710068
0 0.583984375 0.319580078125 0.083984375 0.10009765625
0 0.677001953125 0.11767578125 0.01416015625 0.03125
0 0.7732173272713625 0.1182129771741598 0.03514313502445554 0.03317833453113428
0 0.8348775447293729 0.07548770355263201 0.01668231897725181 0.033019853469618
0 0.8250013697224512 0.1836298266087084 0.03096107967654138 0.0512631122172742
0 0.681396484375 0.206787109375 0.02294921875 0.03662109375
0 0.6852525032818828 0.1576548583003754 0.02195954127445554 0.03202491953347808
0 0.835693359375 0.008056640625 0.02490234375 0.01611328125
0 0.021484375 0.529296875 0.04296875 0.0654296875
0 0.31577331315752977 0.706602950165537 0.05505567984611481 0.06356753401866311
0 0.19488042103866654 0.7235232461126437 0.04048218981289242 0.07103230522505777
0 0.367071319790512 0.8868756791359073 0.06439560456464566 0.06535575892442114
0 0.018310546875 0.87158203125 0.03662109375 0.083984375
0 0.14315240206833646 0.6419076772801207 0.05820440073597277 0.06724181721258671
0 0.7655800248708003 0.4061627905279511 0.043249615881090886 0.04602615189094328
0 0.838335428075396 0.48912699829192663 0.051719216050664596 0.05696356332473951
0 0.7418500409687606 0.4929610910404222 0.05248911165905329 0.06140081364872674
0 0.7740468099390908 0.5728678969134545 0.03370958175872096 0.03353845855917237
0 0.6943359375 0.584228515625 0.048828125 0.07666015625
0 0.8873986953499895 0.6736233822163478 0.04490876002445565 0.03403271601087976
0 0.9480518083010323 0.6696004845667818 0.021258035645072115 0.05138529323752872
0 0.896484375 0.386474609375 0.0576171875 0.03369140625
0 0.7339976263727376 0.6921187505302948 0.06726271109611498 0.06463551086834496
0 0.7891304991175234 0.7435890390847797 0.043211767909053345 0.0605891512429686
0 0.8319922626891827 0.7183688475497102 0.03622593547549846 0.0424983973551214
0 0.9183307299741588 0.7426171242934311 0.03704604555417135 0.04014242925309608
0 0.8723755205161023 0.7165007178666661 0.04587876503668342 0.04916943476087954
0 0.7401125645879455 0.9568218595076965 0.037878522131090914 0.0455562420770832