0 0.4162807009947871 0.08076298525389314 0.024241103080574256 0.055872272356070285
0 0.36181640625 0.006591796875 0.0234375 0.01318359375
0 0.34909105862522893 0.0428479949959808 0.026597287214202847 0.041394554611791756
0 0.28173828125 0.010498046875 0.0205078125 0.02099609375
0 0.315243411828548 0.06734753111702463 0.02764486814451228 0.05366987376408039
0 0.1796875 0.005859375 0.0322265625 0.01171875
0 0.14815748000053947 0.07178358107567673 0.032817110289645735 0.019865769726667537
0 0.08488260984261846 0.0326768986769187 0.03094352593159236 0.03340106892209038
0 0.08260564080040708 0.08820438537234154 0.03780787080371617 0.03876189673811048
0 0.08889331601841763 0.18292068193836164 0.034872501829291414 0.0375804705312448
0 0.1496443985471796 0.2360168008313981 0.029941396796680952 0.02893824976980186
0 0.2645438921066481 0.2176734418503068 0.030520581637477173 0.044597393720946066
0 0.2936728380605882 0.33254919162010865 0.030531944586326576 0.046550518720946066
0 0.3353500292805434 0.30566627121737344 0.03500601647827328 0.0605296892812448
0 0.35172181761687005 0.2623594278551351 0.03296198788747717 0.04476811347666754
0 0.34087200765332903 0.19614442947881638 0.034770235289645735 0.020002345531244803
0 0.3067462941603643 0.184477009148716 0.036567445293494205 0.07723368363467742
0 0.3710946374340357 0.12303189799861824 0.023696007086326576 0.04607250340492608
0 0.40448208480231096 0.17763392437757441 0.02269671868862755 0.04209796550263745
0 0.336837273377713 0.3858809720219507 0.02996696343159233 0.03333278101980186
0 0.058287186714039665 0.3219511821685599 0.060916170837609473 0.06771041244189213
0 0.028320548832976758 0.2670998821976137 0.03680290093159236 0.03381079633582185
0 0.016378357244787055 0.05279908926671778 0.02467825106075139 0.0471173538072146
0 0.03784438561939496 0.3933051864216438 0.030526263111901875 0.045573956220946066
0 0.034423828125 0.44091796875 0.03759765625 0.017578125
0 0.42919921875 0.26416015625 0.021484375 0.044921875
0 0.24298882422686807 0.14435962029881366 0.03780787080371617 0.03876189673811048
0 0.7937426435063326 0.23235556832871873 0.021742882086326576 0.045935927600348814
0 0.7656836788298717 0.1854533441623497 0.02359089980946849 0.02800609715492608
0 0.7612689368688554 0.2725825363031954 0.019690331283893303 0.02870950804577166
0 0.7839397633720422 0.32203886450697716 0.015250348238495137 0.020589712485473033
0 0.7867472991719099 0.3432398219638429 0.015755673911769463 0.02355354393661735
0 0.842314776606689 0.3637337948942922 0.022140259745530466 0.03034507155149313
0 0.6494237976962023 0.3536649029422968 0.02315659256650382 0.03724929695378165
0 0.6790868022460699 0.3767437777120986 0.019752827502565684 0.03945169554577166
0 0.5453129200837201 0.11289137199512966 0.022691037214202847 0.04112140300263745
0 0.4517532494769496 0.07362088962542557 0.02270524090026471 0.04356280925263745
0 0.444580078125 0.1171875 0.00927734375 0.0283203125
0 0.44384765625 0.144287109375 0.0078125 0.03955078125
0 0.4812277887192118 0.38098188374866027 0.02120914904092852 0.03808928364920461
0 0.47078136343982885 0.24543094787234154 0.017731524809468546 0.027596369741194504
0 0.44849371090978407 0.2140751698697041 0.009970158079291386 0.035839129022885885
0 0.5300452018714212 0.2183123659608009 0.01632065506650382 0.036771281637761666
0 0.5239670901060679 0.25550029479706937 0.01385368218159233 0.032206030632040195
0 0.728707492928324 0.2439277040765278 0.020666893783893414 0.028777795948060292
0 0.7014038387998268 0.15116118636130316 0.027534079393229494 0.03462690501408039
0 0.6155061091208002 0.13831591345990774 0.018745016893229494 0.03401231389348314
0 0.6345519186080125 0.13915924630453513 0.020752115900264823 0.04342623344806029
0 0.801429499967929 0.4224232844493159 0.02364487381650382 0.03728344090492586
0 0.873133635651466 0.2721007198652383 0.020187134745530466 0.030208495746915975
0 0.8768864858419975 0.2987410589743926 0.019210572245530466 0.030140207844627342
0 0.9131613352026164 0.27685364885907027 0.021705952502565573 0.039588271350348814
0 0.9143304167319994 0.4117558496636474 0.018256735643229494 0.03397816994233893
0 0.948243400484565 0.3760258447926036 0.019264546252565573 0.03941755159462734
0 0.8527593378004479 0.24771745516717802 0.01882171679796385 0.04719590764348314
0 0.7320253847748318 0.4292935933868265 0.022637063207167518 0.03184405925263745
0 0.713134765625 0.431884765625 0.01123046875 0.03564453125
0 0.7114326757089899 0.3584894659876219 0.014373211540928521 0.03761126833318451
0 0.7180331575708917 0.31547630610249766 0.014833085418804792 0.03276259978432883
0 0.737604177891865 0.3100061266482694 0.017274491668804792 0.03293331954005019
0 0.6826812222537669 0.26269082891896434 0.013382445354866657 0.03510157418089588
0 0.670166015625 0.443115234375 0.02099609375 0.01318359375
0 0.04381869231000801 0.8578851408010045 0.059516664043494205 0.0788384493384593
0 0.32590922497434316 0.8170393256112611 0.018753539104866768 0.03547715764348314
0 0.264663854170627 0.8489041442182246 0.045274126414335036 0.0636881185052749
0 0.2131190969615555 0.8086637916469297 0.05154224202238855 0.050460114870150674
0 0.4708056278726225 0.9162539501989114 0.05879260160486666 0.03827696163731509