0 0.062255859375 0.031494140625 0.06396484375 0.06298828125
0 0.0087890625 0.175048828125 0.017578125 0.08837890625
0 0.17989715025862846 0.1695452683693457 0.047886131840619295 0.07775483548452078
0 0.19573449867314835 0.31319972069426794 0.05624016882899252 0.06996595883142498
0 0.4065474753376209 0.08965404818683476 0.06607425797125832 0.10899520388978412
0 0.5327481166621721 0.05017550389735925 0.029459393020509594 0.07911555425216754
0 0.573974609375 0.06640625 0.03173828125 0.046875
0 0.5338927514429601 0.11193127034890715 0.03625037984780466 0.05079042595479932
0 0.501764395354038 0.09335731965943395 0.04398611063987046 0.049780608513158464
0 0.4982827895335793 0.03903952853497583 0.025636141027694848 0.05260617103080523
0 0.43165801496930667 0.21427034755912522 0.04000309143193648 0.048088251608978894
0 0.40797915147444586 0.28526057122429593 0.038041661366267965 0.0849701134547991
0 0.447823877418707 0.3330793344225924 0.03498817771921203 0.06386026312770943
0 0.604736328125 0.057861328125 0.02978515625 0.03076171875
0 0.8481100145588791 0.17317285400386417 0.036870762310529215 0.03476246213761658
0 0.8871593824214037 0.22687943134643318 0.03355722877085854 0.027267608521981845
0 0.9636127445171623 0.21707183108993056 0.021117813630638915 0.031411003270898075
0 0.854736328125 0.01123046875 0.03369140625 0.0224609375
0 0.6926007151747984 0.04738918279659099 0.030422823383034092 0.023190723656347112
0 0.7398962594710039 0.3152902256182619 0.026721291270858538 0.02686946050216754
0 0.0029296875 0.4853515625 0.005859375 0.03125
0 0.7186117752870212 0.6865786894707382 0.043862314492814525 0.028841393051703523
0 0.719701078063019 0.730813209210831 0.04057437068912195 0.021834820686068568
0 0.8225734816697065 0.6070181961448853 0.034994406518463306 0.03611354931052668
0 0.8363069174737481 0.6514898606338944 0.033324844880638915 0.03212198187770943
0 0.7964241441950063 0.5486659510512324 0.034429356060529104 0.034620266416254375