0 0.2848244578703146 0.40874254800549004 0.03220021823855834 0.05711579127445554
0 0.12980058542261708 0.4254975690176258 0.035748393942012124 0.04711220889857892
0 0.13996772153397058 0.16225139429909508 0.03778677472690406 0.04967877708564061
0 0.05599573044052372 0.2928400244843573 0.04776786246524978 0.04252337725521427
0 0.019287109375 0.500732421875 0.03857421875 0.01806640625
0 0.5673828125 0.43017578125 0.044921875 0.0732421875
0 0.3729770732255574 0.22819277789890063 0.030485809436255895 0.06382656683739396
0 0.7542596363479274 0.08445540802648477 0.041852687442083036 0.06845249797549846
0 0.8699745345454123 0.1330667450685203 0.033959578209422636 0.037740993695782654
0 0.982177734375 0.159912109375 0.03564453125 0.06396484375
0 0.8759052049754157 0.20040590058600827 0.05316220967460161 0.05748471959786827
0 0.976318359375 0.0126953125 0.04736328125 0.025390625
0 0.7607653788647709 0.260887949185584 0.05533079741294733 0.049828672019195386
0 0.13767201764426096 0.7674894928882884 0.04840495757582364 0.07471864927094884
0 0.5507222763819688 0.9373570201700333 0.032893113372299165 0.06300645675872096
0 0.006103515625 0.7314453125 0.01220703125 0.0478515625
0 0.47939450641216763 0.6082037462451535 0.04261378720373732 0.07629628845976388
0 0.6745612212591028 0.812696545825258 0.06196212102920656 0.04440736379891108
0 0.6666076861492376 0.635869594868955 0.06472749926179602 0.053841159970238195
0 0.6978313418877959 0.5788163845630303 0.06241629996524978 0.043462091783176504
0 0.7642778758059325 0.7129198488602799 0.059787330988487486 0.03793454561184939
0 0.6064453125 0.827880859375 0.033203125 0.04931640625