0 0.1753302891050719 0.1622892600321112 0.06703639119813058 0.05379049242607925
0 0.21195606019694813 0.23944776277720292 0.05998859313135396 0.05628174138421049
0 0.13427568179903746 0.29973535899145487 0.07248402161949145 0.07701871752090472
0 0.026692708333333332 0.358642578125 0.053385416666666664 0.07080078125
0 0.2850412601726732 0.18041573540777656 0.05490589661949145 0.07594255019086349
0 0.3225911458333333 0.4033203125 0.07096354166666667 0.0732421875
0 0.5550130208333334 0.06005859375 0.011067708333333334 0.0615234375
0 0.5922103426591613 0.12995310804319932 0.0473416176211409 0.03163851524751626
0 0.8256621268810168 0.10591830140783565 0.04942037944261172 0.051737762596037795
0 0.7682219658335668 0.029546974989089425 0.054806169998625386 0.03988945378938502
0 0.6028880684226525 0.3402230058646363 0.0539018975982406 0.05006364394086349
0 0.6263020833333334 0.41064453125 0.052083333333333336 0.05859375
0 0.7763671875 0.41650390625 0.06705729166666667 0.046875
0 0.5279947916666666 0.58203125 0.04296875 0.11328125
0 0.7542317708333334 0.452880859375 0.042317708333333336 0.02587890625
0 0.6917317708333334 0.461669921875 0.064453125 0.04345703125
0 0.6746263314866802 0.6394208855877292 0.05371246382064617 0.04518083144086338
0 0.8123830530818967 0.5038484372885277 0.058629679664742085 0.05473718153568896
0 0.8686866114637798 0.6095166387072739 0.04754999477649472 0.03700960899751626
0 0.5812819707827349 0.8356001168401539 0.060234857042226864 0.06262939763421049