0 0.19189453125 0.06763793002181062 0.0654296875 0.06739386837105832
0 0.25927734375 0.1346458760867812 0.044921875 0.05362378695998038
0 0.97265625 0.20647164850334732 0.0390625 0.036226866378243794
0 0.987548828125 0.244140625 0.02490234375 0.0302734375
0 0.985595703125 0.135498046875 0.02880859375 0.02490234375
0 0.837890625 0.15351044387340618 0.0458984375 0.03414371643193648
0 0.810546875 0.22873757490863555 0.03759765625 0.0478688471703097
0 0.775390625 0.31478573891821615 0.03857421875 0.05475596414226569
0 0.8583984375 0.3362258377844842 0.044921875 0.05508863070998027
0 0.89111328125 0.31987394384501333 0.0361328125 0.0673233279623755
0 0.9248046875 0.30992088562749864 0.04296875 0.07988861551606807
0 0.7412109375 0.35693359375 0.0517578125 0.025390625
0 0.6953125 0.30717105346781637 0.046875 0.044448802153892464
0 0.708984375 0.24929381607520162 0.04150390625 0.03879622130813409
0 0.70166015625 0.18543340753553095 0.044921875 0.05118238070998038
0 0.6474609375 0.1625734155919677 0.03369140625 0.04912897303248531
0 0.53173828125 0.2546531794151704 0.03662109375 0.058559855198353494
0 0.655517578125 0.01025390625 0.06591796875 0.0205078125
0 0.767822265625 0.00732421875 0.06787109375 0.0146484375
0 0.6025390625 0.13971134738198732 0.056640625 0.04251919062345344
0 0.77978515625 0.13484026529201854 0.03857421875 0.04499033914226569
0 0.95556640625 0.009521484375 0.0537109375 0.01904296875
0 0.9052734375 0.048155108688376747 0.03466796875 0.03111374625444141
0 0.89697265625 0.07701695817674992 0.0380859375 0.032269436906287696
0 0.4560546875 0.4152513056155229 0.04150390625 0.0719993463081341
0 0.40234375 0.41487784090793767 0.0546875 0.08294417542954124
0 0.011962890625 0.450439453125 0.02392578125 0.06689453125
0 0.14990234375 0.6023315411572872 0.03369140625 0.06866022303248531
0 0.1982421875 0.6297672687691138 0.04443359375 0.0457856972240025
0 0.1884765625 0.6692945365495528 0.0546875 0.03313948792954147
0 0.224609375 0.7029264582619283 0.048828125 0.04601600484780466
0 0.263671875 0.8080009808901722 0.0302734375 0.07141078238063892
0 0.2568359375 0.9433849120864796 0.04443359375 0.07996538472400228
0 0.14599609375 0.8360135420194628 0.0615234375 0.08379071298323404
0 0.43798828125 0.8547341728843352 0.05517578125 0.05269632766551924
0 0.43115234375 0.9129696665806425 0.02880859375 0.06059182567270471
0 0.42431640625 0.993408203125 0.056640625 0.01318359375
0 0.488037109375 0.66357421875 0.04345703125 0.072265625
0 0.501220703125 0.551513671875 0.01708984375 0.06494140625
0 0.6025390625 0.7056935750919204 0.02978515625 0.05576019264466092
0 0.77294921875 0.45681189294825897 0.04052734375 0.04851066683617794
0 0.90625 0.5043252346202659 0.0322265625 0.04221626632455111
0 0.9609375 0.5389295662998073 0.04541015625 0.04681343919595837