0 0.1825257939561193 0.21268256160964927 0.05266741053600266 0.061550384748556564
0 0.20554197717011663 0.27203077869367 0.03949477340175789 0.040673176382247433
0 0.3006890399431418 0.2512081109796699 0.032863403602148455 0.04926333341577327
0 0.35386746147363235 0.1886669561977936 0.04384384516278206 0.038847919182123825
0 0.45417941727031197 0.26040461298399975 0.039653881613172626 0.047509113882247433
0 0.49560546875 0.14697265625 0.03125 0.04296875
0 0.501708984375 0.2255859375 0.04345703125 0.0693359375
0 0.5967900038610887 0.2670276129918968 0.049783182524978375 0.06341826454863919
0 0.5888671875 0.319580078125 0.0341796875 0.04052734375
0 0.8353911033098735 0.16249491686521622 0.052338237497417506 0.06837211471523719
0 0.8325081000683154 0.0976813784150925 0.027719607297026938 0.0588726755492579
0 0.9786409805417313 0.06659206473585533 0.03210277367478298 0.05851226209913407
0 0.9494784427262147 0.1664945728184326 0.036928761813563415 0.05621293118232984
0 0.8891008160404075 0.22387774685010275 0.033147525408246725 0.06147036466577305
0 0.943359375 0.31103515625 0.0322265625 0.0576171875
0 0.9759564211532328 0.30771775703593784 0.032500135946831765 0.05462021963245367
0 0.928955078125 0.331787109375 0.02978515625 0.01611328125
0 0.18451832090720455 0.5939029962149689 0.04868119817380645 0.03703686951531959
0 0.10279351420130178 0.6040881542793399 0.04904487408561198 0.05266186951531959
0 0.009765625 0.576171875 0.01953125 0.044921875
0 0.18697796608031636 0.8236561444318554 0.04102780638522141 0.04364548648220623
0 0.21837291793350677 0.37626787674911316 0.031353100363172626 0.047267585815814445
0 0.36865234375 0.3642578125 0.0390625 0.048828125
0 0.36130172094711355 0.44091010313651513 0.03297705232458781 0.05414614591577316
0 0.28597976182647544 0.5323967018844533 0.05937792618483062 0.03539631024835055
0 0.1669921875 0.347412109375 0.0419921875 0.01513671875
0 0.24169921875 0.3466796875 0.041015625 0.013671875
0 0.45892911735529474 0.7537734522228038 0.04162973635766054 0.04854250651552583
0 0.44729482053886693 0.4989138296723089 0.042912742151757666 0.040772629115484516
0 0.5257104081393442 0.7526108994792575 0.033839966102148455 0.04929174848241247
0 0.504704990799544 0.6488006735785977 0.03413545278049046 0.06198706098241247
0 0.547030842159505 0.4235998072963091 0.03705336715175789 0.04060213871564955
0 0.8028329845417967 0.43957835230352543 0.03843865679605041 0.037226792565608235
0 0.752754723594965 0.4947100431354842 0.03774580784565984 0.028423522532288636
0 0.7139028488332462 0.7593338228678966 0.0309784678356122 0.05213619078249487
0 0.7065201726960715 0.8459158869844121 0.024846335901757666 0.04024695038265991
0 0.6528189670423605 0.9309179792662884 0.027276785536002546 0.06081159301593808
0 0.6893036823254335 0.9357117892673192 0.0352134826177084 0.02444623486569064
0 0.6150074195021697 0.8363798719984946 0.03188643284565984 0.02825303213245367
0 0.6269429185877817 0.7847977750154637 0.035588523401757666 0.04055951611569064
0 0.6378762676334847 0.8810938591158348 0.04478631304605041 0.03741149049876302
0 0.8685853129765622 0.7802064522722677 0.035350269341124285 0.05128749608237104
0 0.8058933349178815 0.7273801391371337 0.04869256304605041 0.03752515076531959
0 0.487548828125 0.373046875 0.01513671875 0.0224609375
0 0.9558597853364578 0.9299076010748244 0.057765747352148455 0.04998791761507215
0 0.889862670737239 0.9142617006062883 0.047511841102148455 0.049689559415360796
0 0.8356967300909933 0.9563376654881234 0.03379450661317285 0.04733862348241247
0 0.8567776852810544 0.6795442519885357 0.031398559852148455 0.04922071081581447
0 0.8046875 0.360107421875 0.04296875 0.04052734375
0 0.6512730024701388 0.4313015826659173 0.034543771668294365 0.037601413549051554