0 0.013427734375 0.215576171875 0.02685546875 0.03173828125
0 0.12052389916839135 0.23857538446796978 0.04364625625121232 0.0324651844258399
0 0.396484375 0.019775390625 0.0498046875 0.03955078125
0 0.5957409683937314 0.337252997662309 0.05146866032386166 0.0505685202596009
0 0.761962890625 0.375732421875 0.03662109375 0.04833984375
0 0.98974609375 0.315185546875 0.0205078125 0.04345703125
0 0.8355076761512418 0.13263661062580911 0.06091542092977531 0.04671908500384858
0 0.7441093010576285 0.16199062592058622 0.04724354592977531 0.046639544361901875
0 0.9628294276672382 0.15436747866222733 0.05235552206646954 0.05545417349681325
0 0.6474393564578355 0.22850230874797373 0.06099513702829684 0.04769564750384858
0 0.17763356137664094 0.7031922010415088 0.03819536581646954 0.055371792117654195
0 0.23680521279781186 0.7218999628004479 0.040218222256120706 0.06221625182929147
0 0.1346951682843583 0.5661698177103135 0.0267656068201656 0.05286504891176946
0 0.11632970578557061 0.5985185319104458 0.03553478058864579 0.04071483240601714
0 0.09280290795928442 0.4838548195396049 0.02943609612063869 0.08557989266176952
0 0.019321733336162022 0.433476954223763 0.022909199528296842 0.04747407000128284
0 0.068359375 0.987548828125 0.033203125 0.02490234375
0 0.17333984375 0.97509765625 0.03125 0.0498046875
0 0.201416015625 0.990234375 0.02978515625 0.01953125
0 0.24951171875 0.585205078125 0.0400390625 0.02880859375
0 0.260009765625 0.555419921875 0.01904296875 0.05419921875
0 0.2301694519925488 0.4610725531840765 0.035076292142814935 0.07097122548274284
0 0.16691206847037254 0.47609596799611065 0.04322762585464224 0.06320985875256568
0 0.8948989900675635 0.6222097449563834 0.0628984193201656 0.053075263465485634
0 0.8801805793692489 0.687267621432091 0.04864864289899473 0.03395843554796385
0 0.8342421226475457 0.7349206578777538 0.03752776363790655 0.041214476604866546
0 0.7276269903605261 0.8591347503215128 0.04210161581646954 0.05539451801535322
0 0.6470706493556179 0.8298041120254936 0.033382365342341735 0.03826206320716752
0 0.496043584946984 0.43987225190531454 0.04518075085464224 0.0632212217014152
0 0.6810521748164103 0.4920438353867337 0.029476115342341735 0.038239337309468546
0 0.4254217216944411 0.5741357175197821 0.032176639205647506 0.029470159969955168
0 0.4801481932952689 0.8376144223893403 0.04748277481156116 0.02565481356075139
0 0.5707392615723534 0.8522312862294745 0.05881284839160261 0.03889806279221131
0 0.5188616331659076 0.9228789932205355 0.05904201202829684 0.04768428455499896
0 0.4282407720846539 0.8779744881943392 0.03980973769086338 0.03927555529092852
0 0.8101275193274393 0.5831333668208509 0.06667519109973385 0.03357526157482188
0 0.889478456540538 0.5079292065586843 0.06419384621425195 0.056987194939910446
0 0.41364330549988165 0.5375657570396049 0.03630214876969251 0.020221223592079007
0 0.6322725225587816 0.8938854260012012 0.04573884413051443 0.04614274090026482
0 0.7872671148863984 0.8416898144199652 0.04010863276720866 0.05489487381650382