0 0.034912109375 0.008544921875 0.03076171875 0.01708984375
0 0.2172546867927164 0.029163187550658276 0.057169704389870624 0.04991039249870499
0 0.21830661677320629 0.15147161858873193 0.03581327806976087 0.05135114790099948
0 0.27495829764426466 0.21938019114327517 0.03828235032215599 0.04269853778932298
0 0.1703810358706621 0.2500669522841886 0.04126114102769496 0.05306615436292583
0 0.24658125141203013 0.3563918954186729 0.03303505271921203 0.06339898469795546
0 0.28841990049616184 0.35541802548464274 0.04382841969116813 0.06487587262180816
0 0.2265625 0.419677734375 0.0234375 0.02001953125
0 0.08076411550060322 0.38032964846951367 0.033932769744860786 0.07123422676267599
0 0.382080078125 0.421630859375 0.03662109375 0.01611328125
0 0.37838329411038374 0.3990623783843472 0.039516886448353494 0.03837223273348478
0 0.33364194898967425 0.2795899740214214 0.03581327806976087 0.05135114790099937
0 0.407265231723955 0.1880366026914348 0.03971952806976087 0.05153308441876414
0 0.35516577305159913 0.1047531928488179 0.04866005271921203 0.06412673076901398
0 0.40097846173902374 0.030901008450317125 0.03303712898562916 0.05414438301267599
0 0.5321013119760012 0.2372018921863005 0.04138701344116802 0.0647621622982053
0 0.6136028080471578 0.0822067445948873 0.03665981562345344 0.05820982746572012
0 0.6207872950577378 0.24717758090072556 0.026256523490419514 0.036293353236029
0 0.6613706453515009 0.34307603287532795 0.04028457852769485 0.05302067023348478
0 0.6282740318282474 0.32497349410376963 0.03434843431976087 0.05128292170683757
0 0.5737165567745547 0.31561318741978517 0.05439770783857312 0.03419442423982266
0 0.576045222748557 0.36004678116978517 0.04043811694356325 0.05595035773348478
0 0.744873046875 0.283203125 0.02978515625 0.0361328125
0 0.7787227396384276 0.39660907270651813 0.030593646469212032 0.06328527437435261
0 0.876220703125 0.408935546875 0.03076171875 0.04150390625
0 0.8127247007140255 0.2739849453283263 0.018103051857036423 0.06660023069161758
0 0.2828282585649705 0.4645950783170823 0.05056615078009008 0.04473193315733748
0 0.3755124692585338 0.5229788369756692 0.039565989653892575 0.04860339691876414
0 0.5416007109336338 0.5506851861012253 0.06192249194356325 0.05695100858119023
0 0.4530129342629752 0.561171825757359 0.053365813333782874 0.051681580980940334
0 0.4060777751863779 0.483486930311948 0.04617161953009008 0.04452725457485224
0 0.540408374674751 0.48146295892482815 0.05657283539670699 0.07569833048982272
0 0.530029296875 0.435302734375 0.08154296875 0.01123046875
0 0.48088851445823577 0.7120065941609028 0.031772850590619406 0.07649161018907313
0 0.6604812333915207 0.9137457468689443 0.0556813471703097 0.04009928336926394
0 0.6157772084168205 0.9715756182763274 0.0604873904623755 0.03886186026646965
0 0.012939453125 0.99169921875 0.02587890625 0.0166015625
0 0.01611328125 0.834228515625 0.0322265625 0.05712890625
0 0.10543547708782791 0.8810748238463648 0.04614395352769496 0.053293575010131544
0 0.17410888490728715 0.6300126782194224 0.04290303666312423 0.065806950992367
0 0.38225845276362574 0.8097015968754192 0.04601392858138764 0.06010677044541102