0 0.019735783836461573 0.28995294507874636 0.032309525433984465 0.05454580042071
0 0.202153750258928 0.03412334676854645 0.04268783989845515 0.04685829708883499
0 0.33356694013711974 0.0762017855366422 0.034114153871808384 0.0409023337543748
0 0.376220703125 0.1083984375 0.02685546875 0.044921875
0 0.42496777605597524 0.16287708418701613 0.04089256306851424 0.02926880875536908
0 0.6742894805903008 0.29573140838834977 0.036679968336278845 0.033123923754772466
0 0.713666330647434 0.3523723754773836 0.03340914986547017 0.025765615004374798
0 0.7900883683593605 0.34788762173772403 0.02094125801267599 0.03050070416931816
0 0.6801141417247394 0.12871649422141795 0.033682054642117154 0.0316249900043748
0 0.5179913762679016 0.1585855071162769 0.03029752584770551 0.02182527500397713
0 0.11748696857128682 0.8503614075429525 0.030050055701749123 0.0584236420870452
0 0.07021869442912404 0.7848347896194585 0.056747676281689974 0.07630289542389168
0 0.05784984853312192 0.6518063862836064 0.025655524451749068 0.0583725070864487
0 0.13608452000776994 0.7132964179612764 0.04547172340224881 0.07519565458903377
0 0.09331513583132722 0.6141124837881801 0.047672318548205306 0.0386200141728974
0 0.17491294031865123 0.6453518046327817 0.04268918618144002 0.06784302750536908
0 0.235093249717152 0.6958837454745996 0.04299418463069049 0.042957728755568025
0 0.22449417364738844 0.7661110204736054 0.03895148224236711 0.03998258792170439
0 0.2901687111003868 0.6672118538152243 0.020339266439073134 0.028053616252585067
0 0.31780541537578444 0.7031972850692013 0.034408454430190805 0.02626525958784076
0 0.3019262138149032 0.7714089367341446 0.026039446986029002 0.024703827503380515
0 0.2329942483479338 0.8458429058919291 0.03516964045683768 0.03213031625457363
0 0.11124898379593484 0.9108685108758219 0.032511511450499686 0.016970870837641705
0 0.07436299059418577 0.9685762629545154 0.03435227240988181 0.03553692167110789
0 0.016269710764062306 0.6005137862776408 0.019852331472058005 0.04903266500238623
0 0.032840525874443804 0.5489207421128963 0.04698070499870499 0.055204531672698565
0 0.015625 0.474609375 0.03125 0.0380859375
0 0.029505375312404547 0.8512918325310213 0.0502622213603815 0.052314615839829215
0 0.20883049330588388 0.4835492396363612 0.03201387859261695 0.04819814417071003
0 0.248291015625 0.452392578125 0.05029296875 0.06494140625
0 0.2978702657157657 0.4494100079815595 0.020477065110381498 0.051968034169119215
0 0.0784512494849623 0.7863962217039188 0.025359877610381498 0.0520248508364487
0 0.7214334188910048 0.5916976838001113 0.07222552600249865 0.08380324584261323
0 0.5303295471472971 0.47808552877346483 0.05671289004311664 0.06507810834062466
0 0.5105293588465931 0.5990145104382092 0.05163744313448415 0.0713632662565622
0 0.6693812334596103 0.7547548708774128 0.06996336370429335 0.04571162667588036
0 0.6903933378594062 0.8595481867142591 0.06236624017764636 0.039767026674885964
0 0.966824712704613 0.9243215375855074 0.05375911419541124 0.043571006673692736
0 0.8730373062730816 0.7981624775719853 0.05967736378168986 0.07633698542428946
0 0.8152060885827135 0.7706195271472982 0.06157161419541102 0.04366191334142
0 0.926884696161405 0.79585777341261 0.033762325010131544 0.04382633958764193
0 0.8425030805432991 0.6146024754833492 0.05310094060149917 0.050395580840226994
0 0.76416015625 0.44140625 0.05078125 0.04296875
0 0.834716796875 0.4345703125 0.04931640625 0.029296875
0 0.8717424996130172 0.4483485625695991 0.037736801204293347 0.04533663667150545
0 0.8635741319023857 0.5083446579855366 0.044663706963175676 0.047369305005766804
0 0.9211230932082239 0.5104799384100249 0.05316916679566086 0.051860424590226994
0 0.95654296875 0.560791015625 0.0869140625 0.04833984375
0 0.4221877866551127 0.9013735533448006 0.04331122725379366 0.028808935839033767
0 0.4033203125 0.95654296875 0.02734375 0.037109375
0 0.470297517191937 0.9488337650182946 0.05879977486547017 0.026061061674488295
0 0.6408548237211282 0.9581465671248277 0.065318669742367 0.040289397925283854
0 0.7743629761195834 0.9132882167259916 0.048331838425102136 0.0527801704228974
0 0.9648983686182884 0.860788158418178 0.021236904854043726 0.03684836041931794
0 0.9912109375 0.708251953125 0.017578125 0.05810546875