0 0.149169921875 0.011962890625 0.05712890625 0.02392578125
0 0.270263671875 0.145751953125 0.05908203125 0.06298828125
0 0.10198772306874249 0.10512545537278611 0.06921422185149928 0.05058307584241439
0 0.258435670236303 0.20383644285091207 0.07475655422839611 0.06480004875974377
0 0.10581093776174622 0.3373768803707975 0.04406171538957282 0.04492221708903399
0 0.25512737296095095 0.26438899951764505 0.062173605769013984 0.04610900125815309
0 0.17593080335311378 0.33021674577798543 0.06626044600379366 0.02907597417548269
0 0.571533203125 0.012451171875 0.02099609375 0.02490234375
0 0.3732446774215367 0.026349116232699643 0.02270174860404353 0.036865405419516994
0 0.42464527592792034 0.10676177539187615 0.021054968336278845 0.03294211041931794
0 0.42098514979089185 0.164390326225342 0.022939867142117154 0.031499993336249865
0 0.44114913875411327 0.21344537580562628 0.020816849798205306 0.03830752250258507
0 0.3056640625 0.36865234375 0.01171875 0.0400390625
0 0.33837890625 0.382080078125 0.02734375 0.03564453125
0 0.32511206007396815 0.3367997449872733 0.02148706756596991 0.04221945416931794
0 0.3385471628188795 0.3102905158189495 0.02367831110404353 0.03687676875298296
0 0.38468371885695307 0.3151218512293191 0.01879549860404353 0.03681995208565336
0 0.34622859556249586 0.22919037498508588 0.020816849798205278 0.03830752250258529
0 0.516084936934304 0.1867085378789506 0.022099757030440648 0.0344183175027839
0 0.487597424656362 0.13823835788312655 0.02148706756596991 0.04221945416931794
0 0.5041186444153357 0.32837259871301305 0.02453046538957282 0.04469495041971583
0 0.5265220536120417 0.33982431037656435 0.024166592354043503 0.03688245041971583
0 0.5574790993366441 0.3038388791225872 0.019908513492366997 0.039761002919119104
0 0.44994216773005624 0.3285149824703706 0.022769974798205306 0.03833024916951677
0 0.594484187993936 0.15895536578514424 0.018863724798205306 0.03828479583565336
0 0.6168193709964802 0.17187192119869554 0.022519812086278845 0.032959155419516994
0 0.692670236897434 0.04166491160588348 0.02509767072460234 0.03591725125318168
0 0.7142870254368027 0.10143942201923584 0.02613041524491133 0.026656952503380626
0 0.8063274041068161 0.02179775909057169 0.019590124586278845 0.032925065419119215
0 0.871616527996526 0.2650463624134982 0.023020137510131544 0.04370134291951677
0 0.7630214172389386 0.3229199090945487 0.022838200992367108 0.03979509291951677
0 0.7502672301526597 0.3557654311794066 0.029662094318514187 0.029138130420511166
0 0.6227884898441401 0.05419045828196256 0.02387094551267599 0.03053479416971583
0 0.6040063816969343 0.05928917411781476 0.012447842354043503 0.03674609041812493
0 0.5599687546550671 0.08273837954031449 0.02191782051267599 0.0305120675027839
0 0.10715009938730241 0.8529269924361678 0.033443936104043503 0.036990402087641705
0 0.18151479812953242 0.5241145107614806 0.03957621588069049 0.042917957088437264
0 0.3422583029633127 0.5148221745454847 0.04911442023348478 0.03814877792309629
0 0.492431640625 0.408203125 0.04052734375 0.0166015625
0 0.524310977694253 0.46195007118775855 0.027414668760131655 0.0437524779201135
0 0.6556586339442529 0.4604217028365946 0.028617305624352607 0.027661923337045313
0 0.7940789275763298 0.6632900015665103 0.03958691377155832 0.032669732505170246
0 0.8044331536930951 0.6924505165649195 0.04036949557994074 0.01803834000536908
0 0.9350263553313729 0.591863552797818 0.04365235822460223 0.03613315458903377
0 0.8441900321815771 0.4884849719774765 0.04366440239845515 0.046869660422300896
0 0.7464521655305776 0.522807385323868 0.0383387927778962 0.04778372458823843
0 0.6758800788377566 0.6758897519991516 0.045299138492366886 0.0400564495892326
0 0.6404709735598602 0.7236393865869923 0.04366440239845515 0.046869660422300896
0 0.5653598979038177 0.8274848903465373 0.03203662065733748 0.04868642542071022
0 0.5547662793390058 0.6358176257658554 0.04380085478677864 0.049799347922300896
0 0.4853781262946399 0.742524637024605 0.03340914986547017 0.025765615004374798
0 0.3674026593543175 0.8131957662068485 0.03126339045683779 0.03208486292071022
0 0.5138670572285786 0.5918840186883552 0.04503693160658795 0.023948850005965583
0 0.5908203125 0.408203125 0.041015625 0.0166015625
0 0.56884765625 0.97216796875 0.033203125 0.0556640625
0 0.981689453125 0.424072265625 0.02685546875 0.04833984375
0 0.8378369184266254 0.7506238232266811 0.03388673322460223 0.0360195212543748
0 0.4097426368670391 0.878585339950684 0.034420498604043503 0.03700176542110789