0 0.2245089243775744 0.39708748028556634 0.03282062175263745 0.0248289209032605
0 0.2551244838481159 0.18909366039337938 0.026199813893483137 0.020441674274473187
0 0.1286828356561817 0.41662046018940346 0.0256227128732347 0.03302598755244546
0 0.11353653343130043 0.21405774092075536 0.02555442497094612 0.032049425052445346
0 0.21034587695110224 0.23666494747962202 0.022658881422090382 0.032315707858389664
0 0.24767707389035704 0.27212390339162995 0.013436213491194504 0.018503118516898676
0 0.28949162184986027 0.2944805496562024 0.023850573562936073 0.028520457080417505
0 0.3608320140197598 0.25471390131413474 0.04191697981293607 0.029889447485427434
0 0.3235965566355288 0.17850560320807113 0.025168575574378904 0.0334772690617694
0 0.2953411858886128 0.1605210576952481 0.01992044554577177 0.020937240145685876
0 0.32500695205279084 0.12145798106063577 0.01564195823238901 0.036155242998250514
0 0.27379453282563465 0.4139693181993237 0.03144794392209038 0.0329817031905566
0 0.209716796875 0.4482421875 0.04052734375 0.0234375
0 0.5448863661306584 0.3526851199301186 0.03419999188159362 0.058446327671908604
0 0.5028944061170246 0.2856728814714904 0.026032440286966274 0.038885362552445346
0 0.4356928067930922 0.21615309853733541 0.019264790689254796 0.03934392868298214
0 0.42701666956687123 0.14121678422206702 0.018059486465224595 0.02905302269230614
0 0.08553667360205111 0.3752208451748309 0.041872569927811853 0.03620010399475149
0 0.4984039078256347 0.396949437488389 0.02801970923811048 0.039521642765149134
0 0.623291015625 0.091552734375 0.01318359375 0.03076171875
0 0.5543009681443343 0.1433526013869973 0.021808628792687745 0.04099377113636182
0 0.4987257254145827 0.13480125984270314 0.021433045330100597 0.03562267738636182
0 0.6088036813326958 0.26292150076345844 0.028688976177811742 0.03520111099650103
0 0.26669996574512966 0.14403835567310103 0.025066143720946066 0.0320124253117694
0 0.4471821326099634 0.4155568472407151 0.029890934252637447 0.024606922459204816
0 0.37601671629045474 0.19809513017777286 0.022522305617513227 0.030362582858389664
0 0.07225779526975978 0.2765807480536182 0.019319466508358918 0.026234334414333982
0 0.31379366902154615 0.08745600764280276 0.027391506034328827 0.016646423496501028
0 0.4251963192495114 0.26259924752626185 0.01792291066064755 0.027099897692306252
0 0.8146735820210576 0.19336529472323988 0.04066369206821108 0.07447832481934402
0 0.8562765739752858 0.1705780675437567 0.047929888849902236 0.06725782067015906
0 0.6376953125 0.0302734375 0.015625 0.060546875
0 0.8792387223493716 0.3936558839336175 0.04334075982701657 0.05719619774475149
0 0.9714145269611634 0.41317811940856775 0.046553864870150674 0.054525508429483116
0 0.01888875225393516 0.5769757015005963 0.031775771350348814 0.023778358921908604
0 0.022753938518015493 0.6041714525378925 0.03399178202552333 0.034631545643936446
0 0.00390625 0.8486328125 0.0078125 0.0390625
0 0.039617249261358845 0.9646637293793835 0.045676388074379015 0.03503125817015906
0 0.06669834107255063 0.8816183405040952 0.03937648785870773 0.04912469956001986
0 0.04479420021120545 0.8140656751777533 0.03632049048811048 0.04015063835664012
0 0.11467644092951412 0.816624212001769 0.041326266709503234 0.028387603994751487
0 0.18159150404747393 0.7978093730478127 0.030450849554130577 0.04650557922785292
0 0.2361799183432456 0.8133076513141347 0.032062535042687745 0.04177076569055671
0 0.2652547439176246 0.8430109468269578 0.02872312012895617 0.03568939224650103
0 0.2874358375100612 0.7951885228118086 0.0271011687064191 0.04722314354312129
0 0.31545220059896706 0.8097550995746317 0.03740975077552333 0.034890543828667964
0 0.30924781245195343 0.8544034071474746 0.040148186651842055 0.04626901154137186
0 0.35017796383090954 0.8851718338840749 0.05053866870641921 0.04899913109556664
0 0.328857421875 0.9951171875 0.03271484375 0.009765625
0 0.5567629062622941 0.5612523299884087 0.03988530097666754 0.035563823782047754
0 0.5509207169810493 0.5268433594231402 0.03492393464039911 0.041016201634612365
0 0.5216613320813982 0.5506587180857248 0.04190671387895617 0.03668838524475154
0 0.5666550686192575 0.4991441812588062 0.03458249512895617 0.03613338913461239
0 0.36328125 0.467041015625 0.0341796875 0.01416015625
0 0.38824427940841466 0.6152548639656653 0.05681803705413069 0.04850356522435395
0 0.37551124932169955 0.6648156991579715 0.03910333624955342 0.04521844956001997
0 0.3265532408155315 0.7087767341696216 0.03284449976980186 0.03211613991258455
0 0.1815575875826959 0.7271268756410533 0.058757549970946066 0.03456540741840963
0 0.11476906182169955 0.6845735606789262 0.04571053202552333 0.03551953942015906
0 0.06416187772662554 0.7119700329312523 0.042941298347264845 0.044537884985427434
0 0.08680380091632692 0.7058365138694829 0.019152092901842 0.04467802269230625
0 0.31958452863289133 0.5880602661975938 0.04901580298811048 0.041112631614214745
0 0.3805993805012977 0.5269869569376932 0.037013635444976156 0.04311732559731615
0 0.2196475536909991 0.5347653403700791 0.04549874853388225 0.06027388420745533
0 0.181396484375 0.46630859375 0.03662109375 0.0126953125
0 0.1259765625 0.466796875 0.04296875 0.013671875
0 0.12517383841855978 0.4894011983858048 0.03793217597666754 0.035415824819343994
0 0.335693359375 0.47314453125 0.02783203125 0.0263671875
0 0.624267578125 0.560302734375 0.01123046875 0.03955078125