0 0.18828806277477828 0.13253409378474418 0.06292821212433464 0.08431477280805122
0 0.27989595453222954 0.23886779884474862 0.06683454271055589 0.060525370024978375
0 0.2661843826554111 0.2869803451498701 0.04566903210464224 0.06393156564624569
0 0.24355435064438213 0.37842490911030846 0.056042512502424646 0.06563507171336802
0 0.3618185014917506 0.5117963291327043 0.04445324072285628 0.08485947016278228
0 0.2827365859646069 0.42581173661777383 0.03528564763421049 0.044195747945855235
0 0.1878608982713189 0.5273157792305992 0.06866801297655234 0.08298630752497838
0 0.185302734375 0.631591796875 0.04443359375 0.01611328125
0 0.375732421875 0.623046875 0.05224609375 0.033203125
0 0.19670817641389715 0.0593487306459638 0.0367304414802484 0.07980618457912325
0 0.5496754510382318 0.08981373794815556 0.03513620009603785 0.03639461281809897
0 0.8199938773645772 0.08045078255455769 0.03732847339160261 0.03936975980707469
0 0.6056187616417209 0.15960508685088998 0.028788543846037795 0.03624686947892797
0 0.6902109114532822 0.13613512526011312 0.03494689450860433 0.028105196440342928
0 0.3866998283031343 0.9480851868804694 0.042888872729035965 0.04778418977951393
0 0.0166015625 0.971923828125 0.033203125 0.03369140625
0 0.050751779540715636 0.7665967297315758 0.04573884413051443 0.04687581651297745
0 0.648193359375 0.65576171875 0.03662109375 0.0322265625
0 0.619384765625 0.655517578125 0.03857421875 0.03173828125
0 0.6999484359597578 0.7338271029027998 0.0589921693201656 0.05400724069131946
0 0.6338412422085454 0.7645762320110898 0.04666548333616205 0.07613859689624558