0 0.01123046875 0.42578125 0.0224609375 0.05078125
0 0.06819811344121174 0.40721831008383 0.01777156159381721 0.06123779787140737
0 0.07305236409097321 0.34957553284785203 0.055310364239503085 0.08168612583378287
0 0.07637945757874642 0.46612328944840087 0.0438578970454474 0.0781678744062877
0 0.065673828125 0.55078125 0.03466796875 0.017578125
0 0.184814453125 0.526123046875 0.03466796875 0.06689453125
0 0.32413091128795124 0.4249313397514429 0.03558683091491055 0.0845431966586827
0 0.3859861931848101 0.4815097294084285 0.025235918050695805 0.037798221604990356
0 0.382568359375 0.533447265625 0.02490234375 0.05224609375
0 0.362153017100874 0.2697409002586284 0.04385789704544729 0.0781678744062877
0 0.30512840208630143 0.23284937528392824 0.04520388031759448 0.05100325255813409
0 0.34435693009910484 0.04890152151306981 0.036133965769224785 0.06609086810259501
0 0.40283203125 0.213134765625 0.013671875 0.06103515625
0 0.395751953125 0.391845703125 0.02783203125 0.05615234375
0 0.815185546875 0.020263671875 0.05615234375 0.04052734375
0 0.74755859375 0.0234375 0.0400390625 0.046875
0 0.6787578934062024 0.07826270812250136 0.04382032067015906 0.045580979336177885
0 0.6555418152156457 0.1086599417695574 0.03544553993880717 0.04416939132455111
0 0.5980586340705365 0.06498365876681333 0.034158410270974215 0.052856094880638915
0 0.5775581061917492 0.07238049419191328 0.029882162864214745 0.047768564492814525
0 0.420654296875 0.14501953125 0.02197265625 0.0556640625
0 0.427978515625 0.473388671875 0.03662109375 0.03759765625
0 0.5319997393502973 0.5003175108133205 0.05205438706001986 0.038717375833782874
0 0.7289783809499395 0.40391173253188206 0.042325761800695805 0.0386938623642219
0 0.7056052892716292 0.5262358661252454 0.04328775505827043 0.0513891748642219
0 0.7465911991521661 0.5308966760671114 0.028875885244751487 0.04090703725683653
0 0.7634922193852478 0.3335286921231992 0.06068088135489069 0.049868999109431544
0 0.7655502122552876 0.26144219527504553 0.056619347770974215 0.05403322273562916
0 0.6824241159120471 0.26093522762729165 0.05768447899475149 0.042416831679541356
0 0.7321492492133196 0.15668372908317957 0.036747815483678004 0.054937168560529215
0 0.5274029686101784 0.22723411458417903 0.0480522837150299 0.05650229498802428
0 0.9514408293502581 0.06105394794675087 0.04747485710664012 0.03604566195998038
0 0.9329595646969977 0.09314840923402645 0.04800013809731629 0.03655953294595837
0 0.915314148202246 0.13346688256336786 0.04127519981934391 0.0376661203922658
0 0.8791146208421069 0.1426591520397653 0.041104770358389775 0.022580581114221898
0 0.9565220565268385 0.13519800500523382 0.03739866493880717 0.044271750268463306
0 0.384521484375 0.94384765625 0.05029296875 0.076171875
0 0.31396961020401515 0.9037657719932108 0.051869388356640234 0.036275969583782874
0 0.2741431666171567 0.6014027854343789 0.039743641209204816 0.030290722170309592
0 0.2565487424708942 0.685975724361874 0.03106615456584505 0.06339356449281452
0 0.26221352760785227 0.8101824425465545 0.04556659310314126 0.06220813157215599
0 0.02587890625 0.62646484375 0.0517578125 0.0263671875
0 0.0205078125 0.739990234375 0.041015625 0.04638671875
0 0.459157476005268 0.6310703743365742 0.049649980550695805 0.039077708403892575
0 0.4972136983858048 0.6358847226943084 0.06675497017773369 0.05942782995519008
0 0.595706373178926 0.606892173720655 0.05279495850815119 0.08058161465389257
0 0.5237871618182104 0.6831262840636695 0.058446327671908604 0.03321625713747545
0 0.6089986596125045 0.7331308623796868 0.038789509207455275 0.04337195697639751