0 0.1826171875 0.010986328125 0.072265625 0.02197265625
0 0.031494140625 0.019775390625 0.05810546875 0.03955078125
0 0.18444778058572475 0.225616015861285 0.03816837487178937 0.05986620743483062
0 0.25064660138409456 0.24280936823094657 0.03654824753787289 0.06421527919585501
0 0.31787643683862754 0.1108382770334857 0.06745068062936399 0.07322068252497838
0 0.261474609375 0.019775390625 0.05029296875 0.03955078125
0 0.810302734375 0.352783203125 0.04345703125 0.05419921875
0 0.8599460836276536 0.2262127048088114 0.08278754395978138 0.0955115551978083
0 0.955078125 0.13330078125 0.08984375 0.08203125
0 0.8725921336830017 0.08514488304778706 0.055065935297196944 0.06415886309112417
0 0.803285911302465 0.07668376881690592 0.08566508584206778 0.07559430779800358
0 0.0078125 0.547119140625 0.015625 0.05615234375
0 0.024489003621828542 0.5592878237198569 0.023149939965029898 0.05464244876751301
0 0.04532808388407494 0.6522207776877604 0.051248254020974215 0.05237192385766065
0 0.19365689120049656 0.5280069951550349 0.04169734284381721 0.06141060529053821
0 0.283447265625 0.3974609375 0.05126953125 0.03515625
0 0.3573881234382502 0.43936996289533453 0.030607011800695805 0.037268891467903686
0 0.3325131882692639 0.561076599483529 0.0430287568735388 0.04681899215175789
0 0.2984226461276537 0.5397391513097225 0.025014496241252626 0.06638392851200092
0 0.2522005904924842 0.846333908564258 0.04384275116840963 0.05756117965175789
0 0.34508560384912446 0.814745003679384 0.028188036048946374 0.050372931112196095
0 0.3611007252156849 0.9261530910415803 0.04959112694638179 0.05623271436868493
0 0.4571077093969176 0.8985499902624137 0.03841280381409562 0.07595675894034293
0 0.485107421875 0.991455078125 0.03466796875 0.01708984375
0 0.520263671875 0.795654296875 0.03857421875 0.05224609375
0 0.531494140625 0.696533203125 0.01611328125 0.06494140625
0 0.5136570941288265 0.6235007196862201 0.03993650116840941 0.05747026067380645
0 0.45670705523021826 0.5488038285389978 0.040047500390437474 0.05893510442380645
0 0.49506656015737527 0.5589903620685117 0.02993373184731607 0.03481612034565984
0 0.48643220460667935 0.5954750773515847 0.03725795059731629 0.034986593429318535
0 0.44082745849363747 0.7196340768055343 0.046387872019224785 0.0654191391407335
0 0.5852118628001585 0.49303462439338136 0.06500869774475149 0.040994120024978375
0 0.5678842980944526 0.5474152728427955 0.0419120566666602 0.07067658416829437
0 0.5576171875 0.639404296875 0.0361328125 0.05224609375
0 0.6768264106410925 0.7622387426372399 0.05024255303612346 0.07769435962419724
0 0.7031767223602176 0.8792679509388025 0.04348789963868804 0.07217552253502602
0 0.8691666686830409 0.6639956018454433 0.0477714316666602 0.07081296263522141
0 0.90185546875 0.410888671875 0.04296875 0.06201171875
0 0.9423450244959637 0.5116189819981777 0.04913371408506961 0.1273853984017579
0 0.9506513604633392 0.6150213665322272 0.029756594399761527 0.05820816085668401
0 0.9529660449796612 0.6683917661213982 0.03982550194638179 0.05600541692380645
0 0.9001693565676729 0.8422758989696404 0.03705167466491055 0.08372379945136732
0 0.9111346957809533 0.7750294649365674 0.0352162568735388 0.04663715419585501
0 0.9344073210373747 0.8939436090046664 0.039789078840318126 0.08768687381258689