0 0.087890625 0.010986328125 0.05859375 0.02197265625
0 0.11627287183516616 0.04083114066228921 0.026597287214202847 0.04077885274491155
0 0.15699338571560806 0.07592185703409737 0.029206296959733313 0.06970115681851441
0 0.2451171875 0.019775390625 0.052734375 0.03955078125
0 0.31787109375 0.041259765625 0.0439453125 0.08251953125
0 0.32080078125 0.211181640625 0.0380859375 0.07470703125
0 0.267578125 0.3134765625 0.0537109375 0.052734375
0 0.32421875 0.3203125 0.03125 0.0390625
0 0.2614660136056508 0.161332323069581 0.038637040519201804 0.0965004435482053
0 0.15234375 0.290771484375 0.0556640625 0.09814453125
0 0.4976975535404299 0.22209981492885011 0.02477483612597231 0.063148821986029
0 0.5198548577092346 0.25486148909127626 0.02279046301663612 0.05768675997714667
0 0.5009765625 0.317138671875 0.0302734375 0.04541015625
0 0.6715253529899005 0.14623435703409737 0.059176101128538106 0.10282670401646965
0 0.8169618215090615 0.05684282813555086 0.05493180340026482 0.04453929874870499
0 0.8611912077302994 0.10771773896040315 0.05297867840026482 0.04444833048982266
0 0.8808843797514052 0.13645945279922633 0.06379756580499896 0.05813224966367536
0 0.9453400199380881 0.05598805365706361 0.04770132897827328 0.0603114490278962
0 0.8024131353620243 0.15721204287921287 0.05849464974809615 0.06960083695174912
0 0.803466796875 0.328125 0.05517578125 0.0234375
0 0.9091796875 0.3251953125 0.046875 0.029296875
0 0.10075703283380177 0.5414453211557686 0.037787985643229494 0.03446598273348467
0 0.09713737174172277 0.5066181579527245 0.032450980739778146 0.04007519502155832
0 0.06650064542906753 0.526669782875328 0.039746792117654195 0.035533513492367
0 0.11456209693225416 0.4810696847826654 0.032422573367654195 0.03519238252155832
0 0.02392578125 0.3876953125 0.0478515625 0.0576171875
0 0.11880290282225614 0.3709455429298712 0.05196802705371617 0.038543471360381526
0 0.18233124969313796 0.5506143397141054 0.03683414904092852 0.038326748604043503
0 0.33349609375 0.686767578125 0.0126953125 0.05517578125
0 0.801348184457911 0.8430532184375955 0.026097643015353222 0.038802985680190805
0 0.7228346545608737 0.9404432227028614 0.018747857630441844 0.03406732345938224
0 0.5978232916120243 0.9326681291343928 0.020712345579291358 0.036111416718264344
0 0.6216155582130424 0.9108332715557013 0.0197698719258399 0.04192530758882329
0 0.7765086624771128 0.9365971935721253 0.0226995594258399 0.042061759977146895
0 0.8103761944342804 0.9684398335378454 0.018287983752565684 0.03892739389466149
0 0.989990234375 0.940185546875 0.02001953125 0.03759765625
0 0.8697517090511913 0.518203075757359 0.03252483990729993 0.05277050752155832