0 0.005615234375 0.28466796875 0.01123046875 0.0546875
0 0.3701171875 0.3203125 0.026611328125 0.012939453125
0 0.396240234375 0.326416015625 0.018310546875 0.017333984375
0 0.393310546875 0.271728515625 0.02294921875 0.01220703125
0 0.362060546875 0.239990234375 0.026611328125 0.013671875
0 0.39208984375 0.222900390625 0.016845703125 0.0126953125
0 0.377685546875 0.201904296875 0.026611328125 0.013671875
0 0.441162109375 0.217041015625 0.01953125 0.01416015625
0 0.480712890625 0.236083984375 0.01513671875 0.018310546875
0 0.529296875 0.22216796875 0.018798828125 0.0166015625
0 0.576171875 0.26318359375 0.027099609375 0.013671875
0 0.815185546875 0.25537109375 0.02099609375 0.0185546875
0 0.849365234375 0.36083984375 0.014892578125 0.014404296875
0 0.815185546875 0.362548828125 0.0166015625 0.01611328125
0 0.869140625 0.1767578125 0.020751953125 0.015869140625
0 0.610595703125 0.198974609375 0.0205078125 0.013916015625
0 0.554443359375 0.26904296875 0.014892578125 0.008056640625
0 0.415771484375 0.2626953125 0.012939453125 0.008056640625
0 0.003662109375 0.57958984375 0.00732421875 0.0478515625
0 0.1843502653040035 0.5237185446889989 0.029923121255968854 0.04771328558739385
0 0.1953125 0.758544921875 0.029296875 0.06591796875
0 0.015625 0.89697265625 0.03125 0.0615234375
0 0.560546875 0.677978515625 0.04443359375 0.031005859375
0 0.4560546875 0.719970703125 0.043212890625 0.030029296875
0 0.4306640625 0.68505859375 0.04150390625 0.020263671875
0 0.318115234375 0.710205078125 0.0556640625 0.02392578125
0 0.3408203125 0.74755859375 0.014892578125 0.01318359375
0 0.4921875 0.62939453125 0.029052734375 0.019287109375
0 0.679443359375 0.514892578125 0.0244140625 0.0185546875
0 0.875 0.6259765625 0.045654296875 0.029296875
0 0.777587890625 0.634521484375 0.030517578125 0.0263671875
0 0.667724609375 0.65576171875 0.033935546875 0.020751953125
0 0.61083984375 0.673583984375 0.029296875 0.020263671875
0 0.596435546875 0.70068359375 0.01708984375 0.01611328125
0 0.614990234375 0.737060546875 0.017333984375 0.01416015625
0 0.6357421875 0.769775390625 0.033203125 0.018310546875
0 0.640869140625 0.790771484375 0.027099609375 0.012939453125
0 0.686279296875 0.777099609375 0.021728515625 0.015869140625
0 0.79052734375 0.76953125 0.0361328125 0.0166015625
0 0.850341796875 0.743408203125 0.0166015625 0.0166015625
0 0.851318359375 0.798583984375 0.031005859375 0.02587890625
0 0.699951171875 0.82177734375 0.031005859375 0.018310546875
0 0.70263671875 0.79638671875 0.022216796875 0.01611328125
0 0.67431640625 0.801513671875 0.029541015625 0.02490234375
0 0.564453125 0.809814453125 0.01708984375 0.0146484375
0 0.527099609375 0.74853515625 0.033203125 0.01806640625
0 0.431884765625 0.80126953125 0.03125 0.0263671875
0 0.296630859375 0.790771484375 0.025634765625 0.014404296875
0 0.318359375 0.804931640625 0.021240234375 0.010498046875
0 0.283203125 0.8544921875 0.02734375 0.01513671875
0 0.732421875 0.60205078125 0.026611328125 0.019287109375
0 0.734130859375 0.66650390625 0.03271484375 0.018310546875
0 0.728271484375 0.687255859375 0.022705078125 0.014404296875
0 0.890625 0.678955078125 0.024169921875 0.02099609375
0 0.84423828125 0.706787109375 0.025634765625 0.0126953125
0 0.52001953125 0.814453125 0.02490234375 0.0185546875
0 0.66748046875 0.84521484375 0.031005859375 0.023193359375