0 0.034423828125 0.076171875 0.06884765625 0.0849609375
0 0.00732421875 0.24072265625 0.0146484375 0.046875
0 0.015625 0.344482421875 0.03125 0.04052734375
0 0.27587890625 0.383544921875 0.0537109375 0.01220703125
0 0.18308963845663306 0.27720852999309853 0.0601187528265974 0.07699055405805133
0 0.1254150426854257 0.2517282107846133 0.061822209266068184 0.0443552644137587
0 0.23695411437250136 0.2730287065462669 0.03401576775204629 0.04419574794585501
0 0.15362328944840087 0.09501225102261246 0.05339140306976087 0.05098663421336802
0 0.17529296875 0.005859375 0.044921875 0.01171875
0 0.232666015625 0.007080078125 0.05322265625 0.01416015625
0 0.42022485194840087 0.08880703077742991 0.03586653380813409 0.04228808243483084
0 0.2683057461279421 0.03772219527875387 0.08744314188987046 0.04934076902044282
0 0.08349609375 0.379150390625 0.048828125 0.02099609375
0 0.27459189422339914 0.3365271822777772 0.021450480198353716 0.037075688639756965
0 0.35205078125 0.37255859375 0.0625 0.0341796875
0 0.3630115986132697 0.2871636835128466 0.029723595445958484 0.04604658909565984
0 0.3216639815845279 0.18278596124826335 0.05673052634540965 0.058867323446831654
0 0.38334511003323035 0.19695625760104107 0.05953226516551924 0.05649410643029518
0 0.46044921875 0.366455078125 0.0390625 0.04638671875
0 0.7620840149409138 0.36480407657124525 0.04861302578009008 0.043560131613172626
0 0.82666015625 0.367431640625 0.0380859375 0.04443359375
0 0.9716796875 0.00634765625 0.044921875 0.0126953125
0 0.9634647077120739 0.030441394735285843 0.028851468156287696 0.03871100547341588
0 0.5618181093827325 0.054420392347547475 0.0479712061142219 0.04061907924092889
0 0.493896484375 0.188720703125 0.02783203125 0.05322265625
0 0.1366883858417134 0.8103272681189668 0.03242712785499019 0.023188289323611055
0 0.19233236021651526 0.6046918561225259 0.0258747537171658 0.019134295984440164
0 0.039368954942262196 0.8247845440732638 0.02507524310259504 0.0317955138677084
0 0.0490121328731519 0.6221705550677517 0.025024063630638915 0.030818951367708403
0 0.142177721478491 0.6497509261024303 0.02211996586661702 0.03123904338424488
0 0.1748496908222033 0.6870299576731118 0.013128261745209757 0.017862246806098048
0 0.21355808705134482 0.71148866314911 0.02338009172879263 0.02736688800097653
0 0.28907983731980813 0.6755928799402775 0.04144649797879263 0.027787388274001845
0 0.2614615035622738 0.5977183153861325 0.024612551588573117 0.032272430245464445
0 0.23565521398737377 0.5783238521095484 0.019578276939121952 0.019963115145269106
0 0.26980100668572726 0.5409526767914494 0.015026054740419514 0.03546310155058596
0 0.1834651794306354 0.8297213231390623 0.03090902836661702 0.03144361108463545
0 0.1151141094963038 0.868376320764236 0.0394912967123755 0.03700790766278206
0 0.04061802493337946 0.8940068328508246 0.029135031518463306 0.03481612034565984
0 0.45951490876681333 0.7828182860602209 0.03321625713747545 0.05685696582912325
0 0.4260648660116741 0.7138577976007592 0.0253823199343316 0.0376548888677084
0 0.36794278713033735 0.6410823863757376 0.018597561906287696 0.03847234315629344
0 0.36846563772095664 0.565966627981445 0.017571896200748727 0.028207072034049485
0 0.010986328125 0.78125 0.02197265625 0.0341796875
0 0.40807455443063534 0.8244934819068572 0.027361034670309703 0.03818862960668401
0 0.44029416094291274 0.5633194292615882 0.020834250268463306 0.03462291751751301
0 0.4335647875691576 0.9243634324554901 0.02335034945998038 0.045410564506488615
0 0.3765465453287382 0.9608039130190534 0.03373635692270471 0.02955867531809897
0 0.33458202383113334 0.970558989659787 0.025512344880638915 0.03083031623995236
0 0.2846493876512431 0.9741596128786673 0.03314571672879263 0.027594185445855013
0 0.14003098711122347 0.9326585644240883 0.0316276172404194 0.035849507206879405
0 0.1494140625 0.995361328125 0.0166015625 0.00927734375
0 0.20928387395453954 0.5604055974552081 0.02453578238063897 0.030807586495464445
0 0.355060768601294 0.8403579607369571 0.029497440354990134 0.023120100090147533
0 0.040283203125 0.990478515625 0.03173828125 0.01904296875
0 0.3110144462353275 0.6199738686727645 0.022017606922704713 0.029285918384244825
0 0.19953283546895773 0.9698008092713539 0.01752071672879263 0.027230509534049485
0 0.16568373827025523 0.9549827152006725 0.022966503420309647 0.038086345756488615
0 0.08837890625 0.98974609375 0.01953125 0.0205078125
0 0.06002963131915762 0.9330575597220919 0.01628825686901214 0.02232496728956157
0 0.0048828125 0.68212890625 0.009765625 0.025390625
0 0.2628288154401687 0.50648927574184 0.027134879579341353 0.01526214060117187
0 0.3518910666843789 0.6868107590485674 0.01746953725683653 0.026253947034049485
0 0.587968174045904 0.9185186883796439 0.019987712714770733 0.02777561514526905
0 0.4853515625 0.940185546875 0.0107421875 0.02685546875
0 0.5329970580342298 0.5715906067162324 0.023766014034880434 0.025425127873220488
0 0.6070366798823835 0.573281114885156 0.02104519695553897 0.010731230884244769
0 0.7011179973721524 0.7881114587304684 0.029546543560529104 0.033362641467903686
0 0.9631265395335793 0.8137127089687495 0.036821659104990356 0.02329057317380645
0 0.9311883674675621 0.7252096056370437 0.032143564492814525 0.02708317445136721
0 0.9373001618334812 0.5899784291315315 0.03414371643193648 0.04663715419585507
0 0.982607959139569 0.5908746210128466 0.02640798563987068 0.047920159989952305
0 0.667724609375 0.994140625 0.02197265625 0.01171875
0 0.9189205026019918 0.9127664299982633 0.028158469018463306 0.034793390601171925