0 0.16114547765096732 0.2517714779742828 0.04805893631650382 0.050497671456822456
0 0.07964796069636543 0.25712424489650026 0.04814983990729993 0.07133100479015593
0 0.33362457802561596 0.06527043027535755 0.032047921606149554 0.07293452060911698
0 0.2609022454354817 0.1798626423312414 0.058789760867654195 0.048560605355292864
0 0.414794921875 0.1513671875 0.02978515625 0.055338541666666664
0 0.7786681846420282 0.3671415043379655 0.0573987762851762 0.0653967204297438
0 0.6850857881375587 0.3997309941028302 0.0437269012851762 0.0645476833468422
0 0.9042871398037977 0.404882368515551 0.04817256580499896 0.07653933812348927
0 0.8578369481835371 0.05183225857649313 0.02867540465154761 0.08313892800505822
0 0.6328046288894218 0.052827427794909676 0.0534925262851762 0.06515413840605773
0 0.583251953125 0.4586588541666667 0.05712890625 0.021484375
0 0.024658203125 0.6959635416666666 0.04931640625 0.0546875
0 0.06814981154734279 0.5533035201250333 0.05141156811061909 0.03573597239421463
0 0.026904086833139912 0.4980220338763282 0.047051125707167574 0.043275567617567644
0 0.24048217023853602 0.6687948375005589 0.03242825484207901 0.04822526002874442
0 0.2884587251758808 0.700412300624048 0.040751761989778146 0.05394908016241088
0 0.2448855492507026 0.7829697111909119 0.040291888111901875 0.060429174076116844
0 0.36328125 0.9869791666666666 0.0400390625 0.026041666666666668
0 0.3970642109418552 0.6427211495343007 0.03204224013172485 0.07163243727578357
0 0.2045687456049482 0.9405788499422068 0.028698130549246637 0.08834726133839155
0 0.608989961941234 0.697148117070815 0.03993428077367134 0.09034676798982266
0 0.7269924279706578 0.7793256922010282 0.03292221756650382 0.04955766611503846
0 0.8443816203127368 0.8328271112449473 0.04088527663875974 0.08454803849574422
0 0.7356880716931787 0.8703359706680281 0.051584853080574256 0.0754495140608813
0 0.8316913381861026 0.6094431151738887 0.05308378567712291 0.08335298231976355
0 0.6227164620493282 0.9342646336477952 0.0539808075351762 0.06518446115901859
0 0.7440503725102627 0.5493278423939102 0.024811765709733313 0.09266197098137201
0 0.9058053064597741 0.7019124758709657 0.04629614070973331 0.09399617211164617