0 0.08920575262435315 0.352138825300953 0.05806687230066454 0.07370864833160666
0 0.007568359375 0.3209635416666667 0.01513671875 0.06640625
0 0.025634765625 0.017903645833333332 0.05126953125 0.035807291666666664
0 0.35722401102805434 0.07428686517388876 0.05210125934962173 0.061005306382371526
0 0.49957654515042427 0.0674554635325132 0.05893719684962173 0.06142982492382232
0 0.641845703125 0.119140625 0.01611328125 0.055989583333333336
0 0.627685546875 0.22428385416666666 0.04443359375 0.055338541666666664
0 0.39664100622923504 0.3444584830740249 0.051293515769195386 0.07458621312348927
0 0.2059668038655862 0.30715101616044077 0.06197312230066454 0.07395123035529287
0 0.21045894895487138 0.5601351147611071 0.06601690073597277 0.0871843229593517
0 0.6057840790824555 0.5069800043023144 0.04952813367478792 0.07837117211164601
0 0.637939453125 0.5703125 0.02392578125 0.078125
0 0.5887139077957722 0.5666475194664521 0.04810113789682546 0.05880959935868546
0 0.506745238764303 0.5602512136357086 0.04209767697374511 0.06557686190352878
0 0.3991727203534503 0.5261454897254562 0.039812723145072226 0.068680456472058
0 0.03987266782022769 0.49207887079336565 0.07008616064507212 0.07056046715562599
0 0.5794277611261065 0.39302985869319745 0.062129574721991654 0.0772064386886262
0 0.640625 0.3828125 0.0185546875 0.0546875
0 0.63720703125 0.3238932291666667 0.025390625 0.06315104166666667
0 0.1943359375 0.6002604166666666 0.076171875 0.018229166666666668
0 0.66455078125 0.3831380208333333 0.029296875 0.09830729166666667
0 0.8550295438815045 0.5086207335581087 0.0726272473583427 0.10317319599488073
0 0.8981466918604639 0.3859252627831274 0.03891766559962173 0.06018659205243063
0 0.960205078125 0.029947916666666668 0.06591796875 0.059895833333333336
0 0.948066989900562 0.16243962468665604 0.07087498023947958 0.06671486266154769
0 0.51025390625 0.6168619791666666 0.044921875 0.014973958333333334
0 0.024433913771224586 0.713584554727487 0.04642381824473979 0.034039693272391126
0 0.014404296875 0.7493489583333334 0.02880859375 0.028645833333333332
0 0.035636085946150364 0.9186644747714668 0.04988544397725181 0.045289338123489266
0 0.15083336145141057 0.957161612729092 0.04308079696151723 0.045515861248704916
0 0.5967512501961043 0.860133454813416 0.04535263581464566 0.08265555900166592
0 0.8406531693429299 0.9653666099709511 0.03830422241256004 0.05755210263280327