0 0.12705847380249757 0.19295432922507322 0.030790469172698565 0.04619682069489206
0 0.16781308422181562 0.21012513025045965 0.026310712921704393 0.03861664964643996
0 0.17720371921744082 0.17732978486501055 0.02776419333823843 0.03772540457925733
0 0.0317356783845715 0.1892226186082015 0.03020559958823843 0.03786760030061964
0 0.00830078125 0.209716796875 0.0166015625 0.03955078125
0 0.009765625 0.30419921875 0.01953125 0.048828125
0 0.03686951048792286 0.3364844820982944 0.021110069173692847 0.05295225655944291
0 0.06570617048255378 0.2952273521919472 0.019185352507357645 0.05527990623235324
0 0.08887197674647362 0.3964866531996868 0.026810357505170135 0.03962165129071238
0 0.08425086300522322 0.4612526087866837 0.021586987090226994 0.05200413320371533
0 0.07905056134624555 0.5182345035179532 0.036127472922300896 0.043579963781889
0 0.1854170146900519 0.5892400858551035 0.022892744171704393 0.03841757563653303
0 0.26877469590425807 0.3205344823188792 0.030801832506164528 0.04717338319489206
0 0.03479467586329407 0.03219994591547698 0.02487427750536908 0.04097273846362265
0 0.0048828125 0.080810546875 0.009765625 0.03662109375
0 0.21508046131542313 0.2831070052945766 0.020377476254175964 0.031927723665170604
0 0.10622988510002385 0.5445023818329683 0.018390261253778295 0.02888427958808082
0 0.06288943213914516 0.22112235876903696 0.02655502459122122 0.05961274339643996
0 0.2149590937798282 0.020729339178941875 0.014983655837244148 0.029661768078173556
0 0.23117464503102125 0.028579909917950952 0.021319948753778295 0.02905491445371544
0 0.5166015625 0.0283203125 0.005859375 0.0322265625
0 0.15669125131780937 0.304097827607271 0.019514547088834933 0.041636470376625656
0 0.8207059033607089 0.14808243475850566 0.041498566672300896 0.043892794368886046
0 0.9054228712802259 0.16415855654937134 0.04445098083923282 0.04601655423452078
0 0.871703398785595 0.20570007789844302 0.042963410422300896 0.04397811180170341
0 0.7038983908537491 0.10358141984534944 0.028383152923096233 0.0489843124735298
0 0.536865234375 0.512451171875 0.03466796875 0.03466796875
0 0.9725918329785768 0.39380302700540754 0.04220275125815309 0.062475921013158464
0 0.07568406968587599 0.9409853899131562 0.04129436875894843 0.0682784177246134
0 0.080810546875 0.978759765625 0.05029296875 0.04248046875
0 0.0634021505012461 0.8092868323371503 0.0344868395926132 0.0703216759547991
0 0.07639756507099105 0.708364440903249 0.038023781254971356 0.038810907858978894
0 0.1494140625 0.68701171875 0.0263671875 0.0341796875
0 0.1890438367530358 0.8151615660091298 0.02350034042309629 0.04869992103080523
0 0.20938154134008108 0.8413393110939593 0.025351537510936994 0.0819883634636227
0 0.22823030715405923 0.6975667420345162 0.015733293756959865 0.052151144722446086
0 0.31153390841320655 0.7601433391524717 0.027298638755170246 0.0396500904349848
0 0.44457901466022376 0.7304067965160921 0.028865752506363362 0.048524470367802275
0 0.34315889841758135 0.7905497964190347 0.01721518250715881 0.05370130590526356
0 0.3836301096783195 0.8673477882329661 0.03182953000676103 0.05162479273343701
0 0.3732742755161602 0.90117657440696 0.04379224958724415 0.03133967759024836
0 0.41712868134843295 0.8908045514224392 0.03915943042349401 0.05253966114752373
0 0.4588371276008192 0.9059653491592807 0.01585829042508502 0.06289333222244609
0 0.4970310167687453 0.9130244396560294 0.02427838667647686 0.07363070392507787
0 0.510498046875 0.8271484375 0.01806640625 0.0654296875
0 0.4876564005062174 0.8212227488586612 0.02141085542150556 0.03686741445371533
0 0.26123046875 0.983642578125 0.0283203125 0.03271484375
0 0.1956137621836886 0.9178760791721328 0.0494701533408235 0.05801969567724541
0 0.5912558821510764 0.8944892747434974 0.03814877792309629 0.049553095358978894
0 0.607517228825167 0.9482667221267789 0.03268677750536908 0.041427764771981845
0 0.64306640625 0.98876953125 0.029296875 0.0224609375
0 0.85888671875 0.980224609375 0.0517578125 0.03955078125
0 0.771572336713265 0.7281197551798725 0.04057882083963038 0.04871872858034121
0 0.5694807158805945 0.7447763734086679 0.05308663833744298 0.03334486508142487