0 0.32746116353474614 0.3375784204186929 0.06546022950696762 0.051920898467196164
0 0.12530260496839296 0.17331051920465632 0.09182085951919539 0.07230014791392121
0 0.10649909054886525 0.06643363168206078 0.0490340434143135 0.04528548936318474
0 0.18311558981635323 0.05596437198813561 0.06152268902270219 0.051239555603597386
0 0.021240234375 0.015950520833333332 0.04248046875 0.031901041666666664
0 0.0751953125 0.020833333333333332 0.0380859375 0.041666666666666664
0 0.9404296875 0.3297526041666667 0.0576171875 0.080078125
0 0.8885851307043657 0.17474019937957 0.053991803381090886 0.05703832820973324
0 0.9694535722533689 0.06993807571207533 0.048582861659053345 0.07652033876471871
0 0.977783203125 0.009114583333333334 0.04443359375 0.018229166666666668
0 0.737060546875 0.011393229166666666 0.04833984375 0.022786458333333332
0 0.6961659671869238 0.09124691662759814 0.03741497387758397 0.07773530615687241
0 0.404052734375 0.046875 0.04833984375 0.08203125
0 0.11264289500853719 0.5376110810188693 0.07486779572720592 0.13594693761297774
0 0.41490360068867715 0.5090245478772824 0.032626781307678154 0.028888242908789774
0 0.46319322996839296 0.5185103208730334 0.02769375433739396 0.03796116209634152
0 0.47081068109773044 0.5856017013862487 0.03111172308739396 0.03798767564365709
0 0.41881416274455596 0.6411670679625332 0.03414764853843677 0.05037640555840639
0 0.4449739348756469 0.6979895001441255 0.03037311796327069 0.032775554660707286
0 0.44069145058716414 0.7409090106991109 0.02647923446151723 0.04315813248082545
0 0.4607728143283972 0.7931286994186385 0.04770091908914731 0.027703576713568268
0 0.5127504086955529 0.7473251701927376 0.051344478716777386 0.012112665560116772
0 0.49845928149801677 0.7140235663027084 0.037083893526209 0.03022441508867176
0 0.603428132227068 0.6536627202012898 0.03181903772725181 0.042548754959940226
0 0.6649894176991056 0.6346162893522028 0.037753360194029195 0.054309169105721956
0 0.7156396967515696 0.601818442861169 0.03674550720976377 0.05365055213982221
0 0.6833702257463553 0.5397422255508452 0.03196312365033238 0.03539108427622343
0 0.6514704315418517 0.45489091285603767 0.03807282252445554 0.040644869404954896
0 0.60595703125 0.3854166666666667 0.0283203125 0.03125
0 0.7700092313757387 0.5143823358151499 0.035311953944029195 0.05429023085763932
0 0.8676225728705246 0.4533136333028171 0.04134670535137519 0.04782905363598725
0 0.9278186950558328 0.46679655988936436 0.06749485946151723 0.04347629504861198
0 0.942299062113557 0.4024797902755586 0.03890529910137519 0.04781011538790473
0 0.9892578125 0.3974609375 0.021484375 0.050130208333333336
0 0.9723381058162612 0.590793700875735 0.0373465838985787 0.04584562743905529
0 0.9364366932043657 0.6054835854878303 0.032338609461517454 0.043203584276223506
0 0.896979783407162 0.6071299108688932 0.04051422877445554 0.04066380765303753
0 0.8691353856589155 0.5965011358237021 0.03293968615033238 0.03539865957545644
0 0.926294833915883 0.6483576442474176 0.04428295033914731 0.027677063166252697
0 0.9487295414647943 0.7292307415995115 0.030510646398578922 0.04579260034442415
0 0.956466345520719 0.7683386933949098 0.04049530478843666 0.050425645003420914