0 0.0068359375 0.2001953125 0.013671875 0.0458984375
0 0.01220703125 0.159423828125 0.0244140625 0.04541015625
0 0.06903071085738133 0.15958363256078725 0.020534759748556786 0.0526011453446274
0 0.05337729579074213 0.1616528014974046 0.018467974481999994 0.04855831954005024
0 0.040392607507216405 0.15573875067830048 0.01970549769888663 0.04084825139348308
0 0.2284295581371958 0.023691712145758034 0.04071579898220623 0.04280472254268766
0 0.2328965948718762 0.07113354723202653 0.02849456019888663 0.04146284251408039
0 0.23624646159144314 0.1737170196171507 0.027484357515113356 0.05698541066064755
0 0.21025389507488645 0.17943289902779824 0.04032697046544331 0.04618854734154332
0 0.3007204870599791 0.23547969226152698 0.04394906979905144 0.03669607395069774
0 0.2615921745105153 0.2572200331519261 0.0374256980320824 0.04696024613467764
0 0.291034060479876 0.35066965737640277 0.03584196889839175 0.059518982830100375
0 0.4147593152878556 0.03405207885749412 0.06090059551490734 0.06663141808845935
0 0.4561046491903711 0.12033459200450783 0.062010250931917366 0.05452681869189224
0 0.47687113292628847 0.21049255734958183 0.046901947248556564 0.0544449187064191
0 0.4414501649103504 0.23879568413082652 0.039061032181917366 0.05292205298811048
0 0.38162787410964927 0.21812719032271877 0.04951906901552583 0.043907594913285
0 0.1963568135150513 0.42258669559381834 0.05405567559872171 0.04909770297358351
0 0.26726374043350487 0.48097580937331874 0.05135330863183518 0.056705339266717836
0 0.22641109123523684 0.5452307629648622 0.050206255731999994 0.0507776763644292
0 0.156982421875 0.573974609375 0.04248046875 0.01123046875
0 0.5283224264732782 0.10017871243629689 0.03673328619847416 0.05665758323238901
0 0.5598601589310307 0.3728036773936092 0.05319277336527839 0.05293566507129499
0 0.5174611780818967 0.40646763199087405 0.05213096566536102 0.04993768966900636
0 0.4812767605657523 0.4275148279244073 0.048855072248556786 0.054581494510996365
0 0.5247300345167007 0.45809913462027674 0.05604244078249487 0.033643422729304984
0 0.6364006081344533 0.4887861006559453 0.06074431264839175 0.06126032433845929
0 0.1004840197781029 0.3011340928772539 0.04411956019888663 0.04255544895069774
0 0.02039021942670083 0.25703144521835075 0.026617697982618482 0.02720025441064755
0 0.6207151962098143 0.20725602926201558 0.02975527336527839 0.05129675541636902
0 0.57958984375 0.009521484375 0.03125 0.01904296875
0 0.57568359375 0.567138671875 0.0341796875 0.02490234375
0 0.5609884253356079 0.5349916062298776 0.033178467232412245 0.03496834452552333
0 0.686767578125 0.492431640625 0.01416015625 0.06201171875
0 0.698486328125 0.375732421875 0.03759765625 0.05615234375
0 0.7929759135827215 0.3969028420894366 0.0656801979826187 0.02993177050219087
0 0.8363297348004327 0.430905117535306 0.05511748329863919 0.052095678375872145
0 0.7985772635019996 0.48909583241998367 0.05958827733237104 0.038276961637314866
0 0.9664197890278967 0.21373646019465575 0.05454771414777326 0.08275496527243931
0 0.9261400201243504 0.09083285329764207 0.052505586648804226 0.046065583620150674
0 0.7394536068226185 0.04248898093933884 0.03538210271503095 0.06046140137895617
0 0.25707729005874214 0.6193499722879015 0.022796693182536076 0.02985679030149313
0 0.21335031567566998 0.6316661276897434 0.03441076533216503 0.043825694927811853
0 0.23480774342711325 0.6813308932359616 0.027049149099340197 0.025281273361791756
0 0.2073787482271957 0.686172642000042 0.021161359032701 0.023894983448060292
0 0.18881507831101013 0.7045258119423808 0.007029617849340197 0.02388137136487578
0 0.178944775460639 0.692059241166411 0.021502339832371153 0.03561373344806029
0 0.15423235476092767 0.7040203449736255 0.02578843593294844 0.015447360459503234
0 0.14569527056162868 0.7294689919419343 0.028945443966061857 0.02346472416636891
0 0.13472576252851526 0.7380326588671087 0.023403859816226835 0.017229765703781652
0 0.11773683932983484 0.786000265303726 0.022455712382865978 0.01813804030149324
0 0.13747744503057707 0.8109334068556657 0.029751516066226835 0.017673637068657544
0 0.17539289213074205 0.814129553666411 0.026821828566226835 0.017468773361791756
0 0.15820882076463894 0.8353099792553169 0.020587832582783516 0.020931151996915975
0 0.1259396356646802 0.8390283237808402 0.022853523315814472 0.03180991530149324
0 0.15213257546579356 0.8766670437667599 0.017050978449092813 0.033353312887761666
0 0.162146421467443 0.9344413389392968 0.019037743632865978 0.017899032643483137
0 0.16156913771847392 0.9710282887381525 0.020971435982412356 0.034114745746915975
0 0.11767578125 0.99462890625 0.0322265625 0.0107421875
0 0.11689254808395849 0.932245632645716 0.020644662716061857 0.022884276996915975
0 0.268310546875 0.991455078125 0.02587890625 0.01708984375
0 0.294921875 0.9873046875 0.017578125 0.025390625
0 0.32421875 0.991455078125 0.0185546875 0.01708984375
0 0.39577364731863884 0.9604985671888923 0.02078673804925768 0.027767089496915975
0 0.4507363155688451 0.9639645194595873 0.028082541732618482 0.02730268626408039
0 0.47307461038610277 0.9833558475058055 0.03345363548261848 0.027678269726667537
0 0.2550216011816493 0.8407223642276027 0.03104064429925768 0.028484112470946066
0 0.26555819027995853 0.7800491793570055 0.02447464993232984 0.03728344090492608
0 0.24588339712868024 0.7361072130062101 0.02680239591577327 0.03354791066064755
0 0.20258264874519571 0.7337749309080521 0.022796693182536076 0.02985679030149313
0 0.28654236597760807 0.6952556154635224 0.021592810149422714 0.02197600239920461
0 0.27510629882591736 0.6361189083944183 0.019421347032494873 0.031082626393483137
0 0.283935546875 0.585205078125 0.01806640625 0.01123046875
0 0.30615234375 0.587646484375 0.01171875 0.01611328125
0 0.32442646237496897 0.5990472509811333 0.027233847032494873 0.031628929611791756
0 0.3536949223083298 0.5979751764124759 0.017771805349340197 0.024632538290050188
0 0.3453709511088246 0.6160996046307845 0.01883361304925779 0.02763051369233882
0 0.5419921875 0.5859375 0.021484375 0.0126953125
0 0.5379721017257524 0.6118900876787892 0.023574350216061912 0.023089140703781763
0 0.4666493990419792 0.601284248497 0.024550912716061912 0.023157428606070285
0 0.44075775307674214 0.6537726960542146 0.017913880682536076 0.0295153507900503
0 0.4598911921437936 0.666078813008443 0.02675977331581425 0.03208306691064755
0 0.4474687584130308 0.7580702857813288 0.013950800549257902 0.027289074180895878
0 0.42380018058086577 0.8011448137839663 0.02876972844909287 0.034172767715224595
0 0.4155779515955668 0.7320376180079964 0.021246604232618593 0.026824670948060292
0 0.3720484148608864 0.6873272990132713 0.023659595415979395 0.026018828203781763
0 0.3560293612269895 0.6684686621021771 0.021445509699092757 0.03366060844806029
0 0.4992123633797112 0.7549393082100339 0.030765476049051443 0.03577418726980186
0 0.5249851239612575 0.6897896921039636 0.024550912716061912 0.023157428606070285
0 0.5640879570802473 0.7694069875066987 0.025678532965443424 0.0451642288072146
0 0.66796875 0.7099609375 0.0234375 0.029296875
0 0.9656381991876285 0.7163820476924229 0.060099748531876385 0.05585508663731509
0 0.8387157787352368 0.6404692572456603 0.06354613234851558 0.05707065679532519