0 0.5829453388573788 0.1374770419017708 0.048375163136197996 0.06527133116851025
0 0.5918837777225047 0.22792839488467853 0.02734497476946618 0.06343999923886501
0 0.422119140625 0.593505859375 0.03857421875 0.03271484375
0 0.8774098274816412 0.5633443772792859 0.021360177918294365 0.03697905894872333
0 0.8008970063143235 0.5473663547554568 0.04327600980707469 0.03492118684021239
0 0.7285047346936854 0.45678357675269154 0.043855210035026015 0.0388359598211343
0 0.7502447861644534 0.17456306589616644 0.029638637680295177 0.057134957893475
0 0.9064249639050349 0.09041044921488833 0.02255267299092889 0.04627344866056715
0 0.8620023267707901 0.06913556843191002 0.03674692385766054 0.0479854588573046
0 0.888053339130404 0.16086178824708708 0.03472560962419724 0.04502167943361668
0 0.8292903408162112 0.21547752409368343 0.034158182524978375 0.06258275847177275
0 0.8491856749845055 0.25243101409964064 0.027219552918294365 0.03708133471978692
0 0.8071180159436854 0.4581557766811304 0.021882962041514853 0.05943999644872333
0 0.8576143276246098 0.4048599939088604 0.02145109689624558 0.04088530894872333
0 0.9030813082358295 0.4080940373846047 0.02942270510766054 0.04785761414347478
0 0.9586860968356774 0.2806988263452425 0.023676570573611055 0.031650580103333104
0 0.978876509425825 0.30936005808212175 0.021575702234440053 0.02526883192964524
0 0.9679983517153867 0.32430074827091615 0.0256978848070748 0.034614359527020966
0 0.980712890625 0.35888671875 0.03857421875 0.04296875
0 0.9829098143029519 0.4197371895248877 0.019475242151757888 0.03987465452503525
0 0.9545229455954433 0.5002634522077248 0.03280657924092889 0.04645243125992882
0 0.94580078125 0.5947265625 0.0380859375 0.0302734375
0 0.532756286983529 0.2249439891931188 0.025425536129709214 0.043883180296099056
0 0.004150390625 0.85888671875 0.00830078125 0.0810546875
0 0.09814453125 0.6240234375 0.044921875 0.0283203125
0 0.30163647321371545 0.688402929177159 0.020032120891710137 0.06380043577503525
0 0.33830302645269117 0.6909952777463075 0.024630811585611978 0.051678634334255125
0 0.19633091399001767 0.9032736104887912 0.03989213567380645 0.03632636972375858
0 0.1972287388972877 0.9418478292387912 0.03841592705156249 0.035812519530992626
0 0.17705091594885025 0.976637591059146 0.027287742151757888 0.04001102221978692
0 0.108154296875 0.98876953125 0.04443359375 0.0224609375
0 0.07879273597641098 0.9700416593938278 0.044525329240928835 0.046656982802056324
0 0.437255859375 0.6298828125 0.04638671875 0.0400390625
0 0.42714142667031285 0.7710456158663801 0.029775016147222333 0.062994332893475
0 0.42174597014987014 0.6860250174999263 0.05162265880253902 0.058006773284964064
0 0.8227657456881732 0.9297450382967309 0.02539184976946629 0.06340590731517715
0 0.6139574930532338 0.6400837116950308 0.05211094005253902 0.058015296265885974