0 0.11443407036162903 0.20828581759565923 0.025226217025035302 0.0207333602733506
0 0.06734957614460732 0.24804466084490706 0.02104476029808483 0.0325559198574652
0 0.1025390625 0.28466796875 0.0126953125 0.009765625
0 0.216064453125 0.2822265625 0.04052734375 0.0146484375
0 0.18318797382148722 0.208938113277864 0.023503212509928817 0.03374607772740157
0 0.15598306285368602 0.18656903295856425 0.01889560673687929 0.02115457481151617
0 0.18757040178453743 0.1527673980917239 0.013797248376382631 0.0363096649976562
0 0.2928758527781535 0.2643629042770247 0.017266355011914536 0.03953838601556714
0 0.2881453449661684 0.18886855825911378 0.01659909116255287 0.029241760691579854
0 0.496337890625 0.23193359375 0.00732421875 0.029296875
0 0.4892088925516296 0.1723318483158553 0.017121464336240955 0.031237604765567084
0 0.4148147402582959 0.2116515484218161 0.019733330204680488 0.0412168251355034
0 0.3599056427543244 0.1941716996352421 0.0196395774145387 0.0358457313855034
0 0.12831543957865071 0.16562207731527728 0.023477643567162865 0.03228123397740157
0 0.23437832690574234 0.2368183969725398 0.021010668374396912 0.0306027948574652
0 0.1781762076390767 0.1173304860099531 0.026622876927659522 0.016955267495312454
0 0.5901599558624085 0.1727979960831011 0.01997197367049597 0.0548887001355034
0 0.7274217053039682 0.2437986489755487 0.029618276937588117 0.04890714411524877
0 0.6877735909577987 0.17890040463055457 0.03868254616453859 0.03751177527100691
0 0.8435512467010617 0.10964813395445472 0.01719817116453859 0.03563213601556714
0 0.23649313514297443 0.7538517979210638 0.036897409445531215 0.07489583615107054
0 0.27912096590609514 0.7380798264319434 0.044573541750779544 0.06776684133486688
0 0.044863069701841396 0.5566981728619785 0.0606697770389355 0.06820000827644668
0 0.05386298878772938 0.401961711887673 0.07417119242049597 0.059630517348090106
0 0.013916015625 0.89306640625 0.02783203125 0.0751953125
0 0.2903487099183626 0.9623534250417525 0.04049683213234001 0.0576594637429686
0 0.380859375 0.984375 0.0439453125 0.03125
0 0.991943359375 0.55322265625 0.01611328125 0.091796875
0 0.6446910640677948 0.7538365263020539 0.0662624682929071 0.08136523059030676
0 0.7363878812338925 0.9237207727677367 0.07181859628574361 0.12036664008017928