0 0.20868468930967754 0.03976894385923696 0.030458066583734622 0.046722474432536104
0 0.24478136928811928 0.0709015262936287 0.031979092354043503 0.037501960815814445
0 0.260009765625 0.00732421875 0.01806640625 0.0146484375
0 0.15841446262439818 0.04074403854115451 0.03839632108119018 0.06011918118232991
0 0.072998046875 0.0078125 0.04345703125 0.015625
0 0.07645009253557494 0.0626337390722061 0.03515894256596991 0.04295829976573198
0 0.017822265625 0.060546875 0.03564453125 0.0283203125
0 0.004638671875 0.418701171875 0.00927734375 0.06494140625
0 0.2732192138416415 0.5386764316117112 0.02290777346951378 0.06259422761610312
0 0.26926082067028734 0.46662391961150496 0.03924712908373462 0.046978210032288636
0 0.31289178311315413 0.4092781430626596 0.034670661315969964 0.042944092232412356
0 0.27797641659020955 0.1957414861280617 0.03973541033373462 0.046992417565608235
0 0.22450629019425306 0.1607258436431751 0.027177896505042987 0.0705203878826598
0 0.2016466934201504 0.18040815139255656 0.03236705373727833 0.06677042074917527
0 0.3613200473020902 0.09189157326360803 0.03021860176267599 0.031111681965855675
0 0.35308210711431215 0.1745389723134843 0.030027313637028485 0.05841280936589688
0 0.4095127407728989 0.08317501624828841 0.03857691131596974 0.04305775249896909
0 0.42741060096197203 0.05485992886542243 0.037350186104043503 0.03765824368232992
0 0.41259765625 0.025634765625 0.021484375 0.05126953125
0 0.381103515625 0.00927734375 0.03076171875 0.0185546875
0 0.3720703125 0.011962890625 0.0185546875 0.02392578125
0 0.571044921875 0.016845703125 0.02587890625 0.03369140625
0 0.5158322987754433 0.09324716020129868 0.04005379923982266 0.05382835506560826
0 0.5177693407526356 0.16682134608478322 0.02674579727535198 0.061243044132659796
0 0.5763603981866656 0.20705179945315433 0.028391231260131544 0.04422423804925779
0 0.5614938916473428 0.24356821535278317 0.027845421706837792 0.03250548804925768
0 0.5395426311790784 0.2646869517855255 0.034012487722058005 0.04975161466577327
0 0.5297622694392556 0.31763443978531924 0.023984655836279067 0.03336839028270111
0 0.5067234287133584 0.2992876401679791 0.04187047185149906 0.05095549769888663
0 0.4964642097044304 0.20547558491756673 0.022782018972058005 0.049424841399422714
0 0.610681923206929 0.11925686988733986 0.03186672831342552 0.056028233249175274
0 0.47802734375 0.570556640625 0.03515625 0.03857421875
0 0.520263671875 0.568115234375 0.02685546875 0.04345703125
0 0.5641211285180385 0.5326501480032368 0.04030261566876403 0.038231770132247433
0 0.5864630429355078 0.440327594270412 0.022283039831190177 0.059650332582783516
0 0.4996827402578612 0.48186220506802036 0.025268909351499058 0.05047244156602071
0 0.4269649665294195 0.4517951876325977 0.031389144954293347 0.045774326999175274
0 0.400732885134758 0.4706003856152162 0.031320918760131544 0.044309483249175274
0 0.3939050253326679 0.3449932189815256 0.025041488704293347 0.04558962906602071
0 0.4212728636803733 0.3227416371822678 0.027721013492366886 0.04030378051593819
0 0.36083984375 0.56396484375 0.0390625 0.0517578125
0 0.982421875 0.013671875 0.03515625 0.02734375
0 0.8006982146930037 0.023453821506597833 0.0587328949542934 0.04656994886507221
0 0.67919921875 0.012939453125 0.0712890625 0.02587890625
0 0.902046539756612 0.3496480647932163 0.053043412298205306 0.039577728498556564
0 0.982177734375 0.572998046875 0.03564453125 0.03369140625
0 0.6839800756082024 0.4983780517205978 0.0561002005786459 0.07380003859851536
0 0.11838999211819712 0.6624785953586184 0.04797866328044065 0.035529403165360796
0 0.4349326945065206 0.6503424262675255 0.04627570099236711 0.04084366678208251
0 0.2122644003326678 0.6675490414279379 0.04609376447460245 0.03693741678208251
0 0.16660004252178662 0.7371444718267421 0.05432766581342552 0.056681779781876385
0 0.5221210080661525 0.620986431653278 0.0353863632131759 0.047841112265732066
0 0.8171820280204459 0.8501430389784328 0.0215218538045433 0.05377675004946392
0 0.9506607069392558 0.9052611684322678 0.03096908989845515 0.047224963215855675
0 0.9149519883440488 0.8448601260645152 0.03967788203044065 0.035287875098927834
0 0.8207940498350752 0.6574282280949483 0.04170993111547017 0.026569850265525774