0 0.5123159608325485 0.1490193799893922 0.04021310242446763 0.06750964365485967
0 0.4649075933404915 0.1724602032309389 0.04058206194155978 0.060693602091170584
0 0.458251953125 0.029541015625 0.05322265625 0.05908203125
0 0.3467240135412004 0.19448095945742727 0.051934323761914536 0.04017501081262864
0 0.45166015625 0.428955078125 0.0537109375 0.04150390625
0 0.13778694272041891 0.32844414403487376 0.053995776176453236 0.0744143861215607
0 0.5576527371599929 0.39824923238949506 0.048962021357304764 0.03761422894476407
0 0.6273105833981523 0.0561182587676608 0.04228802049482239 0.04661302958641356
0 0.6806640625 0.022216796875 0.0185546875 0.04443359375
0 0.7958984375 0.02392578125 0.046875 0.0478515625
0 0.7644664767626203 0.22794358419633864 0.05611083781397086 0.08377131361680368
0 0.917236328125 0.417236328125 0.06005859375 0.06494140625
0 0.025390625 0.516845703125 0.05078125 0.05615234375
0 0.11655407467404078 0.5711804221477077 0.037987242034964064 0.05180505990961681
0 0.173095703125 0.474853515625 0.03271484375 0.05029296875
0 0.28531077262517646 0.48339754142015856 0.05140342760730454 0.03771370862631773
0 0.28039744850751636 0.5373580089344296 0.053021685013900255 0.04656245893524996
0 0.2503442461426216 0.6605565958879203 0.04424719713829717 0.07499302989534584
0 0.14446008801460608 0.8001826667769344 0.059993990208651926 0.05465350204360042
0 0.037265862162052465 0.8368012898522592 0.057115440594183886 0.05746381392573596
0 0.24994699294503075 0.8893814387111236 0.034219831067162865 0.031646257105441666
0 0.3592320738612024 0.7489180768762846 0.05600251039943216 0.049611522053114476
0 0.3592821027781534 0.6679230771852169 0.044085260500779544 0.06571568614534584
0 0.3825796547773739 0.6049530302507543 0.05155684126390048 0.04650277112631773
0 0.5831780187181541 0.6082474475744715 0.05416870713234001 0.056367875807871504
0 0.6350977678556717 0.6196337605734107 0.04047978617049597 0.054834227091170584
0 0.6420604411009208 0.5433118352406934 0.03477382482709146 0.06338453835544156
0 0.672119140625 0.83740234375 0.03564453125 0.048828125
0 0.525760186685102 0.8689042574130066 0.06477452693758812 0.04899308640670785
0 0.5342157439605639 0.7662947283255322 0.05500890193758812 0.04859516768049299
0 0.7781361338254588 0.6560543203654694 0.0558490967428365 0.040822459553114476
0 0.8231019860989349 0.5485893302513012 0.051695680296099056 0.026503135812628476
0 0.7813959996442544 0.5073672903511984 0.047403424817162865 0.03218344738583173
0 0.98974609375 0.634033203125 0.0205078125 0.03564453125
0 0.990478515625 0.7197265625 0.01904296875 0.044921875
0 0.979736328125 0.937744140625 0.04052734375 0.03759765625
0 0.962827985995528 0.8382602961730674 0.029453868962623586 0.06609537055602333