0 0.0048828125 0.1015625 0.009765625 0.0576171875
0 0.05810546875 0.440185546875 0.048828125 0.01904296875
0 0.15402675635923696 0.07921203843734481 0.03169419083195879 0.05129932405416904
0 0.17130276586047405 0.12164274506543471 0.03547257303208251 0.04722365719825539
0 0.1539369321973812 0.24971189544473693 0.02572115556540211 0.046914777463039625
0 0.11942148901484512 0.28078241334373155 0.04022229261507221 0.05978941089160261
0 0.1741620618490719 0.30797687697800125 0.05978718279884543 0.04579859091129501
0 0.20085749043350487 0.34476746817013604 0.02751799769888663 0.04170311591008291
0 0.24041872191777292 0.37466237508149036 0.030797648414742307 0.07071099990638663
0 0.30220394179754617 0.24345442346945606 0.0394214456320412 0.049007365342341846
0 0.33133179421579356 0.2970957101160261 0.05392258268171135 0.06188199877090472
0 0.3339856673103916 0.10544032716159091 0.03598404423158763 0.06480178219825539
0 0.432347068859237 0.05649295035869323 0.0440754697808452 0.09176684043716732
0 0.480224609375 0.198486328125 0.01904296875 0.06787109375
0 0.42560976242958737 0.187591473654258 0.07611210923055678 0.10461151988911888
0 0.416843068216206 0.30472913094612664 0.07289304594703094 0.11116845104429318
0 0.341796875 0.423583984375 0.041015625 0.05224609375
0 0.5350169347952781 0.22418172697921357 0.029655820632041252 0.048210204357125974
0 0.5864270735603916 0.16494042470461273 0.022331601882041308 0.04761233361821404
0 0.6016131078455668 0.22897508048048498 0.02729067716577327 0.03389061591008269
0 0.5786989970974225 0.2966069453486991 0.01751084463245367 0.03260517367486693
0 0.5661434704496492 0.37654552688317566 0.013780310149422714 0.021583979830041233
0 0.5632810633171956 0.40795495908021884 0.02170124529884543 0.042689663068953276
0 0.50341796875 0.44140625 0.02734375 0.0166015625
0 0.494140625 0.432861328125 0.0087890625 0.03369140625
0 0.63134765625 0.00537109375 0.0205078125 0.0107421875
0 0.6484396139732782 0.025919973092578458 0.02143130216577327 0.033412319318953276
0 0.6953908767570102 0.03621389856428159 0.029897348698474158 0.056510985607125974
0 0.80029296875 0.00830078125 0.0205078125 0.0166015625
0 0.825927734375 0.009521484375 0.03173828125 0.01904296875
0 0.8519975329080823 0.06142568615304567 0.021843320632041197 0.047572475568953276
0 0.8485204445438348 0.1474429022515673 0.020307439215443424 0.04501149517117087
0 0.8362864660452781 0.1995893105853047 0.01655747208195879 0.05006372452708452
0 0.8503344298468039 0.2525130717589593 0.02496293118232984 0.03759757566377875
0 0.8157905715976286 0.28456015215795405 0.016401189215443424 0.04469263077708452
0 0.8658614449316493 0.3048289775348316 0.022967183582371042 0.035973299716735685
0 0.9001959474800822 0.24649442573435854 0.01346251929925768 0.02740349678078058
0 0.9235504917611339 0.1637258421161445 0.023237126715443424 0.045250643466735685
0 0.970377644044041 0.14480260868636918 0.022739863049257902 0.028160799716735685
0 0.9500724943095669 0.10602901910384405 0.019662875098927834 0.0396005433719101
0 0.9352752885411546 0.045372474028711 0.033439427949299105 0.02757283305047309
0 0.935546875 0.019287109375 0.017578125 0.03857421875
0 0.9776563045579174 0.04532279249302207 0.017230451265113356 0.056451238826345396
0 0.992919921875 0.194580078125 0.01416015625 0.04248046875
0 0.9716555003799173 0.23481577554228283 0.015619774882865922 0.01783716202708452
0 0.9555190291804121 0.25366935811862823 0.01777180534934031 0.024832531724127804
0 0.9480579602143502 0.2757117458082793 0.024920308582371042 0.03613273191377875
0 0.9224258071479173 0.28608514561984055 0.014552742065814472 0.03138946287930211
0 0.907644276730907 0.27511371389692507 0.016221716399422714 0.021783270076345396
0 0.8854794079496493 0.35047836266661747 0.027589035365484627 0.04414452216008291
0 0.9509195456839172 0.37826079296714976 0.03175624608237104 0.036690744603429915
0 0.911009818801876 0.4273080163587524 0.02141709463245345 0.032924038068953276
0 0.8761235119349482 0.4209004521555295 0.018416369465855675 0.03024348352338846
0 0.8447105361332162 0.36208736200526337 0.031704641066226724 0.01817591515269079
0 0.8246857797660823 0.34715983757421665 0.014030820632041419 0.04693474678078058
0 0.8190746257677317 0.406072451968303 0.017178846248969037 0.03793640937560605
0 0.7955750705173192 0.39337705888208174 0.012224996082371153 0.03509642263299817
0 0.774204355783876 0.39122456304955655 0.02776475088245367 0.033442192709343566
0 0.7578106811665358 0.36869381352368436 0.013865555349340197 0.024513667330041455
0 0.7469316434504739 0.391015207558161 0.020630455182742313 0.02263027376969262
0 0.7437200947650513 0.3172348961000297 0.014178121082371153 0.035255854830041344
0 0.7276157959312368 0.3015002260248966 0.020857775715855675 0.03044277376969251
0 0.6716541968944122 0.18233947053471333 0.014178121082371153 0.035255854830041455
0 0.6569959553153399 0.33454367706918986 0.017448789382041197 0.04721375312560605
0 0.6462769577648451 0.31788228720218814 0.01812699368232995 0.037039562974127804
0 0.6326259832333812 0.3852451303844472 0.030248779732412467 0.035106326705647506
0 0.672641855783876 0.3995150372958014 0.020264816615484627 0.04354665142117087
0 0.658935546875 0.437744140625 0.02392578125 0.02392578125
0 0.931884765625 0.434814453125 0.01611328125 0.02978515625
0 0.626220703125 0.4365234375 0.02099609375 0.0263671875
0 0.14404296875 0.4580078125 0.0302734375 0.0166015625
0 0.417724609375 0.478759765625 0.05322265625 0.05810546875
0 0.35109952267278344 0.4904654727060025 0.03753935829863919 0.051289339395298617
0 0.2846237028242679 0.5485009682576879 0.04179181421544331 0.04676524933864579
0 0.26277515707509264 0.579511739375902 0.033462617898804115 0.04511110000121232
0 0.20310392402377309 0.537618995533501 0.031765228498556786 0.05374073030416915
0 0.1828996948406184 0.5456008318031935 0.027716903165360796 0.0485390534100828
0 0.01989148794243284 0.6232071130592549 0.03770984869847427 0.05714871439529867
0 0.009033203125 0.620849609375 0.01806640625 0.04541015625
0 0.04251375791839146 0.9506546068080426 0.05374310986569075 0.03897263807016538
0 0.00927734375 0.98974609375 0.0185546875 0.0205078125
0 0.023681640625 0.989013671875 0.02685546875 0.02197265625
0 0.15728450943597905 0.973923092883235 0.05036776371564944 0.040158475475339905
0 0.3502289303335462 0.8719526724215259 0.04061634624896904 0.039849595740124144
0 0.332275390625 0.984130859375 0.04052734375 0.03173828125
0 0.37353515625 0.988525390625 0.02734375 0.02294921875
0 0.381529067531608 0.8007135332158783 0.058492829448680395 0.0515383917635126
0 0.38021381371290697 0.7287269145607039 0.054226165998556564 0.0555742005701656
0 0.29685979529610285 0.7306598284842993 0.05583831019888663 0.04401488276720866
0 0.3418213572598967 0.6251812549978712 0.03426346488183496 0.05589314555047309
0 0.13987851816158747 0.7015816489447961 0.04552234869847416 0.05778644318347126
0 0.47900390625 0.606689453125 0.021484375 0.02392578125
0 0.54638671875 0.456787109375 0.0537109375 0.01416015625
0 0.501220703125 0.472412109375 0.02294921875 0.04541015625
0 0.5501956299900411 0.6324041766071851 0.03710790718191756 0.053202606346037795
0 0.494873046875 0.714111328125 0.01025390625 0.05419921875
0 0.6068780559271132 0.7602742784988469 0.04494882224855673 0.05481689763421049
0 0.625249513312041 0.8152807234791544 0.03696583184872165 0.048319793846037795
0 0.653895777415505 0.935696967227942 0.03144743764839175 0.05956024725490838
0 0.6264951972822266 0.9398821429865465 0.02929018206478351 0.06912658200860422
0 0.734130859375 0.982421875 0.05029296875 0.03515625
0 0.8219602228496905 0.952179519683708 0.04161609869847427 0.05746757878938502
0 0.8904526907667007 0.9587665659879363 0.050694536981999994 0.051388944225339905
0 0.9285708006323915 0.9210693854941161 0.03170839836527839 0.05178760530416904
0 0.8827883128799173 0.8371247073709345 0.05150959149835055 0.06265927102460078
0 0.8234191953273606 0.7513663671270551 0.057748812598927834 0.04270947121425195
0 0.989501953125 0.685302734375 0.02099609375 0.05908203125
0 0.9541379628122473 0.7957406170273804 0.037676208514701104 0.0727338563460378
0 0.8929003193044123 0.5230801475224129 0.06097685829863919 0.053202525759816655
0 0.91259765625 0.475341796875 0.0439453125 0.05126953125
0 0.7770535525535875 0.5033093462957422 0.040815251715443424 0.04668553324012417
0 0.7116731805887628 0.5739205801996452 0.03328690238183507 0.055813429451951446
0 0.6847736214207216 0.5274042220567712 0.038856901598309346 0.0630878054938202
0 0.957312289522536 0.5694571233722059 0.032974336648804115 0.0450712419519515