0 0.18627638911821248 0.2733768143415854 0.07910758625576675 0.04797764488423106
0 0.371337890625 0.23046875 0.01708984375 0.0615234375
0 0.2517892490850038 0.5132255674313845 0.058014904171306614 0.038208673735026455
0 0.509033203125 0.019775390625 0.05419921875 0.03955078125
0 0.47886549371420617 0.07373784350750778 0.053660486677471086 0.08327739047358351
0 0.4150313282990641 0.06698023235741005 0.04419564792528369 0.066515374151842
0 0.7156478099638085 0.06010771470252607 0.03626951459062466 0.056203445933533325
0 0.865234375 0.010986328125 0.03125 0.02197265625
0 0.9323651416295471 0.051783737894460335 0.03235190125715892 0.054953731824379015
0 0.865946159939946 0.2252360519455069 0.04215729792428946 0.05905457959726479
0 0.9403982003650309 0.15806859657271877 0.045705945009147264 0.0705240560052749
0 0.8955601820098897 0.32171779552341645 0.051565320009147264 0.07093378341900636
0 0.7624401878282427 0.4412882248323754 0.028468377924090627 0.056633705215224595
0 0.9762331715716805 0.47463887403003113 0.046426832506164306 0.048619687657563304
0 0.7257114844993504 0.41116832136934156 0.03168214876073816 0.08125263142209027
0 0.5533879749164812 0.4198031673732767 0.03168180667170428 0.0392945878732347
0 0.24169921875 0.57373046875 0.056640625 0.0283203125
0 0.3083673757509413 0.6157818156501398 0.06700850667369285 0.05640138985562371
0 0.16032725033321407 0.6339399328468602 0.07112497834281206 0.07474094771477802
0 0.16210889906412404 0.7743259251888504 0.061308218342215504 0.06966353744189213
0 0.015625 0.63671875 0.03125 0.076171875
0 0.36328125 0.805419921875 0.033203125 0.07470703125
0 0.19537383822011883 0.8505491298587498 0.050287629172300896 0.044986589266717836
0 0.04131525113386897 0.8827888494692018 0.06230750750914732 0.07168495034418099
0 0.7986545961967071 0.7680923316444603 0.02525460708744287 0.03201477900835892
0 0.8970938899387528 0.819754859562169 0.028769164171903228 0.04055456791636902
0 0.9602867111911391 0.7977721648645553 0.03357243333764193 0.034060069927811853
0 0.994384765625 0.62841796875 0.01123046875 0.0322265625
0 0.46471998784116825 0.9548844371725791 0.02825247458823843 0.038079017715224595
0 0.5097895861762249 0.9390478811673042 0.017481878754573632 0.0348864445400503
0 0.5307422791265644 0.6897376799749653 0.043252833336647534 0.02741873020069774
0 0.420333557870201 0.744295068982431 0.022887062504971356 0.03819171550263745
0 0.395263671875 0.92578125 0.03076171875 0.0263671875