0 0.404296875 0.02490234375 0.0400390625 0.0498046875
0 0.42011093138232325 0.09054206099700002 0.023848283517623248 0.05524741530149324
0 0.5440320619404528 0.08479918490634986 0.04315786847690406 0.05026551709726479
0 0.5947265625 0.056396484375 0.009765625 0.05322265625
0 0.6421936443474312 0.19232303678705026 0.027708026598919577 0.026291979812936073
0 0.8262648267428262 0.16581303615679643 0.03527096154661713 0.033640076580100375
0 0.8396793786380086 0.21407097992132335 0.029729356226833037 0.028381680617513227
0 0.15101371835929814 0.5701152385370083 0.03561818698855834 0.05753171387895617
0 0.20796591073714088 0.5851292210519817 0.037321746936255895 0.06447008323238901
0 0.12406681222022642 0.4351275641113872 0.024302462453666407 0.05430499675263745
0 0.10194534210965253 0.4688223165105918 0.03364180852920656 0.04278084452552333
0 0.091552734375 0.369140625 0.02587890625 0.05859375
0 0.0107421875 0.884033203125 0.021484375 0.06884765625
0 0.11443909013161446 0.8503134683499443 0.02853268443625584 0.06385549211179198
0 0.1393460804338461 0.8763358701892968 0.027368559209493548 0.05841611045950312
0 0.10874711520111488 0.92961989455681 0.04546286547107692 0.04652998685298626
0 0.280517578125 0.988037109375 0.03955078125 0.02392578125
0 0.35110668252104055 0.865911926642674 0.034426161750212625 0.06524178202552333
0 0.4566482837011858 0.8843474515432184 0.04619606522114772 0.06752608060298648
0 0.5263020115795954 0.7309146687421717 0.04264168721532058 0.06338082294497627
0 0.5784070495215368 0.703403772622021 0.037247340005968965 0.048390945933533325
0 0.5728825160569248 0.5547408770471955 0.025012408744385484 0.06068679695378176
0 0.4987877914061988 0.4308435219314265 0.03905940919791018 0.0723850150858219
0 0.43559487557426446 0.5945404769164531 0.038251802517552225 0.03530978403696616
0 0.41119941998138454 0.5538696375771005 0.02983786547107692 0.04543738041636891
0 0.3993830095917459 0.5853825232522749 0.03707682843618487 0.043508133433533325
0 0.4124177894811719 0.6166189111690905 0.020810086773379366 0.03798685179577166
0 0.37112158791700256 0.6833152710106338 0.04394222169791018 0.07272645459726479
0 0.27972000102778904 0.5947243537826266 0.053304821232802 0.07581659591900636
0 0.2854522805746188 0.5003153527769051 0.04239676871524978 0.042418873146120584
0 0.23860208978411235 0.4470891228913343 0.04250992451172508 0.03171082959726479
0 0.25868517910979427 0.4159723525467069 0.03216611592460161 0.056316143720946066
0 0.337646484375 0.35791015625 0.01904296875 0.0361328125
0 0.365478515625 0.36474609375 0.02294921875 0.0498046875
0 0.231689453125 0.349609375 0.03173828125 0.01953125
0 0.16650390625 0.357421875 0.0400390625 0.03515625
0 0.918616631870598 0.689263238294516 0.07880239972690406 0.052758025530798225
0 0.7529172208006724 0.7476106058789982 0.07019469765129305 0.04338851586134518