0 0.08811853373947975 0.28460356428575756 0.04682540227920651 0.042642355769013984
0 0.16912515857063437 0.2094256087185383 0.03767361893042853 0.059765639474602394
0 0.2946087725702091 0.07739965700286391 0.033138031872369744 0.08344125801267599
0 0.3249519911464581 0.27406194414627605 0.0369466214827312 0.05290695990988181
0 0.23301252528645122 0.41430706046095095 0.06365483212229917 0.06390065640479314
0 0.24686731646098192 0.44691889177821587 0.04814298791877447 0.05245346489845515
0 0.25611676019939855 0.45969312836324544 0.046985064994385484 0.06117430120429346
0 0.316891502542491 0.47740366690261404 0.04549696778503365 0.04648037957485229
0 0.09522886619946935 0.4882168455357576 0.06603268029661713 0.034274694607837164
0 0.08143454229853075 0.5553735836715368 0.0432942777327312 0.05320260675124944
0 0.0166015625 0.42041015625 0.033203125 0.0849609375
0 0.5699482647974676 0.2532439651841214 0.07206412261654283 0.08135437319032235
0 0.6828947146584667 0.40644383594559375 0.06169085826769405 0.07745882108119018
0 0.990234375 0.609130859375 0.01953125 0.05712890625
0 0.49267578125 0.006103515625 0.0537109375 0.01220703125
0 0.9625186524431462 0.3327747896018188 0.01974826848848732 0.035043885959382015
0 0.9027452818095472 0.37175036019189134 0.04703621846532058 0.06263914495429335
0 0.8497086325361677 0.33753992530227284 0.052906442319925695 0.04926291679566086
0 0.23883161636831468 0.9861353458453438 0.018833708314027642 0.02281411264466149
0 0.23126245842005017 0.8113988845395056 0.02341580229078999 0.028389884977146673
0 0.05426439467040456 0.9247939172361204 0.02365451848848743 0.03522582247714667
0 0.57080078125 0.731201171875 0.0322265625 0.02294921875
0 0.5455497391006915 0.8049910074202418 0.024641929843092436 0.021622173671308254