0 0.0166015625 0.278564453125 0.033203125 0.05419921875
0 0.0802365957866723 0.291015625 0.05179861063987068 0.04736328125
0 0.11916284204111371 0.25634765625 0.03285800083378276 0.04931640625
0 0.07542915076716228 0.16845703125 0.052875455817365635 0.05859375
0 0.023681640625 0.07763671875 0.04736328125 0.0380859375
0 0.19287109375 0.02685546875 0.037109375 0.0537109375
0 0.14760970149355968 0.1328125 0.03930386349486081 0.06982421875
0 0.2633828626765429 0.24365234375 0.05408232594116802 0.06298828125
0 0.4313619940086284 0.2900390625 0.047144029497256046 0.06103515625
0 0.6328429694572836 0.17138671875 0.057169704389870624 0.04736328125
0 0.6210488519767937 0.2939453125 0.03581327806976087 0.0498046875
0 0.670654296875 0.349365234375 0.03857421875 0.02099609375
0 0.807090237026045 0.32177734375 0.03971952806976087 0.0498046875
0 0.7634865706984009 0.24072265625 0.04866005271921203 0.06201171875
0 0.8172832570109763 0.16455078125 0.03303712898562916 0.052734375
0 0.927001953125 0.3466796875 0.04150390625 0.0263671875
0 0.3618987297182126 0.39013671875 0.047435897925099946 0.02001953125
0 0.33736502360399073 0.4296875 0.040619321361826666 0.04833984375
0 0.1630859375 0.37255859375 0.046875 0.025390625
0 0.103759765625 0.365478515625 0.05029296875 0.01123046875
0 0.011962890625 0.4697265625 0.02392578125 0.0419921875
0 0.10001403635334019 0.68212890625 0.04850859056976081 0.0498046875
0 0.01904296875 0.794677734375 0.0380859375 0.06787109375
0 0.541180946475398 0.41650390625 0.052084250268463306 0.0341796875
0 0.5061630264873738 0.46044921875 0.041623549864221676 0.03955078125
0 0.4738299525106273 0.44384765625 0.02669154900204629 0.04345703125
0 0.565673828125 0.663330078125 0.04833984375 0.03271484375
0 0.47602309192754233 0.59765625 0.04085170525204607 0.04345703125
0 0.44740400766147426 0.640625 0.050542637310529104 0.03271484375
0 0.41556959626681333 0.67041015625 0.07559644320998038 0.044921875
0 0.559814453125 0.727783203125 0.06005859375 0.03662109375
0 0.5331506490995968 0.8212890625 0.07364331820998027 0.044921875
0 0.5075995823455042 0.908203125 0.05997144320998027 0.044921875
0 0.4280076623290871 0.89892578125 0.050662280924751 0.072265625
0 0.7319959343920115 0.87548828125 0.04426759773562916 0.052734375
0 0.6828455241563823 0.92822265625 0.041109678878243794 0.0390625
0 0.9120478668454569 0.5517578125 0.041519114653892464 0.046875
0 0.8901782967278404 0.78271484375 0.02864259773562905 0.052734375
0 0.8006706912894164 0.90673828125 0.042340062471607265 0.05322265625
0 0.7215552694634696 0.72998046875 0.036401841997255935 0.06103515625
0 0.653076171875 0.96875 0.06103515625 0.0625
0 0.828857421875 0.98095703125 0.04052734375 0.0380859375