0 0.22437507204106893 0.42548514500479473 0.046663034445531215 0.07442218416733803
0 0.23576031681653087 0.5277446318594385 0.046784827515885974 0.05345452956161045
0 0.31787109375 0.546875 0.0693359375 0.025390625
0 0.3735879099046837 0.1768043441558762 0.09471309684418383 0.060636096950311025
0 0.31201171875 0.0146484375 0.0673828125 0.029296875
0 0.12808113661971965 0.2413453241863751 0.050040859628368406 0.044376259821517716
0 0.0910913367529129 0.4322724688911743 0.059281640117233414 0.0707670706684218
0 0.27942164620837295 0.31789309077909733 0.0440170766534036 0.06256123844597594
0 0.477511529020358 0.23123680313729889 0.04477204164943238 0.04992280423452078
0 0.7668148904233351 0.025157125370582623 0.05699859019872322 0.02380675323560455
0 0.679051001168584 0.10685101015680679 0.05820527318361668 0.03704722527414944
0 0.6620699916336937 0.46489854633080074 0.06066125405801359 0.06596957560123928
0 0.8430736110017067 0.323142163277083 0.05572977500992882 0.03495190455278718
0 0.94677734375 0.018310546875 0.0537109375 0.03662109375
0 0.98828125 0.334228515625 0.0234375 0.05615234375
0 0.811279296875 0.529296875 0.03271484375 0.060546875
0 0.0679686802464552 0.6086238686964355 0.040207050780992626 0.03990122693606868
0 0.0814384750417747 0.6473499147625343 0.026449945971772637 0.034222118396440016
0 0.1147537611626267 0.7507710463749178 0.03120244242049597 0.05498588319489206
0 0.09372357548893878 0.7539470545786332 0.020778076552056324 0.044623036165170604
0 0.015380859375 0.897705078125 0.03076171875 0.05322265625
0 0.218994140625 0.9873046875 0.05029296875 0.025390625
0 0.147110893114189 0.9649751434487562 0.05514774096978692 0.029552371658514653
0 0.21099161602355 0.8822333704818823 0.0278015196323399 0.05576337168498491
0 0.18668093826319454 0.7938968951283223 0.03504050857312013 0.05130714634907174
0 0.15810493633553513 0.8101948029961246 0.032720895393475 0.030197296021981845
0 0.2591315975060311 0.7511421221702717 0.033121475496808106 0.053146514771981845
0 0.2464129340004267 0.5855482685369902 0.04268254895468049 0.04199654765743094
0 0.35567960658588793 0.6133291485756883 0.032616148284964064 0.05214151312770943
0 0.30470479936212946 0.6553208804357509 0.03315556742049597 0.055099639771981845
0 0.34261669693766206 0.7189637176439547 0.03230079799085095 0.03407510687770943
0 0.32205169490865515 0.7513797225591252 0.03841586241851003 0.049064814108978894
0 0.45050844485695185 0.6019525795868325 0.04098511338234001 0.056531228580341125
0 0.4556738780962435 0.697257556567018 0.054742218191559555 0.062210337119969816
0 0.44735136160979083 0.8387121075482875 0.03879334491652431 0.04274559700325131
0 0.42572456727156427 0.8760678032520031 0.04281891664943216 0.049809047657430994
0 0.3909738400497915 0.9107733871010747 0.04738637885531882 0.03202703285015551
0 0.4389216266773803 0.9304188493181019 0.04566337434021239 0.045096870023065616
0 0.5381194272556782 0.920251171780794 0.05574434963432573 0.06373205915851465
0 0.70751953125 0.574462890625 0.0224609375 0.02978515625
0 0.8813663179809957 0.7900257226297125 0.04245848011326192 0.057104827263158464
0 0.7884053749007123 0.8061713475414785 0.02821309405404193 0.05139727957925744
0 0.6823229702743295 0.8474704527043283 0.031435034242836446 0.04036588483916459
0 0.6266017182453227 0.8819340760071155 0.027031980011914536 0.03962165129071238
0 0.6100647592866708 0.935090222373834 0.015673666548084775 0.031643332222446086
0 0.623779296875 0.99609375 0.01611328125 0.0078125
0 0.7490286335751797 0.7426138277660921 0.024556481838226674 0.037526330569350175
0 0.7439000169973085 0.8687610251317268 0.0303817649145387 0.03591447530061953
0 0.7363651950617061 0.9091982356515411 0.02097657645070905 0.028049912809443023
0 0.8907728688136918 0.8938638098114461 0.022174736454680488 0.04080210359798797
0 0.8439709953359618 0.9482949018730567 0.023846603084255236 0.024802578925077756