0 0.14002922450283872 0.24834441796481976 0.02639698030416915 0.03124833837922658
0 0.0029296875 0.182373046875 0.005859375 0.02294921875
0 0.025770686726848124 0.027640483910918 0.030751653504908383 0.030939120556023325
0 0.20703125 0.010986328125 0.0322265625 0.02197265625
0 0.015806496756534782 0.24573225639189 0.02438410852338846 0.018513234006605206
0 0.2335998229880546 0.24235902086386174 0.02966550151599634 0.023595005869712526
0 0.29251259855458334 0.2888510132116374 0.018674181061561157 0.02606708683456538
0 0.45217058264571275 0.28947771344894113 0.020976043846037795 0.03638068089349766
0 0.46968896086493217 0.3029290715287495 0.014478940057865097 0.028329429657768745
0 0.36922179165050273 0.05731201494630567 0.020139024811561157 0.026126774643497663
0 0.2566687770582794 0.2898400161109529 0.02429440776599634 0.023376150570294296
0 0.076904296875 0.003662109375 0.02294921875 0.00732421875
0 0.1766595776357186 0.03966759916724971 0.023885842614518094 0.02433281713398361
0 0.3833527191998819 0.25629946924757196 0.03193749091008269 0.0275808396149555
0 0.476806640625 0.033203125 0.00634765625 0.0302734375
0 0.41001815708645784 0.04966613797378694 0.020059308713039625 0.025150212143497663
0 0.36462877601641064 0.29962800772193887 0.028798528504908383 0.03085953681078024
0 0.635986328125 0.009765625 0.05712890625 0.01953125
0 0.6822298810458014 0.11359208593100684 0.05310284034355406 0.07224240582214247
0 0.6112098402317565 0.10139003954332698 0.059948762502424535 0.06668146986680368
0 0.5559642469558842 0.08199226718128028 0.06008838655416909 0.03262115798466825
0 0.6204575523500298 0.18015170950527093 0.07710841827829684 0.05034767169661203
0 0.871543462580278 0.1110180110969553 0.06718336108125367 0.047996627970397165
0 0.9516617679744235 0.20981412338288985 0.059619832863246514 0.09246089643525002
0 0.7978515625 0.304931640625 0.04296875 0.06982421875
0 0.010986328125 0.553955078125 0.02197265625 0.04541015625
0 0.14400512535626864 0.8814263439154015 0.05146866032386166 0.052222874572142475
0 0.141357421875 0.973388671875 0.04931640625 0.05322265625
0 0.30265683472945026 0.9363915344568805 0.036630836650207055 0.067191308673888
0 0.371826171875 0.98583984375 0.05712890625 0.0283203125
0 0.283447265625 0.988037109375 0.05126953125 0.02392578125
0 0.4169337300987582 0.6887467104785439 0.06091542092977531 0.04871454329835745
0 0.3208321051923715 0.7137352844568805 0.04724354592977531 0.04815745708165653
0 0.29109590520206985 0.4538536070805627 0.05700917092977531 0.04855537580787145
0 0.21340048729216454 0.7754950025179342 0.06099513702829684 0.04969110579835756
0 0.4423828125 0.353271484375 0.0546875 0.02685546875
0 0.2888835014163218 0.39693443897221226 0.043088162975339905 0.050908081154859786
0 0.5238763414729746 0.42513789004199276 0.07034221221794801 0.05688517015195088
0 0.490966796875 0.564453125 0.02197265625 0.0595703125
0 0.501220703125 0.698974609375 0.04248046875 0.05419921875
0 0.499267578125 0.9423828125 0.03857421875 0.052734375
0 0.5283319894695152 0.8206730540152988 0.05637136155538136 0.06458907331262842
0 0.5773183378732407 0.4606290477177287 0.04261985104308108 0.03920922709117053
0 0.6942166051108811 0.39092667526026836 0.06163286581646954 0.05750360579835745
0 0.8622164372945891 0.7514838000934996 0.04468248494577187 0.07043933115485979
0 0.9689801306713484 0.6078826742377845 0.04765203049503253 0.07104698802272424
0 0.9873046875 0.4443359375 0.025390625 0.072265625
0 0.7384510697870196 0.4431893417050323 0.04290876146055589 0.0606339142822383
0 0.7811812355950031 0.615907426567079 0.05008353267238319 0.05313974926321019
0 0.5911510956222651 0.8913295788488034 0.04813048825860433 0.029213968013210412