0 0.023681640625 0.18896484375 0.04736328125 0.10546875
0 0.4619140625 0.087158203125 0.0244140625 0.05810546875
0 0.5133030346416232 0.1834039404704222 0.041613971244385484 0.06161656047549835
0 0.5896717861710424 0.28225728331487554 0.03162668120366641 0.05464309454019034
0 0.6163986037177305 0.33290756236733954 0.04780196477920662 0.04349993975521427
0 0.6950630384386656 0.32933463815060804 0.02202536547107692 0.04477123158914731
0 0.7177890570959984 0.433583059264257 0.03420449670949344 0.05870579696151723
0 0.7919209541645774 0.0759938622992789 0.0404451994653916 0.08395233603843677
0 0.64990234375 0.01318359375 0.0302734375 0.0263671875
0 0.9554920821124875 0.1354922212416927 0.042692840686255895 0.0646088289440292
0 0.9801805188742836 0.18382625598121827 0.03752015851762325 0.05599514285137519
0 0.007568359375 0.91943359375 0.01513671875 0.0615234375
0 0.015380859375 0.802734375 0.03076171875 0.0556640625
0 0.1082946576007624 0.8246120204584242 0.06582806641287631 0.029552259407299886
0 0.15402413928112013 0.8588739613902716 0.05539900204086079 0.05178179701919561
0 0.11983515867665695 0.9168535197259121 0.05978733098848754 0.03793454561184961
0 0.27076673275134666 0.6424300846368567 0.055008381180499555 0.08244964431639912
0 0.2224222217509213 0.5192696657207438 0.05275298190711997 0.04576596959786838
0 0.031494140625 0.484619140625 0.03564453125 0.02978515625
0 0.608642578125 0.481201171875 0.04638671875 0.02294921875
0 0.655617592838045 0.6535249127676259 0.037912335128126196 0.06722561160137519
0 0.6949591136520726 0.6730256207606582 0.043725203209422636 0.038366803381090886
0 0.8265330814950234 0.6430615245247313 0.05902158467460161 0.057860205409053345
0 0.8966177348501245 0.772169380883166 0.06498946891884527 0.07529424448597288
0 0.640869140625 0.98486328125 0.04638671875 0.0302734375
0 0.9150390625 0.98095703125 0.048828125 0.0380859375