0 0.11114152143318717 0.4915478934304073 0.020306954618863116 0.028641220143483137
0 0.008056640625 0.50341796875 0.01611328125 0.02734375
0 0.015557928167682422 0.13779348825876342 0.024056752197536113 0.026472965502637447
0 0.08999571155754027 0.14640133758269586 0.021164912669573654 0.011687952198060292
0 0.20938872705564898 0.37106158727986294 0.029928493695782654 0.034661048965224595
0 0.47314453125 0.421142578125 0.033203125 0.02490234375
0 0.43274723116233027 0.3293213370619589 0.03245140490033238 0.028518256422090493
0 0.42310320452081096 0.19399914290967024 0.034679586770948845 0.048117794324378904
0 0.46863852270787265 0.19912765536608945 0.026960958223745113 0.049036334856070285
0 0.20096485049257273 0.5809508907283698 0.021947174776209 0.02389498344806018
0 0.13874496789636587 0.6568054317204575 0.027631173368863116 0.02915337941064733
0 0.06998462561138996 0.6685244092068237 0.024951809742986386 0.03285476570378165
0 0.4423213708702488 0.5166506173062374 0.028557521398578922 0.036023460861791756
0 0.3682502703719104 0.6427162270628519 0.02685472027270208 0.03979313505721471
0 0.558837890625 0.007568359375 0.04638671875 0.01513671875
0 0.5753399680924702 0.029948728734579877 0.047650704618863116 0.030553281407563526
0 0.5530158105504808 0.0760248057750767 0.04199143902270219 0.040851597542687634
0 0.5406879294192979 0.17189530438159362 0.05576955197374506 0.05105082797358351
0 0.5353589956972143 0.2556167937064191 0.0373342174003323 0.028859695933533214
0 0.5737636470503429 0.28600962129224106 0.023843527818152577 0.04590178364920461
0 0.6012456739629489 0.2597379458608986 0.02301686025170746 0.06334333284462734
0 0.6177359379787295 0.1908936357601032 0.029032687673034463 0.06619446650835892
0 0.6238126706060838 0.5967202962631872 0.030629250847868383 0.05318159251408039
0 0.61181640625 0.701416015625 0.03515625 0.03662109375
0 0.7458378291689761 0.6728200822389616 0.03255689437407727 0.0756766739652246
0 0.71044921875 0.708740234375 0.03125 0.02197265625
0 0.8394815912179333 0.67013252105981 0.043587253720238195 0.06575394129268775
0 0.978759765625 0.583984375 0.04248046875 0.076171875
0 0.9739597928490702 0.6523149334290675 0.04624188434962173 0.046495842901842055
0 0.8971411175537577 0.43209005123145383 0.03365280980066454 0.054851299970946066
0 0.9096254511062676 0.33866095887493697 0.02399342275170746 0.06341162074691598
0 0.8976702406849866 0.26588317460777255 0.040050680520948845 0.048493377786966274
0 0.9350874599944641 0.21259892275389314 0.03540582539682546 0.04427983222666754
0 0.876220703125 0.00927734375 0.04052734375 0.0185546875
0 0.990234375 0.376953125 0.01953125 0.0615234375
0 0.7585050239018098 0.8587858131548419 0.03608840704019034 0.032175232830100375
0 0.498291015625 0.938232421875 0.01708984375 0.03857421875
0 0.5733190227828548 0.9576377839039908 0.027374292006967615 0.04031556025835892
0 0.622314453125 0.98583984375 0.02685546875 0.0283203125
0 0.8828544812200084 0.8422043275500694 0.04174111514857892 0.036945347542687745
0 0.9683837079699624 0.9176964421900219 0.038229274945782876 0.03524149613467764
0 0.9073136976571161 0.7763477269175826 0.030322903492986608 0.03323034916636891
0 0.677107638029486 0.7719163880263323 0.03695217410137497 0.0380687517812448
0 0.908782104985697 0.9130425989004182 0.038479598819905814 0.03914774613467764