0 0.036747296060545574 0.08256767909629881 0.06308706363907339 0.05796063434962173
0 0.2778603390681742 0.06854879366809602 0.08573694616782952 0.05759095754891119
0 0.0537666431908835 0.3588228196347816 0.05542036582335097 0.03134312297549835
0 0.11113627911227164 0.48731067531838246 0.059467653160200896 0.05389793192829462
0 0.4411135205658765 0.30569346516818796 0.08911504239376677 0.06601690073597277
0 0.012044270833333334 0.907470703125 0.024088541666666668 0.07861328125
0 0.40572843096429473 0.5786048359461504 0.059531327872639185 0.06848378845976388
0 0.36277843703885065 0.7055950604408903 0.10353347112909095 0.0885840761870158
0 0.43226732399426976 0.8014182868447752 0.06996614398355187 0.08308201148947969
0 0.60546875 0.65380859375 0.08854166666666667 0.12890625
0 0.24685763142915684 0.9478938589251096 0.09970012222122993 0.07527532049995411
0 0.8573597168633365 0.7833357717100397 0.06134787706806222 0.06711281616256004
0 0.8904078132993583 0.7277910621366269 0.06670201258567306 0.04112111447374511
0 0.8235412424548517 0.617745098514211 0.03898483406043344 0.06360753344753606
0 0.7333651276655319 0.6186765070771034 0.050339381914894364 0.0602645121643135
0 0.7578726231256304 0.6408310972222215 0.04824521957804443 0.0378035746643135
0 0.932807042474221 0.6275624349390908 0.05730505126348495 0.06546022950696762
0 0.935316607017695 0.8578499995212705 0.056002967930151616 0.06539764853843677
0 0.8962317993563312 0.9642385400632142 0.04709786149353423 0.05330341272725181
0 0.6824428403286819 0.6434842308970093 0.04723443729811135 0.05476825647725181