0 0.100341796875 0.46728515625 0.03662109375 0.0654296875
0 0.3436583651732996 0.3834708846929116 0.05139892888421049 0.04680313846214057
0 0.17388658240124177 0.21070076720565212 0.06091542092977531 0.05038156103388225
0 0.08248820730762851 0.2460649995753562 0.04724354592977531 0.049425530401842055
0 0.3012083339172382 0.224386709261569 0.05235552206646954 0.05852188846214057
0 0.01953125 0.00830078125 0.0390625 0.0166015625
0 0.008056640625 0.31884765625 0.01611328125 0.0517578125
0 0.371826171875 0.45849609375 0.03564453125 0.048828125
0 0.8043973002029863 0.271137380621979 0.03050252055047309 0.034661048965224595
0 0.7770040298397397 0.18220525136889498 0.017508312974127804 0.018216594137761666
0 0.5506608699900059 0.16464005599298082 0.03718901051230039 0.02736070823238901
0 0.8480833339172382 0.32504648953043563 0.03176807405416904 0.032322074568657544
0 0.9378682235848905 0.041314474517248456 0.022998980871910213 0.02005702135034887
0 0.9634669146967474 0.39702223217525845 0.01803645227338846 0.01873901933890587
0 0.716566019052661 0.41035867750312605 0.023885842614518094 0.02497397780149313
0 0.6387707545540509 0.14914851313471966 0.020926281724127693 0.01845560179577166
0 0.7857933340984032 0.10940358908456624 0.02205229176230039 0.026302245746915975
0 0.00830078125 0.62841796875 0.0166015625 0.0439453125
0 0.051647497735097525 0.5372781135247142 0.04965499820316377 0.06707194330413058
0 0.2938845986845653 0.5871245472197324 0.04902725407386166 0.05343421225527489
0 0.25308815266238893 0.6047093645181416 0.047801558619426476 0.056261467901842055
0 0.21543066904538732 0.6186372054085407 0.0441345375012121 0.03512879834726479
0 0.24746776478551147 0.6561734935410275 0.06317750625121232 0.03646041244189224
0 0.35355419366972196 0.6924602950507261 0.06182217140390289 0.06743726083273793
0 0.663193754092046 0.5433521631928274 0.0428788880701656 0.05543174714039911
0 0.6603633490772026 0.6530583367702905 0.049356022540597344 0.07530443665184205
0 0.4777065452866054 0.5931528220845241 0.02686529223642814 0.04363109715492586
0 0.48840823004757516 0.7844122303459671 0.03929150246425189 0.0590648455312448
0 0.416015625 0.72705078125 0.052734375 0.0546875
0 0.5897213553344764 0.8524611911228301 0.040248095646510995 0.0707835955312448
0 0.8022741136573032 0.5567069316712813 0.03851423021055589 0.06143796387895617
0 0.8106841620513304 0.6597342754212814 0.04373579583616194 0.07782439673811048
0 0.9765625 0.521728515625 0.046875 0.04345703125
0 0.99169921875 0.623291015625 0.0166015625 0.04345703125
0 0.98583984375 0.673828125 0.0283203125 0.0576171875
0 0.7981175219095503 0.9208792705502374 0.03216657396055589 0.06099409251408039
0 0.7234203947321997 0.944272133178747 0.047373104736428084 0.04506514310298626
0 0.6883240526854226 0.9113693839542704 0.042858918752424535 0.06708220923811048