0 0.456375 0.601 0.03375 0.05266666666666667
0 0.427375 0.57 0.03075 0.054
0 0.474875 0.494 0.02925 0.06333333333333334
0 0.558375 0.562 0.04625 0.062
0 0.544625 0.3448333333333333 0.03075 0.029
0 0.52625 0.2265 0.028 0.03833333333333333
0 0.53525 0.2853333333333333 0.0235 0.03666666666666667
0 0.41725 0.32166666666666666 0.0325 0.051333333333333335
0 0.373 0.4465 0.022 0.05566666666666667
0 0.41575 0.6658333333333334 0.0475 0.053
0 0.446 0.7893333333333333 0.0325 0.051333333333333335
0 0.473375 0.8593333333333333 0.01825 0.051333333333333335
0 0.46775 0.9001666666666667 0.0265 0.03833333333333333
0 0.4815 0.9571666666666667 0.0385 0.049
0 0.550375 0.9795 0.02675 0.033
0 0.636125 0.7701666666666667 0.03775 0.06366666666666666
0 0.697625 0.8506666666666667 0.03825 0.074
0 0.821375 0.909 0.02675 0.07133333333333333
0 0.867125 0.8981666666666667 0.04175 0.045
0 0.9095 0.8961666666666667 0.018 0.03833333333333333
0 0.90325 0.8606666666666667 0.028 0.051333333333333335
0 0.914125 0.7378333333333333 0.02875 0.041
0 0.846375 0.7775 0.03125 0.035666666666666666
0 0.819375 0.7523333333333333 0.03725 0.017333333333333333
0 0.795 0.8223333333333334 0.03 0.048666666666666664
0 0.84925 0.6671666666666667 0.0215 0.04766666666666667
0 0.903 0.3963333333333333 0.0325 0.05266666666666667
0 0.927625 0.2786666666666667 0.03125 0.05
0 0.849875 0.381 0.02675 0.06733333333333333
0 0.827375 0.2755 0.05075 0.030333333333333334
0 0.658875 0.2906666666666667 0.03375 0.04733333333333333
0 0.637125 0.2833333333333333 0.02675 0.04066666666666666
0 0.600625 0.2575 0.04225 0.04766666666666667
0 0.599 0.3455 0.0285 0.043666666666666666
0 0.58925 0.37316666666666665 0.013 0.035666666666666666
0 0.57325 0.35083333333333333 0.028 0.043666666666666666
0 0.593 0.4761666666666667 0.0365 0.043666666666666666
0 0.400125 0.5851666666666666 0.02275 0.03166666666666667
0 0.099625 0.22266666666666668 0.02325 0.062
