0 0.15478515625 0.10111545328662512 0.0478515625 0.04938249268709279
0 0.0732421875 0.11469566403911997 0.0478515625 0.07021582602042613
0 0.16259765625 0.4074529842424739 0.0400390625 0.058193981976274976
0 0.2548828125 0.021158854166666668 0.05859375 0.042317708333333336
0 0.43310546875 0.3142760612970717 0.04052734375 0.06472334202070111
0 0.77099609375 0.16762338699826773 0.0234375 0.04518011546578693
0 0.69140625 0.0834715742397248 0.0185546875 0.03652714002152576
0 0.71923828125 0.1058293017074361 0.01318359375 0.038922929532838456
0 0.57470703125 0.07237404152423348 0.025390625 0.034839222310158124
0 0.533203125 0.14811197916666666 0.0068359375 0.031901041666666664
0 0.540771484375 0.20182291666666666 0.02197265625 0.037760416666666664
0 0.60791015625 0.18046089183659086 0.02490234375 0.027007778932398512
0 0.7724609375 0.3824103068649894 0.02294921875 0.02237471375469428
0 0.57861328125 0.3690974945021579 0.0234375 0.026299907132453743
0 0.7646484375 0.11513527590914056 0.0224609375 0.030168270376934665
0 0.65234375 0.24644537779381417 0.02392578125 0.03868864217687973
0 0.67041015625 0.4664475978167146 0.01953125 0.03721606844371136
0 0.24072265625 0.8306570733269276 0.0380859375 0.08025362513190377
0 0.1181640625 0.7462191528112164 0.052734375 0.04241046813135396
0 0.041015625 0.7361913731638762 0.04150390625 0.0660633121095533
0 0.3125 0.7712317717962884 0.04638671875 0.06495066255381447
0 0.279296875 0.6052022131505976 0.0556640625 0.05554496173124402
0 0.49951171875 0.6949660414477522 0.0322265625 0.04877630459879042
0 0.62841796875 0.6292840220046735 0.03369140625 0.043624801398735404
0 0.91064453125 0.5948972496597111 0.04150390625 0.04522997877621996
0 0.662109375 0.7034977622726046 0.02734375 0.03882124582119584
0 0.81005859375 0.9627318771448246 0.04638671875 0.047372537553814396
0 0.9228515625 0.8418194985490581 0.03564453125 0.05607036657643979
0 0.6337890625 0.8393621031826529 0.06103515625 0.05184708888659806
0 0.904296875 0.9694924719039172 0.04443359375 0.04924988904277668
0 0.985595703125 0.8414713541666666 0.02880859375 0.060546875