0 0.381875 0.177 0.05275 0.11866666666666667
0 0.2005 0.47883333333333333 0.0325 0.10166666666666667
0 0.1365 0.5111666666666667 0.028 0.10566666666666667
0 0.077125 0.37583333333333335 0.05525 0.09633333333333334
0 0.03675 0.17316666666666666 0.054 0.09766666666666667
0 0.307625 0.6163333333333333 0.05125 0.086
0 0.22175 0.5983333333333334 0.0475 0.08733333333333333
0 0.393625 0.7121666666666666 0.03975 0.10833333333333334
0 0.5055 0.9503333333333334 0.0385 0.07
0 0.605125 0.9683333333333334 0.03075 0.05533333333333333
0 0.572625 0.648 0.05525 0.11733333333333333
0 0.792375 0.6255 0.04175 0.07033333333333333
0 0.91375 0.967 0.0475 0.05
0 0.96325 0.6248333333333334 0.0385 0.08966666666666667
0 0.712875 0.4485 0.06125 0.07766666666666666
0 0.70925 0.21266666666666667 0.0645 0.09533333333333334
0 0.82625 0.3566666666666667 0.043 0.12666666666666668
0 0.569 0.3368333333333333 0.0575 0.08966666666666667
0 0.49 0.31233333333333335 0.054 0.06466666666666666
