0 0.525125 0.31316666666666665 0.03975 0.050333333333333334
0 0.582 0.2826666666666667 0.047 0.05
0 0.627625 0.3065 0.03275 0.034333333333333334
0 0.6505 0.31316666666666665 0.0495 0.042333333333333334
0 0.809875 0.29333333333333333 0.05475 0.05266666666666667
0 0.842125 0.3943333333333333 0.02925 0.056666666666666664
0 0.893625 0.424 0.03325 0.05533333333333333
0 0.913125 0.30316666666666664 0.02275 0.041
0 0.902625 0.7581666666666667 0.02425 0.045
0 0.901 0.8785 0.0325 0.034333333333333334
0 0.896125 0.92 0.01775 0.059333333333333335
0 0.857125 0.9068333333333334 0.03325 0.035666666666666666
0 0.813125 0.9173333333333333 0.02475 0.07266666666666667
0 0.794 0.8428333333333333 0.0305 0.04766666666666667
0 0.810875 0.7615 0.03075 0.049
0 0.838125 0.7911666666666667 0.02925 0.034333333333333334
0 0.83625 0.6848333333333333 0.0255 0.041
0 0.80175 0.6491666666666667 0.0385 0.041
0 0.7275 0.609 0.045 0.032
0 0.700875 0.8686666666666667 0.05675 0.059333333333333335
0 0.625 0.7735 0.0405 0.04633333333333333
0 0.46325 0.9161666666666667 0.0385 0.04633333333333333
0 0.46375 0.8825 0.028 0.037
0 0.472 0.9748333333333333 0.035 0.037
0 0.445625 0.6108333333333333 0.02425 0.033
0 0.423125 0.5865 0.03125 0.05566666666666667
0 0.38775 0.6043333333333333 0.032 0.043333333333333335
0 0.413125 0.6803333333333333 0.03975 0.05
0 0.093125 0.2405 0.02475 0.053
0 0.53975 0.36583333333333334 0.026 0.03166666666666667
0 0.58175 0.49933333333333335 0.0255 0.05
0 0.556375 0.5758333333333333 0.04875 0.029
0 0.63025 0.4603333333333333 0.03 0.046
0 0.51825 0.25683333333333336 0.0285 0.049
0 0.411125 0.3441666666666667 0.04225 0.035666666666666666
0 0.467125 0.5051666666666667 0.03325 0.04633333333333333
0 0.440375 0.8051666666666667 0.04875 0.051666666666666666
