0 0.3243589381552927 0.23263187250364656 0.04440355918716721 0.059802643183875404
0 0.4071176982870788 0.2698205875331359 0.047492678884210715 0.0627256742446285
0 0.36970950879695463 0.318834877935462 0.04586840293716721 0.05996207538091861
0 0.21233309582767596 0.15162420987155512 0.03169826202829684 0.06618025341048688
0 0.983642578125 0.2652994791666667 0.03271484375 0.080078125
0 0.8653649814275282 0.04325851732631558 0.06317742566499107 0.0812470795483935
0 0.8013902336048788 0.06054461858580703 0.05950033930168541 0.09248753295726386
0 0.81396484375 0.3408203125 0.052734375 0.017578125
0 0.18071430813923717 0.4548096110159272 0.05286377263421049 0.06331025896712002
0 0.3232724638214962 0.45459639006343355 0.05969971013421049 0.06405427588665484
0 0.443359375 0.6181640625 0.033203125 0.057942708333333336
0 0.2166186016923124 0.7274231093771336 0.05223594791868713 0.07682270177007695
0 0.02880859375 0.6809895833333334 0.0576171875 0.07682291666666667
0 0.0302734375 0.9345703125 0.060546875 0.09049479166666667
0 0.4237997021615909 0.9000544721405083 0.05052197121425195 0.08051637550735258
0 0.451171875 0.9625651041666666 0.017578125 0.07486979166666667
0 0.40593274733033724 0.9590601692357575 0.048837948486428084 0.0609319814416717
0 0.32398121342885877 0.9488298828680067 0.04292873077829684 0.06740256692115132
0 0.21676853274781205 0.9096350062211312 0.04068661477460078 0.0703920549260791
0 0.3989170053844472 0.7846209412045729 0.06309770956646954 0.07994499621506002
0 0.4521484375 0.7184244791666666 0.015625 0.06575520833333333
0 0.0244140625 0.9817708333333334 0.048828125 0.036458333333333336
0 0.6893645524497044 0.6877632490176225 0.04071648816499107 0.0788024525270649
0 0.746234018741514 0.5537015948533804 0.04422415767238319 0.07271718838584669
0 0.49216890064801905 0.753466172871634 0.03538533305047309 0.047180444067297454
0 0.555954423469456 0.7794145419405479 0.035106326705647506 0.04262315240063078