0 0.17333984375 0.44189453125 0.028076171875 0.058349609375
0 0.237548828125 0.442626953125 0.02001953125 0.05322265625
0 0.28173828125 0.394775390625 0.019287109375 0.053955078125
0 0.233154296875 0.126708984375 0.030517578125 0.0517578125
0 0.27392578125 0.16748046875 0.017822265625 0.066650390625
0 0.351806640625 0.091796875 0.02099609375 0.06298828125
0 0.35791015625 0.18896484375 0.023681640625 0.06396484375
0 0.334228515625 0.305908203125 0.01904296875 0.091552734375
0 0.326904296875 0.67333984375 0.036376953125 0.048095703125
0 0.333984375 0.731689453125 0.030517578125 0.03662109375
0 0.206787109375 0.7158203125 0.019775390625 0.068359375
0 0.108154296875 0.446044921875 0.021728515625 0.0849609375
0 0.1279296875 0.201904296875 0.032958984375 0.0498046875
0 0.431396484375 0.464599609375 0.02978515625 0.054443359375
0 0.399169921875 0.38671875 0.023193359375 0.05712890625
0 0.417724609375 0.20556640625 0.025634765625 0.048583984375
0 0.148193359375 0.279296875 0.024658203125 0.041259765625
0 0.078857421875 0.482666015625 0.022216796875 0.05419921875
0 0.683837890625 0.482177734375 0.017578125 0.032470703125
0 0.665771484375 0.55859375 0.013427734375 0.02099609375
0 0.7314453125 0.428466796875 0.014892578125 0.025146484375
0 0.827392578125 0.419189453125 0.01904296875 0.031982421875
0 0.833251953125 0.46875 0.01611328125 0.027099609375
0 0.8984375 0.1611328125 0.01220703125 0.02294921875
0 0.896728515625 0.130615234375 0.013916015625 0.02783203125
0 0.721923828125 0.115966796875 0.0146484375 0.02587890625
0 0.64697265625 0.18896484375 0.022216796875 0.0302734375
0 0.812255859375 0.185546875 0.015869140625 0.033447265625
0 0.81396484375 0.1572265625 0.013427734375 0.02099609375
0 0.0146484375 0.8984375 0.029296875 0.0400390625
0 0.26915449230822014 0.8772782817831384 0.03787650142238319 0.05205370743483062
0 0.25526311598551166 0.7957462696488935 0.0412645967819929 0.04579697016278217
0 0.329833984375 0.9794921875 0.04736328125 0.041015625
0 0.068359375 0.988037109375 0.06640625 0.02392578125
0 0.20004755727247203 0.8189215610743058 0.043925262596037795 0.03659918051848954
0 0.840087890625 0.993408203125 0.05126953125 0.01318359375
0 0.9299181141886754 0.8537495208581388 0.03739812424503253 0.07007465419585501
0 0.7006251363487582 0.8219953839145189 0.06091542092977531 0.047716408802539134
0 0.6045235114423715 0.8486219221936854 0.04724354592977531 0.047398192379709325
0 0.8242799473327618 0.8473770935812073 0.05235552206646954 0.0562895387299045
0 0.503662109375 0.911865234375 0.04736328125 0.04833984375