0 0.12811754253545227 0.09279543452909733 0.04597799242607925 0.05127389140743088
0 0.18222689935561787 0.1426290168133072 0.05178752471794801 0.05695781574442793
0 0.16971066602551732 0.22970408258420527 0.032266178790597344 0.07380133879071238
0 0.1132092621461559 0.3188503900896241 0.054009751990124144 0.04250845225433508
0 0.27095405987276744 0.29200110405680446 0.0551854435639858 0.09263078613870057
0 0.330165972274305 0.18797884589720604 0.030771542236428084 0.04358477957925744
0 0.3680924775772618 0.18380746764395473 0.036999624338645676 0.04248964470479932
0 0.3578091814541986 0.03379136731686494 0.0365312318201656 0.054611358521981845
0 0.24223589215615005 0.07241192148079845 0.03819536581646954 0.05713808220479932
0 0.376953125 0.345703125 0.025390625 0.0908203125
0 0.4302242539923713 0.32668950667414715 0.05111984195316377 0.06663812331161056
0 0.4909007683852453 0.29470054456300077 0.0434169314420757 0.0734788766089789
0 0.6949321965144883 0.3961462947482921 0.05975945691499107 0.05936596705278707
0 0.8101067441474865 0.4007220037385381 0.04813040767238319 0.05382905423452078
0 0.864990234375 0.477783203125 0.05517578125 0.06396484375
0 0.8077653456586338 0.2939069823629962 0.05652088967977531 0.04945814633142487
0 0.9072652923421644 0.2326736633829638 0.04991411581646954 0.057820621667338035
0 0.8736440204629213 0.1213026518465864 0.06131400142238319 0.05459691112987697
0 0.55126953125 0.49072265625 0.04296875 0.0380859375
0 0.5165302193359254 0.3923095478691925 0.03696975094825544 0.03617042759907174
0 0.147705078125 0.989013671875 0.02880859375 0.02197265625
0 0.80895061896026 0.5712025743893132 0.041025448486428084 0.044182001608978894
0 0.9060287257804256 0.6185335119775472 0.04966498286203436 0.060721870023065616
0 0.8255516173567118 0.7385124082736785 0.0448320130701656 0.05509482397461363
0 0.7420457807065048 0.677144702607271 0.053571232862034246 0.06094938317724541
0 0.675739457881431 0.5980947469585102 0.036999543752424646 0.06630166937770943
0 0.6025390625 0.521484375 0.0400390625 0.0234375
0 0.624267578125 0.534912109375 0.03955078125 0.05029296875
0 0.9741779394268182 0.8824333557716642 0.048937392144027037 0.10538779272461363
0 0.877197265625 0.948974609375 0.06201171875 0.10205078125
0 0.5060663129047603 0.7252311316565003 0.046007785230248344 0.08140513318606857
0 0.485107421875 0.5419921875 0.03759765625 0.064453125
0 0.5828863848691306 0.5784820840431864 0.03812555379059723 0.07414260852198185