0 0.222900390625 0.353759765625 0.02880859375 0.01220703125
0 0.151123046875 0.339599609375 0.04345703125 0.04052734375
0 0.36869889206509077 0.27197265625 0.03000837704086079 0.04833984375
0 0.050541019448548 0.19384765625 0.04088077149431457 0.0380859375
0 0.445556640625 0.011962890625 0.04931640625 0.02392578125
0 0.55517578125 0.010498046875 0.029296875 0.02099609375
0 0.55224609375 0.3388671875 0.03515625 0.0419921875
0 0.554931640625 0.231689453125 0.02978515625 0.03759765625
0 0.0752247889599188 0.11767578125 0.02875279372683326 0.0263671875
0 0.9018167405820052 0.0341796875 0.04215340596532058 0.060546875
0 0.8435981160355298 0.044921875 0.02411489972690406 0.04736328125
0 0.7998046875 0.012939453125 0.0341796875 0.02587890625
0 0.6824203523669681 0.0576171875 0.04540706544791012 0.06982421875
0 0.6428075894896215 0.2236328125 0.035539133506039766 0.06689453125
0 0.5967371053678894 0.33056640625 0.03328373423266033 0.0302734375
0 0.9063756017976093 0.1787109375 0.0259595154826604 0.0302734375
0 0.9367110416231496 0.16650390625 0.017522324976833148 0.0263671875
0 0.9656172957627882 0.197265625 0.02781033354078999 0.02734375
0 0.9679192019548712 0.26318359375 0.0244946717326604 0.0302734375
0 0.991943359375 0.264892578125 0.01611328125 0.03662109375
0 0.911960623234007 0.28271484375 0.022462493250141824 0.0419921875
0 0.83056640625 0.341796875 0.04296875 0.0361328125
0 0.7819553411348747 0.1953125 0.026283487465249777 0.03955078125
0 0.8395477194253812 0.138671875 0.020396212453666407 0.052734375
0 0.7374333800996993 0.10888671875 0.029650302744314627 0.0380859375
0 0.9041465467856715 0.0869140625 0.02794674279661713 0.03125
0 0.8656699884253103 0.11767578125 0.02365451848848754 0.0341796875
0 0.9809493145938721 0.10498046875 0.03510665227920651 0.04052734375
0 0.9757905720819343 0.01318359375 0.03119419997683326 0.0263671875
0 0.04629839286121179 0.4306640625 0.03518105920949355 0.056640625
0 0.0068359375 0.52734375 0.013671875 0.052734375
0 0.02839171142097155 0.91064453125 0.032029706668774416 0.05029296875
0 0.06203196420003637 0.9091796875 0.02720424994208298 0.06591796875
0 0.052257046095573134 0.96484375 0.040142925192012124 0.044921875
0 0.10166179893255495 0.8974609375 0.03412544322697497 0.068359375
0 0.1206442797107693 0.64404296875 0.048172443680499555 0.0791015625
0 0.1087441485881867 0.4990234375 0.04375465897114783 0.064453125
0 0.06007881850184277 0.75537109375 0.036590102936326696 0.0830078125
0 0.24638061165931724 0.90283203125 0.0492342619653916 0.08154296875
0 0.22616729468198793 0.7294921875 0.03708303073855834 0.05517578125
0 0.2220037215771703 0.68017578125 0.03306827149431468 0.0380859375
0 0.1725462388209179 0.55029296875 0.044782374942083036 0.06591796875
0 0.24975356714617458 0.4541015625 0.04814919022114772 0.064453125
0 0.195556640625 0.37890625 0.05029296875 0.0380859375
0 0.3862072566870355 0.50244140625 0.04350509391884527 0.0712890625
0 0.42787858370472953 0.5771484375 0.043236921959422636 0.03564453125
0 0.4337054121409145 0.6181640625 0.042130152505968965 0.0458984375
0 0.39359040765867936 0.7138671875 0.04353299393042853 0.05810546875
0 0.354467461083281 0.76806640625 0.03757131198855834 0.05517578125
0 0.4791884609674468 0.89990234375 0.03260324370366652 0.052734375
0 0.5188927026302524 0.904296875 0.036481593692083036 0.06591796875
0 0.5499318864441384 0.88427734375 0.018368680523379366 0.03662109375
0 0.5235708598501245 0.5908203125 0.043044712680428754 0.05810546875
0 0.4959992425070321 0.5703125 0.027556121936255895 0.06201171875
0 0.48096171919861885 0.4892578125 0.029138768034962848 0.0234375