0 0.49178730778296853 0.5731972678489239 0.1009344335258131 0.11010601637598594
0 0.33593580768935527 0.6128359246580056 0.08304742879059734 0.09695261530607475
0 0.19428488599855104 0.42960243543894644 0.08575785672655234 0.1093375575712076
0 0.12664279471280293 0.5056838409155229 0.05985914233125378 0.06098245470589836
0 0.0283203125 0.6341145833333334 0.056640625 0.09114583333333333
0 0.21811057890118257 0.6033282938993008 0.08104454166868713 0.07220924432312496
0 0.5570388025615021 0.10697524745588781 0.07413879214281494 0.09493131261297771
0 0.4427300191462742 0.7292886206324032 0.04449325994455933 0.049150075217403145
0 0.468017578125 0.9778645833333334 0.03662109375 0.044270833333333336
0 0.37768844396268464 0.9356200235880946 0.039361395076345396 0.021128770003420765
0 0.593389585246008 0.7724117961319349 0.048289839869426476 0.0713044301321523
0 0.6873998310664103 0.7692694681090884 0.06507080388421049 0.05841995218501328
0 0.859130859375 0.9768880208333334 0.07470703125 0.046223958333333336