0 0.4711871783034435 0.47037258363639844 0.04244160344909287 0.03561449668716743
0 0.5604611591525775 0.5083486093026018 0.04161609869847416 0.05746757878938502
0 0.49695013480591776 0.3847937254935244 0.03917469244847416 0.05726828854308108
0 0.45930298751305165 0.12890455768935527 0.02461150014839175 0.05900223456525722
0 0.5906080211630929 0.1381615291905084 0.03175624608237104 0.036690744603429915
0 0.5607839996121857 0.16787703458707848 0.03863480618232984 0.03871360104308097
0 0.3454296000755671 0.26671984726824355 0.0261952292820824 0.04646635426230039
0 0.5822879827703301 0.47164771886785906 0.021573377498969037 0.038295131818953276
0 0.6181640625 0.305908203125 0.04296875 0.03466796875
0 0.7575972730269279 0.0641923956622707 0.05675281744847438 0.05870317831646954
0 0.797302869325361 0.12296538600461249 0.05269028458195879 0.05301322017238319
0 0.8193024728239178 0.17590895532356576 0.06460271493129888 0.07736745530538136
0 0.8983785558934434 0.08104260759937887 0.04437382798055678 0.10202074668716743
0 0.8475832738678146 0.39449944254030145 0.06550823976470088 0.07500576515390289
0 0.9511011883487838 0.4867344337372854 0.07679929594703094 0.11148731543837975
0 0.8564453125 0.57177734375 0.076171875 0.0556640625
0 0.687744140625 0.5625 0.03271484375 0.07421875
0 0.7386913300006807 0.4021728020058839 0.04703357234748462 0.09298255123273202
0 0.7315539231571135 0.1736173189566232 0.06577818289777326 0.084283108903903
0 0.7098587246382888 0.2483244307928444 0.0538321123646599 0.07551401572164407
0 0.24611124418486624 0.8970410983101123 0.03238660266556703 0.04161341515269079
0 0.2786248929874229 0.8090905653568893 0.02570694803208251 0.046426496213039625
0 0.5640719865890311 0.7753981920722351 0.02653245278270111 0.024573414110822034
0 0.3725042286053817 0.7709644474627438 0.026527227665567032 0.04113511856156116
0 0.5816344362376291 0.8265181951978413 0.02702971644888663 0.041663257860822034
0 0.65380859375 0.854736328125 0.0283203125 0.04931640625
0 0.7102250093607424 0.6746929221831164 0.048675599432536076 0.03222640132755761
0 0.791587859139526 0.8425717296670607 0.03133377738183496 0.05565399725490838
0 0.7716700701037322 0.9281406031510643 0.03472855618232984 0.03839473664899473