0 0.01806640625 0.010986328125 0.03515625 0.02197265625
0 0.22705532431126352 0.41675202703906544 0.03054316520956446 0.07779864077110554
0 0.2810266757181711 0.43757800210685205 0.026471050192012013 0.04506675259783144
0 0.3379804238461555 0.4149554681362758 0.024035846244385484 0.05920986442455711
0 0.4181376023286741 0.4271429397763187 0.026119178197839266 0.048970161860618866
0 0.34067454804512876 0.030127346917603492 0.0244946717326604 0.030409792886194276
0 0.3674618121672152 0.03223671246428439 0.021786649273379366 0.03674040471292006
0 0.28335187676599305 0.04932907140096732 0.022462493250141824 0.04211433920013241
0 0.25037195185866024 0.1546273771682245 0.03021763747683326 0.026537631732742817
0 0.21131409841089188 0.18223783091565882 0.028349768261725194 0.028967675033893414
0 0.19751977450995328 0.11573783658765024 0.0432942777327312 0.05151099391305247
0 0.47705078125 0.01513671875 0.0234375 0.0302734375
0 0.432373046875 0.007080078125 0.01806640625 0.01416015625
0 0.44192236916700256 0.09567098945662816 0.019884677744314683 0.038193885514070436
0 0.47083947216124633 0.07874590846494622 0.0244946717326604 0.030409792886194276
0 0.4483134208354226 0.15040678198923862 0.01825552472690406 0.04745986631522103
0 0.4093346208701728 0.1897388264738853 0.022104418953595495 0.03186043295013241
0 0.4869821884747778 0.20386521942786617 0.02997427472690406 0.047528044008318115
0 0.5237582983877251 0.15768303375715764 0.026567154831508955 0.03383912458504379
0 0.5138888313939066 0.048716774365210935 0.028072303197839155 0.04898152480946849
0 0.595109383911459 0.01646781151804133 0.03139261155820039 0.01824537269437987
0 0.6010075077776473 0.043363050589014684 0.012923179843092436 0.020578830930309544
0 0.6222345596728297 0.09281297148799655 0.04339658467460161 0.05444068141305236
0 0.5915844409691633 0.14537974299246614 0.034833833767552225 0.032910854617654195
0 0.5729026373177994 0.20485347042724522 0.020129596244385484 0.059187138526858085
0 0.6295432623177994 0.20518299594388134 0.027236796505897942 0.02505574355946849
0 0.63427734375 0.2421875 0.03125 0.0224609375
0 0.6244806244453587 0.3082018174822442 0.029735558529206507 0.040692106508318115
0 0.64404296875 0.416015625 0.01171875 0.037109375
0 0.628290749107668 0.45083107575206705 0.023893234686184872 0.04114629891176946
0 0.5632392985614761 0.35570681004233373 0.023547564994385484 0.05920702368734476
0 0.506857531718242 0.4178914882117595 0.022950774500141602 0.04211717993734476
0 0.4725863861309766 0.4342970398441053 0.0301106839827312 0.051434294008318115
0 0.6474609375 0.3828125 0.0048828125 0.044921875
0 0.7871899221380795 0.359582137483527 0.07528367978517547 0.08684621035743234
0 0.5152870262661348 0.8817387905512728 0.06757193097690406 0.04774678077367134
0 0.4865218279345549 0.936270050004592 0.04911334811640122 0.03641120474681325
0 0.23703184829015211 0.6544881810448179 0.03971199971532069 0.06076561176535333
0 0.48386033309217114 0.7467629509975566 0.032473036750212625 0.06316440695716763
0 0.5951001115051893 0.6800136228959175 0.06100881198855834 0.05551951045269804
0 0.33837890625 0.597900390625 0.05859375 0.01611328125
0 0.7097004821967052 0.7824715170013237 0.06203652795949355 0.0569900356771228
0 0.6834448947430388 0.8350638551407046 0.04318112193625584 0.0622503406758399
0 0.6708984375 0.940673828125 0.0419921875 0.06201171875