0 0.24393127771209855 0.29296875 0.10316703821741546 0.0927734375
0 0.8750017537446411 0.31591796875 0.0436719334044795 0.06591796875
0 0.8289256767041442 0.34130859375 0.043682199338459515 0.05908203125
0 0.8143665139471251 0.18896484375 0.0571184128296538 0.07666015625
0 0.755126953125 0.023681640625 0.04248046875 0.04736328125
0 0.5724048644946831 0.03857421875 0.05978186850527489 0.044921875
0 0.46630859375 0.018310546875 0.033203125 0.03662109375
0 0.7121512502670804 0.3681640625 0.053932759439254796 0.0380859375
0 0.8296145655663406 0.6025390625 0.056046338260996365 0.04736328125
0 0.7448174280372867 0.6328125 0.05827953465492608 0.0234375
0 0.760498046875 0.6728515625 0.04931640625 0.013671875
0 0.5106955027512137 0.5107421875 0.05778767976935528 0.072265625
0 0.9333283619747972 0.5634765625 0.050832352183533214 0.03564453125
0 0.981201171875 0.21826171875 0.03759765625 0.044921875
0 0.2320415804700109 0.96435546875 0.027019268720946066 0.0302734375
0 0.396728515625 0.99462890625 0.03564453125 0.0107421875
0 0.4293554164770721 0.83935546875 0.036296612470946066 0.0302734375
0 0.41876387183756614 0.7158203125 0.035808331220946066 0.0302734375
0 0.1933111639929388 0.69677734375 0.024441286666369022 0.0283203125
0 0.8466002237182666 0.71923828125 0.0703089263644292 0.048828125
0 0.9171448115915013 0.75048828125 0.04444028604840922 0.0419921875
0 0.9106056762314538 0.83154296875 0.07047964612015067 0.05126953125
0 0.855279479607326 0.88525390625 0.05793117535870773 0.04638671875
0 0.7685841203837425 0.83251953125 0.09246591445333507 0.0654296875
0 0.6815270172671224 0.71875 0.05747703805985205 0.046875
0 0.5198954300967762 0.79541015625 0.08697877676671784 0.0498046875
0 0.470947265625 0.723876953125 0.04248046875 0.04736328125
0 0.45556640625 0.744384765625 0.01171875 0.03955078125
0 0.971923828125 0.954345703125 0.05615234375 0.06298828125
0 0.801513671875 0.989990234375 0.07568359375 0.02001953125
0 0.7223745862015067 0.94677734375 0.059522328979304984 0.05517578125
0 0.6744308577820539 0.9384765625 0.05015281930985205 0.046875