0 0.254638671875 0.1953125 0.02978515625 0.103515625
0 0.13033588207133762 0.40756067485676273 0.06457678998246608 0.07985831906498975
0 0.6353438565083993 0.4409079891632369 0.034085067569905814 0.03754458341577327
0 0.6733986823320418 0.11106387763156678 0.040319928381090886 0.043574448815608235
0 0.8572847374261736 0.5225046769026596 0.02488922877445554 0.03094119156602071
0 0.43801996259574727 0.5449770618075049 0.027136334631090886 0.043190845415979506
0 0.08005527981958416 0.8424471348811544 0.06730561960132908 0.10723048413162894
0 0.110595703125 0.5869140625 0.05126953125 0.0341796875
0 0.15452153859242435 0.6685740978002266 0.035974863124077494 0.07463975088245367
0 0.2491047636466417 0.6330461624529482 0.03802185957687354 0.07616142476573196
0 0.20250182660806693 0.8065976513846596 0.03036581199820043 0.0783755104826186
0 0.24913231174441808 0.8243193195359378 0.038034974552418 0.04594481739901024
0 0.2108702493597745 0.8684815023347832 0.03682045467654138 0.04980844479905144
0 0.17635292402062708 0.8489398021005152 0.04453908322374511 0.04857092158216503
0 0.16650073353290085 0.7944370000336698 0.026234719597868272 0.05193728531602071
0 0.11989779649432619 0.9679884889653811 0.040538961770948845 0.046992417565608235
0 0.6501371284087776 0.7633739874477936 0.03971885169227596 0.04940540874896904
0 0.7491025182147483 0.7198914767673192 0.04316155343876904 0.06510144641556703
0 0.9414591007636595 0.7749542439059585 0.045421774270948845 0.047134492898804115
0 0.9652327416482112 0.8711224602064532 0.06504033823597277 0.06427594166494854
0 0.49329692126361346 0.8579488460432163 0.04013218547549835 0.040644761315608235