0 0.3660143399407414 0.434005408020719 0.027894871673096233 0.049115548368863116
0 0.2955487770279855 0.4006596940522341 0.04253762750636336 0.04956598164682546
0 0.173828125 0.436767578125 0.0341796875 0.04638671875
0 0.12679164370824056 0.28967294927787046 0.045751056253977074 0.03220689003668342
0 0.2015785603815357 0.2456009778862132 0.039993951255170246 0.04062046672549846
0 0.12385695871957525 0.20592653165374714 0.03960225833963038 0.04888995749123304
0 0.050830332466393596 0.22470174949820065 0.032056454587045285 0.02937763147725181
0 0.22980865039187615 0.17118137000507633 0.02813884125357935 0.02815074510312854
0 0.0126953125 0.0986328125 0.025390625 0.0390625
0 0.060791015625 0.019775390625 0.02392578125 0.03955078125
0 0.783447265625 0.01220703125 0.03759765625 0.0244140625
0 0.9485476291474441 0.030411356796790107 0.059712696257357534 0.05798536734611498
0 0.8590217103954555 0.03933363567621956 0.05135509834002816 0.05257061661360296
0 0.8772969699584394 0.1905188892811015 0.028707007926874528 0.07697887010312843
0 0.983154296875 0.446044921875 0.03369140625 0.02783203125
0 0.489866985349719 0.35284241594569077 0.044053606256959865 0.05405438434962173
0 0.5748640653843197 0.10321640480228012 0.040295079592016614 0.06649937297549835
0 0.7720999136945196 0.2863930786325686 0.043644868341221166 0.06085903136535631
0 0.006103515625 0.93701171875 0.01220703125 0.03125
0 0.6799046378451453 0.95551526449451 0.030915465840823497 0.05711579127445576
0 0.525039938260884 0.9524321184823741 0.034702400839431546 0.0471122088985787
0 0.5290789191299449 0.6893111057009049 0.03668393417309629 0.04967877708564061
0 0.44802888702957633 0.8096990380156427 0.04684693375536908 0.04252337725521427
0 0.96728515625 0.988525390625 0.05078125 0.02294921875
0 0.7639756062022749 0.7854790971010994 0.029041884175084798 0.06382656683739396