0 0.01904296875 0.14990234375 0.0380859375 0.056640625
0 0.04773969434639073 0.1605091488520206 0.022516212503460822 0.05475331254946392
0 0.0087890625 0.2646484375 0.017578125 0.0869140625
0 0.06965782407022769 0.2519844757028041 0.050648782097868356 0.052647661981999994
0 0.21649651546350046 0.12050812999004112 0.04098939504891119 0.061626647532288636
0 0.37914869823966346 0.02366235554445345 0.030178817569906036 0.03743092314921648
0 0.35570107717331023 0.14618730911068023 0.042492086770948845 0.04704924769888663
0 0.3213707462624576 0.12671664654301018 0.02424374662583073 0.06650047761610312
0 0.278564453125 0.422607421875 0.04345703125 0.03466796875
0 0.3712308875738264 0.39819350694490696 0.027605691895072004 0.050515064165979506
0 0.469970703125 0.127197265625 0.02001953125 0.05908203125
0 0.46142578125 0.298095703125 0.037109375 0.06591796875
0 0.542724609375 0.02392578125 0.03759765625 0.0478515625
0 0.497802734375 0.127197265625 0.03564453125 0.07080078125
0 0.6105250510912684 0.2349235176669482 0.054817722470238195 0.06446586471523719
0 0.5642606791770469 0.40928630381595854 0.05167555906815258 0.04585434708195879
0 0.7779626113360543 0.276351807288412 0.047856623033176504 0.0623138342487628
0 0.98291015625 0.24267578125 0.0341796875 0.0615234375
0 0.202735081066583 0.4870682090430102 0.04878952855066454 0.05405567559872165
0 0.2626889338201358 0.5706136183281854 0.049816305520948845 0.047262360698680395
0 0.2393773442344952 0.6073573547609277 0.03653884031815258 0.045413913549051554
0 0.20710206421880661 0.6775031216601441 0.05636407117478792 0.05817503859851547
0 0.14109246944790377 0.7949306819084947 0.04195359105066454 0.053856770132247433
0 0.12239594145671667 0.9041583814581649 0.048088022921281115 0.07353009546544342
0 0.015781631229235038 0.5904695276212577 0.022184383674787922 0.05718051126614432
0 0.27682884793742935 0.8138875837956905 0.037477554846114924 0.06006235104905144
0 0.23067203212093823 0.7279912385775669 0.027011172694029195 0.041237720415979395
0 0.27022655575742727 0.9169149275456905 0.04241639082687354 0.07628929256560824
0 0.18148435138658092 0.5905217787925978 0.03336463795450362 0.06432901449917527
0 0.457275390625 0.767333984375 0.04541015625 0.07861328125
0 0.46337890625 0.888427734375 0.033203125 0.04150390625
0 0.4457516728728296 0.9386130617006802 0.035274105971991654 0.05609927091577327
0 0.464599609375 0.977294921875 0.03076171875 0.04541015625
0 0.5666370802187146 0.63855657140767 0.04868329059962173 0.04479253938204131
0 0.48681640625 0.54931640625 0.013671875 0.052734375
0 0.7189620850406038 0.9538396046125359 0.05058620112933754 0.051671099481999994
0 0.878173828125 0.98193359375 0.03564453125 0.0361328125
0 0.97900390625 0.742919921875 0.0419921875 0.04833984375
0 0.8927304441733562 0.7747920897671131 0.04642962725521427 0.04765118921544331
0 0.8584705698654942 0.5184571732323503 0.05619525225521427 0.04793533988183507
0 0.7864554475475255 0.843679432980907 0.06016408322374511 0.04902556264839175
0 0.85498046875 0.46337890625 0.0419921875 0.046875