0 0.2991785201988758 0.02978515625 0.04417015490033238 0.0263671875
0 0.3054439230170284 0.07421875 0.040802400620616464 0.01953125
0 0.413330078125 0.00830078125 0.03369140625 0.0166015625
0 0.0655603008317201 0.064453125 0.03148720889857892 0.0341796875
0 0.48486328125 0.139404296875 0.009765625 0.03369140625
0 0.5778664428756008 0.22607421875 0.0343856059143135 0.03369140625
0 0.6335872773336573 0.2041015625 0.018353829618863116 0.02734375
0 0.6765981873615738 0.28857421875 0.023837718807678154 0.021484375
0 0.9374102617951745 0.236328125 0.03222581402270208 0.0380859375
0 0.9312743329699624 0.29296875 0.03417893902270208 0.0380859375
0 0.491455078125 0.2978515625 0.02294921875 0.0283203125
0 0.5372961906203867 0.1796875 0.033471624382844345 0.03466796875
0 0.495361328125 0.0361328125 0.03076171875 0.0263671875
0 0.22694119177395 0.81103515625 0.041884452594361576 0.06689453125
0 0.2616732384470764 0.73583984375 0.036212820499954 0.06982421875
0 0.23683048175641608 0.88916015625 0.036369272921281115 0.072265625
0 0.120361328125 0.975830078125 0.05224609375 0.04833984375
0 0.3351627559120085 0.89208984375 0.03693905912583073 0.06591796875
0 0.23388671875 0.9912109375 0.037109375 0.017578125
0 0.4086254737564621 0.8193359375 0.0514557772009967 0.0791015625
0 0.4507486322039981 0.84423828125 0.04954050017303446 0.064453125
0 0.473876953125 0.98095703125 0.01220703125 0.0380859375
0 0.21037840453119339 0.4306640625 0.041396171344361576 0.06689453125
0 0.08655001590185585 0.38037109375 0.03195000867478792 0.056640625
0 0.045903319225268635 0.4013671875 0.04477704059962173 0.04345703125
0 0.06723555385982039 0.498046875 0.03243828992478792 0.056640625
0 0.33837890625 0.362548828125 0.05078125 0.02587890625
0 0.474609375 0.427734375 0.0107421875 0.072265625
0 0.41984582144010885 0.697265625 0.028344297019195386 0.0537109375
0 0.18883576061854135 0.52880859375 0.045540378720238195 0.06298828125
0 0.14762077469200008 0.47998046875 0.032000223145072115 0.0498046875
0 0.5893779563145998 0.46728515625 0.058216767234219424 0.0703125
0 0.6825748486641756 0.58056640625 0.05168792556639912 0.05224609375
0 0.8365340858250283 0.56005859375 0.041396171344361576 0.06689453125
0 0.9007084115679227 0.73095703125 0.04204746250346103 0.05419921875
0 0.8767359794262195 0.875 0.05346567415905312 0.05712890625
0 0.913111061357975 0.97021484375 0.048945980971991654 0.05517578125