0 0.27186101480727914 0.21649335203991676 0.03858662335474672 0.028757800838437264
0 0.36119169504597926 0.1183254099449173 0.04110243653503365 0.04489380875536908
0 0.4189453125 0.021240234375 0.021484375 0.04248046875
0 0.25769774705699566 0.3006084053747746 0.028532684436255895 0.06231852875357946
0 0.26806640625 0.412353515625 0.04296875 0.03466796875
0 0.024658203125 0.231201171875 0.04931640625 0.02392578125
0 0.021484375 0.3447265625 0.04296875 0.0439453125
0 0.11845082066834917 0.03915203831159192 0.04320281964546585 0.03515659208903382
0 0.9109095296145583 0.3704422770130714 0.041364406192083036 0.0663725020886361
0 0.8621713069516819 0.39638970535290063 0.041613971244385484 0.05954224625536897
0 0.8635850179289404 0.24409140868676427 0.05443484414560762 0.07726241292369285
0 0.8220873346795073 0.07667378035986055 0.040415743703666296 0.05318322667190312
0 0.7197265625 0.013916015625 0.048828125 0.02783203125
0 0.6373914617782852 0.0963938937181833 0.058209331442012124 0.04558094834102233
0 0.5156916281795783 0.05925145498488704 0.07044581845373726 0.07452022042588025
0 0.7421875 0.41748046875 0.052734375 0.0244140625
0 0.78076171875 0.020263671875 0.0439453125 0.04052734375
0 0.83349609375 0.00927734375 0.046875 0.0185546875
0 0.38597463930074327 0.8344628695148611 0.03160963004668793 0.05259267542071
0 0.4208984375 0.764892578125 0.017578125 0.04541015625
0 0.256426689034325 0.5328708516172183 0.03188709511057386 0.032584507504175964
0 0.8123170217308885 0.8224436753560823 0.058181431430428754 0.05875886042428946
0 0.8580806471215903 0.4763485153515087 0.06359747634899049 0.04613172792508485
0 0.94482421875 0.46533203125 0.07421875 0.0712890625
0 0.99169921875 0.607177734375 0.0166015625 0.05517578125
0 0.9686554097142575 0.5804877553359981 0.0338247247037371 0.07409409542090889
0 0.97265625 0.8759765625 0.0546875 0.06640625
0 0.9429671155967225 0.9527057911710548 0.05552920899431468 0.038716602507357756
0 0.462158203125 0.449951171875 0.05322265625 0.04052734375
0 0.4796254438591564 0.7194247499850859 0.04456691220373726 0.07421909208903377