0 0.08335964309778562 0.2098266003155166 0.04930091084316335 0.0426176637299045
0 0.06411515126613479 0.28512378840922314 0.0332790876804287 0.058832820573611055
0 0.018310546875 0.366943359375 0.02978515625 0.04541015625
0 0.08836179299844074 0.36045588763263897 0.03348834811640106 0.03688289406809897
0 0.14719116839404836 0.28510269169069025 0.04344153584316335 0.04248128526297745
0 0.229736328125 0.018310546875 0.02197265625 0.03662109375
0 0.31183805428354533 0.30017448725913654 0.029394535389638765 0.03142088134014753
0 0.39262923707454794 0.2116494706959205 0.04007007401186691 0.07167587641278217
0 0.4291030934123094 0.0487912388972877 0.041961196686326696 0.08391700227951393
0 0.33965616657504405 0.0633243946488935 0.019447549965249777 0.039971281523025204
0 0.2787155592143993 0.1151719013573787 0.04925595967460161 0.05530161135766065
0 0.19584106516813654 0.03945257996469201 0.027584021947839266 0.04943046322892797
0 0.19248043149325147 0.1776702683314238 0.05092541730834227 0.06119508097439241
0 0.6196955137313847 0.2584721371560769 0.028594686761795884 0.05042975547341577
0 0.4847903679752739 0.34329424665021746 0.03470982911647191 0.05789035269034293
0 0.4845175701618133 0.19717313930553426 0.040347539075752836 0.05167907490726997
0 0.4377820702197303 0.2620569046813372 0.035884803197839266 0.04962366605707469
0 0.428955078125 0.377197265625 0.04931640625 0.02490234375
0 0.3551013205044096 0.3207285757610897 0.04581009091301813 0.06839428612970933
0 0.8654032687250613 0.3537506793181644 0.038712183755968965 0.04676216779053832
0 0.9083797767775764 0.29855298483665405 0.034181243250141824 0.04275363394034293
0 0.8709604108480691 0.08266366659021301 0.039200465005968965 0.04677353266278217
0 0.8170634663714486 0.0447583422766496 0.026364096697910067 0.07038109748995225
0 0.7944258149992912 0.06328989177567301 0.031598781192083036 0.06659986108463545
0 0.9458441559702264 0.06534815842128947 0.029355786523450278 0.05825362034565973
0 0.99072265625 0.3642578125 0.0185546875 0.0439453125
0 0.988037109375 0.238037109375 0.02392578125 0.04541015625
0 0.20631352495857214 0.6012532652199223 0.05855035458157998 0.05600582518029518
0 0.22302202025448048 0.7804983517153867 0.045678328209422636 0.03667873462419713
0 0.13451759499964566 0.48816358502211404 0.05400236291877447 0.051509010080099865
0 0.6432368557252031 0.8518524037063809 0.061309530511796106 0.05119120191375881
0 0.4728204971728296 0.8620575844154954 0.04231151293035795 0.03806402426848954
0 0.18169480717844422 0.9144116112970924 0.04029018330244427 0.03606543977951393
0 0.4261082920864858 0.604414332729688 0.05416667218618487 0.042243031202343795
0 0.779456475620598 0.7799974808236766 0.07880239972690406 0.049158931064539946
0 0.971435546875 0.49609375 0.05712890625 0.0439453125
0 0.952698679679153 0.6608828516200742 0.04733693698855834 0.05623271436868493
0 0.98876953125 0.432373046875 0.0224609375 0.04443359375