0 0.0537109375 0.0107421875 0.0361328125 0.021484375
0 0.01171875 0.091552734375 0.0234375 0.05419921875
0 0.010009765625 0.380615234375 0.02001953125 0.06689453125
0 0.04455936086447615 0.4743499738239918 0.03290918030573886 0.05205619569489217
0 0.078173997906542 0.4709228291191925 0.028356958107036423 0.06736836510789512
0 0.0693724778080394 0.5272694310817313 0.04092847445998038 0.04716856739752373
0 0.11759890674306889 0.45687206928885127 0.03532084428692661 0.07020791937770943
0 0.13214986502046222 0.20183306931532152 0.049555693478443685 0.08174640291733803
0 0.11771377593498211 0.05721168608513583 0.04488175139910222 0.06687045226315846
0 0.07353119982345707 0.3169151613592853 0.038041661366268076 0.0849701134547991
0 0.209716796875 0.609130859375 0.03662109375 0.04150390625
0 0.2624116438388274 0.45382517633420527 0.050660204658333985 0.0842446874558831
0 0.23916713131662054 0.2813100677681064 0.03804789016551935 0.05722339963761658
0 0.23414116173283772 0.23213585723946867 0.033734280656287696 0.03993448187770943
0 0.18241241696267713 0.10486944601253434 0.04593508310703642 0.06839217430170341
0 0.257568359375 0.0185546875 0.04931640625 0.037109375
0 0.3952366540868284 0.044476220888382656 0.044751726452795015 0.07367795061888605
0 0.4382143836914698 0.1169081205965864 0.043860238226397286 0.03809029765743088
0 0.4447584527636257 0.1576677932981343 0.04293277893193648 0.04825888647461363
0 0.40631700976532303 0.25590200213838266 0.04454908483138764 0.060522796013158464
0 0.3681418454588863 0.3124901090072687 0.03853617141551946 0.05725183878188922
0 0.32421309044072455 0.5863821796756905 0.05549806648562905 0.05580580258142476
0 0.48388671875 0.43701171875 0.01171875 0.0546875
0 0.482177734375 0.025634765625 0.01513671875 0.02490234375
0 0.6112817199503524 0.13580179962816907 0.04118021928692661 0.0705491891089789
0 0.6058386840642254 0.22819589665789053 0.03573235632899241 0.06877151477198185
0 0.6689279225306933 0.347943830922286 0.06721058768637778 0.08423505586114644
0 0.5259763328231082 0.3023949278284801 0.04272390851127794 0.06285044568606857
0 0.6619668398056916 0.10297365494101662 0.047406155656287696 0.040730777917338035
0 0.7478676941986552 0.0318513227891577 0.03491348477769496 0.053146514771981845
0 0.7789904200577378 0.13974748728699016 0.03727604555334385 0.06107277134907174
0 0.7527988827157228 0.27547041159751706 0.04524623650204629 0.04595967594597594
0 0.8690354099517008 0.26919017651067323 0.044830571927146234 0.06589388976315846
0 0.829515045509486 0.3655281386394664 0.030310083107036423 0.0674821216849848
0 0.9303250618340371 0.39198155485215846 0.05249160977769485 0.054170323965790246
0 0.9438544542892272 0.453884332822437 0.04337195697639751 0.038061858513158464
0 0.90283203125 0.589111328125 0.0458984375 0.08154296875
0 0.8597663186178708 0.5782861995128408 0.04642336435703642 0.06842061344597594
0 0.777099609375 0.6171875 0.05029296875 0.025390625
0 0.90673828125 0.010498046875 0.0458984375 0.02099609375
0 0.9168558811049429 0.060211072947978894 0.02290909514910222 0.06559069077089807
0 0.9400402345505523 0.15681507460989808 0.059195446064970625 0.07062487494705971
0 0.1903895112496038 0.6739354394619147 0.04678992572639751 0.038260932523065616
0 0.26273605799037214 0.6525797240710468 0.0429860346703097 0.039986544368886046
0 0.8794076107379769 0.9486776912208913 0.0185463824343316 0.03807630590526334
0 0.8870582672564403 0.9825161089896219 0.020708377854990134 0.023598503270898075
0 0.978759765625 0.645751953125 0.01904296875 0.03173828125
0 0.9527597877085847 0.7969841370216642 0.024380167698353716 0.03792929438653281
0 0.9052976255085338 0.6670203672462778 0.012507879282485312 0.03431706742399396
0 0.8586791974072872 0.7867910135777026 0.022866220742814525 0.02761850984798797
0 0.6311034893002507 0.7339266120487584 0.027542239088573117 0.03324555589643996