0 0.18025 0.11633333333333333 0.043 0.06066666666666667
0 0.335375 0.18166666666666667 0.05725 0.062
0 0.414375 0.05483333333333333 0.03175 0.033
0 0.45475 0.1645 0.041 0.083
0 0.534875 0.09316666666666666 0.03975 0.035666666666666666
0 0.5635 0.187 0.0425 0.062
0 0.558625 0.2813333333333333 0.04025 0.066
0 0.413375 0.294 0.04675 0.06733333333333333
0 0.397875 0.35933333333333334 0.03125 0.058
0 0.343125 0.4603333333333333 0.04175 0.062
0 0.226625 0.5435 0.04425 0.043666666666666666
0 0.14575 0.5983333333333334 0.0325 0.05533333333333333
0 0.118125 0.5918333333333333 0.03575 0.045
0 0.086875 0.6803333333333333 0.03725 0.06866666666666667
0 0.040375 0.43583333333333335 0.05325 0.050333333333333334
0 0.35 0.7503333333333333 0.041 0.066
0 0.4925 0.597 0.0395 0.066
0 0.512125 0.6538333333333334 0.03575 0.053
0 0.459625 0.7146666666666667 0.03375 0.042
0 0.543625 0.5033333333333333 0.03625 0.04733333333333333
0 0.543625 0.5713333333333334 0.03275 0.051333333333333335
0 0.5885 0.4226666666666667 0.043 0.06066666666666667
0 0.70275 0.3243333333333333 0.0345 0.056666666666666664
0 0.707 0.23066666666666666 0.0285 0.07
0 0.732 0.17633333333333334 0.0345 0.054
0 0.800125 0.1705 0.03925 0.04766666666666667
0 0.805625 0.023833333333333335 0.03975 0.04766666666666667
0 0.926375 0.10966666666666666 0.03525 0.06066666666666667
0 0.821625 0.218 0.04175 0.05
0 0.825875 0.29933333333333334 0.04375 0.06466666666666666
0 0.767 0.2715 0.0585 0.049
0 0.753875 0.33616666666666667 0.03525 0.05433333333333333
0 0.915 0.33816666666666667 0.0345 0.08166666666666667
0 0.823625 0.5138333333333334 0.01825 0.061
0 0.748625 0.4821666666666667 0.04425 0.026333333333333334
0 0.757125 0.593 0.05325 0.06866666666666667
0 0.7955 0.7376666666666667 0.0365 0.06733333333333333
0 0.8245 0.7483333333333333 0.0565 0.059333333333333335
0 0.93 0.728 0.0345 0.06866666666666667
0 0.932 0.7906666666666666 0.0685 0.056666666666666664
