0 0.21996962654433339 0.3223810213234199 0.10045423768355866 0.12036804170605686
0 0.05958351684445262 0.3792471196192528 0.08262439912003994 0.10535365158665104
0 0.8467814605682299 0.06332457763811912 0.073368909233678 0.07905168634158925
0 0.7028113380303571 0.1641932424199474 0.09646612694638179 0.08433291497812483
0 0.5161769013083293 0.18790461577079576 0.09320401841491055 0.12081574355964471
0 0.02001953125 0.7005208333333334 0.0400390625 0.09635416666666667
0 0.5466259579807948 0.585635296221529 0.023549075856640123 0.04737110190860331
0 0.5794742314510732 0.5624017264759658 0.025605915457455275 0.05795864487121912
0 0.5500276275845323 0.6964752875818685 0.03375869774475149 0.0563227772149304
0 0.4845682249650691 0.7131653867022774 0.02640476387528823 0.046410771167168186
0 0.422119140625 0.791015625 0.02490234375 0.0234375
0 0.555530997785586 0.7617993210408578 0.023371361774473187 0.03570931067391969
0 0.6061654020921069 0.673111863767787 0.03207914017190849 0.04383906801763112
0 0.440100514647455 0.5055798951456413 0.04282861229312129 0.03668557795324068
0 0.6057106607751086 0.9286215179069458 0.04458945396852898 0.04206478758252308
0 0.4983415080274347 0.8719466580657418 0.03628867271852887 0.041096488572144985
0 0.4962488219551684 0.7978173303481878 0.05179538887528834 0.04937262696361877
0 0.45848686759620205 0.916046024661768 0.028431888356640123 0.04794068956176704
0 0.42737758193769315 0.9086806360739978 0.016165426867713717 0.028401471292824
0 0.43658034957172887 0.9515844590397387 0.023674644321093563 0.03251106110590266
0 0.48193359375 0.9928385416666666 0.0322265625 0.014322916666666666
0 0.604368713945248 0.5937742027168995 0.019398396914334093 0.025544974316705254
0 0.6305946104691447 0.6443931351312514 0.020855956043121182 0.034122433514004534
0 0.6839434118182104 0.6103607143410509 0.0432507553175947 0.0697178266572916
0 0.7253660339656458 0.5984147197211437 0.030725295643936334 0.04562131672168205
0 0.416259765625 0.4661458333333333 0.01318359375 0.045572916666666664
0 0.5706295635256853 0.8460525533295536 0.03042929771852887 0.04041298338834872
0 0.419677734375 0.734375 0.02001953125 0.026041666666666668
0 0.4464228572261426 0.7357234195329871 0.019960677645685987 0.026904016415354892