0 0.32775 0.23066666666666666 0.045 0.07
0 0.236625 0.44183333333333336 0.04475 0.09633333333333334
0 0.198625 0.36 0.03525 0.062
0 0.201125 0.30916666666666665 0.03525 0.053
0 0.138625 0.25966666666666666 0.03775 0.07
0 0.069625 0.605 0.04425 0.06066666666666667
0 0.1005 0.7358333333333333 0.045 0.053
0 0.137 0.8196666666666667 0.0345 0.054
0 0.175125 0.792 0.03125 0.062
0 0.194375 0.8666666666666667 0.03325 0.08466666666666667
0 0.24475 0.8778333333333334 0.03 0.051666666666666666
0 0.29625 0.938 0.0285 0.07666666666666666
0 0.242875 0.6723333333333333 0.04425 0.07933333333333334
0 0.2955 0.599 0.03 0.06466666666666666
0 0.3665 0.6823333333333333 0.0415 0.051333333333333335
0 0.42125 0.7035 0.0365 0.05433333333333333
0 0.411875 0.9115 0.04625 0.087
0 0.481125 0.9213333333333333 0.03625 0.051333333333333335
0 0.5635 0.887 0.0265 0.062
0 0.522375 0.7576666666666667 0.03325 0.07
0 0.514 0.6116666666666667 0.0425 0.04733333333333333
0 0.59725 0.7153333333333334 0.0345 0.054
0 0.555 0.43133333333333335 0.0425 0.059333333333333335
0 0.668875 0.48733333333333334 0.02925 0.066
0 0.840125 0.6493333333333333 0.05275 0.062
0 0.76825 0.7523333333333333 0.0495 0.08866666666666667
0 0.691375 0.879 0.03375 0.07266666666666667
0 0.892875 0.9208333333333333 0.02275 0.045
0 0.88025 0.788 0.0275 0.04066666666666666
0 0.864625 0.7608333333333334 0.02875 0.037
0 0.841125 0.749 0.03375 0.032
