0 0.41913248573620265 0.1936226503570766 0.024331809068152577 0.044683587086249865
0 0.39369089778862065 0.14903031202758776 0.02512718615033227 0.02663990750318168
0 0.38418365110511177 0.2364781091114514 0.021283517118863227 0.02757101666931805
0 0.40406640239710123 0.2840626332750027 0.016388338120616464 0.019707381668721435
0 0.4056505990736885 0.30502463702460497 0.017064362276209 0.022642750835454417
0 0.46025078510866446 0.3209784895170485 0.023818794821659273 0.029064268752982847
0 0.2671606579688066 0.32664071662656435 0.02523342410137519 0.0359115695864487
0 0.2956003233953938 0.3472902287058543 0.021971907772702193 0.03831320416931805
0 0.17664875944767394 0.09446951914088186 0.02499546672549846 0.03981213791971577
0 0.0849952218934566 0.06284555540360856 0.02515191914682552 0.04225354416971577
0 0.06697977859103862 0.10794356207233005 0.027568592400332298 0.026668315836846423
0 0.06770020820644092 0.13477062248866528 0.020995345272702193 0.0383018408358522
0 0.03426568331833642 0.14638176290977306 0.028557521398578894 0.03448649750357935
0 0.03750902413828835 0.17952238957571054 0.028037949664313486 0.03399253458684637
0 0.019171873073550637 0.10020526582889225 0.027906230239479635 0.047164765003380515
0 0.02844191085848064 0.04691442957809683 0.03522389150170743 0.06237534542090889
0 0.034093300820181735 0.29373474874184696 0.018541572524455596 0.03046661416892038
0 0.09668866922757358 0.36765770998269964 0.02334288006990598 0.036865405419516994
0 0.14667023008951505 0.44807036914187615 0.021627712445782654 0.03294211041931794
0 0.1416015625 0.499755859375 0.0234375 0.02001953125
0 0.09409437413482752 0.23302276331755756 0.019267811150332298 0.026571727502386233
0 0.07354215617501769 0.20349896373727328 0.012018539867109712 0.03526988333465897
0 0.15517899637781393 0.20108528164287043 0.018397486601375135 0.0358320262521874
0 0.14691025408937713 0.23875111789366588 0.015674465992986386 0.0314090866685226
0 0.2090581831279978 0.47954695163312655 0.02222223164682552 0.04221945416931794
0 0.3154296875 0.495361328125 0.01953125 0.02880859375
0 0.33740234375 0.503173828125 0.0234375 0.01318359375
0 0.35315849350544404 0.21049159328255918 0.022260079618863116 0.0275823800027839
0 0.3311464923288108 0.11999513578633741 0.029440212445782654 0.03303301708704531
0 0.24564705910852663 0.11415917163133685 0.020651149945782654 0.03293074708585214
0 0.264721318342792 0.11344930537875175 0.023198794146825463 0.04223081750278396
0 0.4157808403412224 0.3829735053558835 0.02572170535137519 0.03591725125318168
0 0.43634617327657665 0.44274801576923584 0.02659202990033238 0.026656952503380626
0 0.4965319955876238 0.2268762261796055 0.021865669821659384 0.02904154208605103
0 0.49874855943729146 0.25319796034574193 0.020889107321659273 0.029030178752585067
0 0.536445896150562 0.2283634545075035 0.02392503277270208 0.038335930836249865
0 0.5297628474933082 0.3631063528405717 0.020162868695782654 0.032925065419119215
0 0.55712890625 0.324462890625 0.0048828125 0.03857421875
0 0.47749483584809815 0.20416563743238947 0.021495993020948845 0.0461143408358522
0 0.3456939312188526 0.39549905203196256 0.02440094752445554 0.03053479416971583
0 0.3268263388761984 0.40059776786781476 0.013088973819906036 0.03674609041812493
0 0.3291410862345412 0.3264074262014795 0.016506942569905925 0.03678586208525558
0 0.3382735955841629 0.2828765332839511 0.01668231897725181 0.031908731251988565
0 0.35824291236387873 0.2758133291146331 0.01912372522725181 0.03193713958565325
0 0.30585198421350046 0.23299832620545657 0.015373927648578922 0.03433309250178973
0 0.2823869361157241 0.4240469732903145 0.02244782252445554 0.0305120675027839
0 0.5900376595318828 0.4932909778554857 0.02586579127445554 0.03055183916991444
0 0.563720703125 0.21630859375 0.00830078125 0.0322265625
0 0.6502088699127899 0.17105341910011673 0.022873522805924695 0.029541186669516994
0 0.6848150061715569 0.2096841124284124 0.025565252930048077 0.03347584500318168
0 0.652995968444305 0.24176897534912245 0.03165602781815258 0.044768812087244036
0 0.7224941673761065 0.2155885986732422 0.024319442569906036 0.036876768752982736
0 0.7517961029092831 0.1542579957531287 0.020194159180048077 0.033413346669119215
0 0.6293932131033124 0.11518515868676427 0.021408679055924695 0.02952414166931805
0 0.683436906717191 0.48244583617622494 0.029271393526209 0.022784792503778295
0 0.992431640625 0.035400390625 0.01513671875 0.02001953125
0 0.90234375 0.5048828125 0.0205078125 0.009765625
0 0.8157260925964367 0.2911067399099189 0.019693511431801536 0.025600846669119215
0 0.8012944430544011 0.1736866336629017 0.027631173368863227 0.027644878336846368
0 0.8353590896836928 0.05326263615932236 0.02132717410137519 0.03586611625258507
0 0.9687413758882424 0.05805351572449363 0.02281094183739385 0.028564624169516883
0 0.7564402095561087 0.11224308158619689 0.02170921740033238 0.02660013583605103
0 0.6229925272817449 0.2835910549361677 0.023474599494739845 0.023693175002982847
0 0.5882917710928839 0.20836767619153673 0.02560310090208573 0.018838770836647534
0 0.6308573083760146 0.07711058452023017 0.021458893526209 0.02269388583605103
0 0.6615178497081483 0.02503459868318489 0.01963093046327069 0.024624284169119215
0 0.9592095750161482 0.48850735655537436 0.0280379496643135 0.03399253458684637
0 0.8333268839689445 0.4885083828224759 0.03147484240033238 0.026713769170710222
0 0.9414487676437324 0.4306518811416242 0.018278882152085618 0.018753545835653362
0 0.989990234375 0.50537109375 0.01708984375 0.0087890625
0 0.9571492847798997 0.132351809058755 0.026404286994739845 0.023727265003380626
0 0.99267578125 0.160400390625 0.0146484375 0.02294921875
0 0.935248012418096 0.2609288644772776 0.030197741555924917 0.029626411670511166
0 0.8563596742974795 0.2813634994878169 0.01963093046327069 0.024624284169119215
0 0.7274569878760606 0.14575869825650922 0.02400653772725203 0.03199395625298285
0 0.7739789896294754 0.02128640908460605 0.02547138147725181 0.03201100125318168
0 0.019287109375 0.529296875 0.03857421875 0.0390625
0 0.331298828125 0.52734375 0.03564453125 0.03515625
0 0.227294921875 0.52197265625 0.04248046875 0.0244140625
0 0.2545489170473416 0.5442235803230725 0.029459136431801536 0.02571448000377824
0 0.1903468643987627 0.5791248394981574 0.03613206402270208 0.03847797250457363
0 0.2022985112414628 0.64387875074597 0.02964032184962173 0.04376952292031233
0 0.2563412775701358 0.6456894919886123 0.043600368695782654 0.033197785422300896
0 0.30752274637781396 0.6236255869818512 0.03377216272725181 0.03210758958764193
0 0.29888432728866654 0.6442186244828455 0.026397729506967504 0.03885262041991466
0 0.08066551704388081 0.6004057007628726 0.04351886374123315 0.039539760005567914
0 0.10843646427994558 0.6771734665917648 0.03606948305417146 0.03750141000457363
0 0.11699487536913888 0.7263535128401739 0.038229274945782654 0.03313528708823843
0 0.15859340154923296 0.7624632565842083 0.01745877207341273 0.0211835887521874
0 0.21694413364017961 0.8188705911591235 0.028995588178294618 0.04132243500357946
0 0.2624983758132601 0.823707608236226 0.03147484240033238 0.02671376917071
0 0.27140679123984734 0.8445843869848341 0.026041167681801536 0.025674708336647534
0 0.24586627130629246 0.8624465953214817 0.038116479506967504 0.03898898042150556
0 0.3376762612818369 0.891629152808755 0.03668292624123293 0.039460216671306725
0 0.3292699905580918 0.9390549323928175 0.017853181870616464 0.01972442666892027
0 0.20676816876614823 0.9624366419925894 0.02487030478843666 0.03785901291971583
0 0.18536529872069796 0.9690286099121064 0.029940860194029195 0.0408455170870452
0 0.169470302383258 0.9277406069979585 0.04246735377445554 0.030745015838834933
0 0.11842055300041365 0.9629767424212536 0.03715228350521427 0.046784435421306725
0 0.11902669022240531 0.9078350511716513 0.02987827922549835 0.0398689545870452
0 0.121567776935676 0.8834096253381853 0.0324324809143135 0.03404366958744287
0 0.13168996376084208 0.8701180799202594 0.03154978986710977 0.03549715000397713
0 0.18486240554055788 0.8626685224131005 0.025621276410806804 0.04957776291971583
0 0.6603893256506081 0.7100580761656857 0.026842353774455763 0.030563202503380626
0 0.7557555612887585 0.7674984478188965 0.030792260756967504 0.038903755420511166
0 0.9262653980020292 0.7411185286292954 0.03841701785137497 0.03606497458823843
0 0.934421344851651 0.6975989990452328 0.027380849494739845 0.023738628336846368
0 0.8198702999723134 0.7491873878103458 0.03523700647725181 0.03212463458784076
0 0.8744543771225537 0.5826604128043802 0.03611969752445576 0.030671154171306614
0 0.952578628645256 0.5436938169607727 0.025064605181801536 0.02566334500318168