0 0.22625115762803794 0.17932379989832964 0.047772824907270195 0.039938141948680395
0 0.17893578540594612 0.0528574883302472 0.028866234624197018 0.045243423149216505
0 0.1114969650577039 0.015295761744989506 0.03860872162322049 0.023569125098927834
0 0.6473180269292532 0.264662118510247 0.04379838567380645 0.036894794182123825
0 0.6026011278861325 0.23619826285896867 0.033147117151757666 0.04048847844909276
0 0.8623046875 0.00732421875 0.015625 0.0146484375
0 0.9123008784927512 0.21291951071414417 0.02117833996239149 0.029405310149422714
0 0.7862695329139753 0.11411702947719571 0.009130008667317724 0.01490417309975256
0 0.7904935910803164 0.12131338042731943 0.018373257800585963 0.01370927248282472
0 0.8156910132521696 0.12887536994470095 0.015591313639756965 0.019971683532907125
0 0.8747697784502598 0.295011348146474 0.0238352705285374 0.01777180534934031
0 0.8704426199207459 0.3341733008797112 0.023074640601171925 0.02702073403270111
0 0.8444727946927945 0.3388325501456493 0.017215265601171925 0.026850243632865922
0 0.851318359375 0.3759765625 0.02783203125 0.0078125
0 0.9300986103737843 0.014293719814515216 0.01470567011770818 0.023849518466268038
0 0.8711854191814883 0.09261615746290697 0.017215265601171925 0.026850243632865922
0 0.8896357815488493 0.20138023353016465 0.01268435588424488 0.02086300083298953
0 0.997314453125 0.042236328125 0.00537109375 0.02099609375
0 0.9925385199606549 0.1827716515330513 0.010867609351171925 0.026665545699711357
0 0.707275390625 0.00439453125 0.01904296875 0.0087890625
0 0.1260280795268661 0.44209784017072157 0.08045439055351566 0.08138897536445366
0 0.17907699664129736 0.6157285275223299 0.07853617668322493 0.12476076141453618
0 0.3754419389386062 0.7954361063279792 0.048897130746440975 0.04631421326531959
0 0.2828231851380857 0.4350958157251339 0.07318740442122396 0.10459915483134019
0 0.035888671875 0.687255859375 0.07177734375 0.09619140625
0 0.041015625 0.76953125 0.08203125 0.1025390625
0 0.00830078125 0.4384765625 0.0166015625 0.1103515625
0 0.025634765625 0.3994140625 0.04638671875 0.0390625
0 0.8783598533098735 0.7601511668652162 0.052338237497417506 0.06837211471523719
0 0.8754768500683154 0.6953376284150925 0.027719607297026938 0.0588726755492579
0 0.7954486753786673 0.46491379049602044 0.03430551760766054 0.048329393515732066
0 0.9699221485576386 0.5579151946843296 0.03271606851946629 0.06389756338245367
0 0.98681640625 0.763916015625 0.0263671875 0.05615234375
0 0.9320695660404075 0.8215339968501028 0.033147525408246725 0.06147036466577305
0 0.8916015625 0.9677734375 0.041015625 0.064453125
0 0.985107421875 0.911376953125 0.02978515625 0.06298828125
0 0.9720493546402553 0.9487017026679792 0.029570448446831765 0.0545349744325363