0 0.1275948045682247 0.27468876010270127 0.03815105132582364 0.07281449368232984
0 0.1712456008473604 0.256407773034825 0.045690732814169355 0.06522931421544331
0 0.5372426106609628 0.3500934283034435 0.0691731839827312 0.05323017084810311
0 0.6470764361492376 0.3821271321169899 0.06582806641287631 0.027280226931505336
0 0.8215184234986533 0.21564201236224778 0.055008381180499555 0.08062176856519598
0 0.7819723094990787 0.08838677186348487 0.05275298190711997 0.043972259748556786
0 0.87060546875 0.020263671875 0.046875 0.04052734375
0 0.595458984375 0.025390625 0.03564453125 0.05078125
0 0.451904296875 0.921875 0.01611328125 0.0556640625
0 0.338134765625 0.97607421875 0.09423828125 0.0478515625
0 0.1513671875 0.96728515625 0.08984375 0.0654296875
0 0.5427222757497874 0.4596581758460413 0.035891005500212625 0.06396860104905155
0 0.5198660501390009 0.5543047182632578 0.03211496245366638 0.05361524206581447
0 0.5211634731213068 0.6291254097798145 0.0316034277443146 0.03896680456581442
0 0.477783203125 0.706298828125 0.03564453125 0.07177734375
0 0.475830078125 0.643798828125 0.03173828125 0.07568359375
0 0.5384532635046222 0.7498677287458764 0.02920852841301813 0.06816422683257728
0 0.5772010846264961 0.8160025677947218 0.02934958422107692 0.04426686064921648
0 0.5771484375 0.9892578125 0.0283203125 0.021484375
0 0.480712890625 0.93896484375 0.04150390625 0.048828125
0 0.916015625 0.981689453125 0.04296875 0.03662109375
0 0.9480173695626102 0.8067523468009693 0.03350075272114772 0.06536240713245367
0 0.7988110324466344 0.7124758464052579 0.031978553197839266 0.04970899206581447
0 0.7228965012496457 0.506935565740928 0.030758627947910178 0.07064825568253608