0 0.060187729126674916 0.14296218640717762 0.03680574166880479 0.03195133654092852
0 0.11381092932362058 0.21150020230102806 0.022691037214202847 0.03968145516176946
0 0.06310102330445955 0.3079898859583281 0.0447148267340256 0.048598350836326576
0 0.2567327835263187 0.269752738285013 0.07752909628645899 0.06587852397955607
0 0.16299666166185112 0.18875235034257765 0.0393380515096009 0.047590540226990496
0 0.13044690622069854 0.3012502079730196 0.06634692006906961 0.07411396827367134
0 0.0068359375 0.43408203125 0.013671875 0.0439453125
0 0.218017578125 0.450927734375 0.03857421875 0.01806640625
0 0.24444970347264328 0.42461459443974725 0.04995524657225614 0.026168661445662877
0 0.9562725368313176 0.03466853063350617 0.05117327173530861 0.06767824917008758
0 0.8250786059413157 0.14578709218084895 0.028150193817786606 0.054849422021105765
0 0.7877789015480862 0.11328814445898994 0.031221918178405694 0.07928052894438009
0 0.6153957351375995 0.11087295594496016 0.03146589602814087 0.03729118218159222
0 0.08338628165030548 0.5810808160184177 0.0403146140096009 0.0475962217014152
0 0.17869868711711479 0.8490900819736406 0.029010286092078896 0.034835572245530466
0 0.20766952843874997 0.9607417254653225 0.02770452362597231 0.062170800033893414
0 0.1477207467884445 0.7281724576808082 0.049115039458450305 0.049600479971238065
0 0.1521714416816331 0.569938084571472 0.04220240205371617 0.03637711590026471
0 0.30419921875 0.973876953125 0.0283203125 0.05224609375
0 0.2474724841995929 0.8359942255266949 0.015031937023671338 0.06600319086637141
0 0.09267247316247207 0.6664789014985948 0.03732243029092852 0.03683698977814087
0 0.020197284709814856 0.7987409495804518 0.02862427138172463 0.052410856508318115
0 0.050621281282070996 0.8244437301232843 0.013487552631724853 0.052322793654734356
0 0.05105591407556531 0.8991507613732843 0.0359087198107515 0.0456175300665036
0 0.6782981431701691 0.823376915133547 0.05404330375384858 0.057441387343361905
0 0.8120730019841073 0.8201571468873547 0.03790161513172463 0.05246483051535322
0 0.8996738717884445 0.7698411266891263 0.035954171606149554 0.05343003006650382
0 0.7750844764821218 0.5054202737166461 0.05986290843287523 0.050639538689910446
0 0.8631995197218999 0.5434831597684177 0.03212178077367134 0.06610261666880474
0 0.991943359375 0.677734375 0.01611328125 0.0908203125
0 0.5430868479783548 0.8314880180913764 0.03906282555052942 0.08420879323977803
0 0.5626597323849523 0.586736960141244 0.0652226392340256 0.04871766179924664
0 0.6119310123900836 0.662624761420006 0.0480845029514152 0.04031745474681325
0 0.48520295673092056 0.8699120033196497 0.04230182785614944 0.05346695965026482