0 0.06256844206011225 0.22326585164341864 0.04658584782386166 0.07134926158507622
0 0.10328501081132457 0.2623866286131203 0.035763944225339905 0.0689618525252486
0 0.13855109205889993 0.17235449064498246 0.0442141730135126 0.08016784699300199
0 0.196533203125 0.005859375 0.05029296875 0.01171875
0 0.3683124624172973 0.09739036390841475 0.03398023608125378 0.06360552022921147
0 0.32789454698376685 0.17549670709799728 0.03242569157386166 0.06991860494560642
0 0.2504374715072146 0.07392603196201335 0.05896229592977509 0.06742358592850906
0 0.24774677113033694 0.1423250271212977 0.05376061903568896 0.061721922719496426
0 0.40566050219553507 0.2901375485548825 0.045360152369426476 0.07510751262237243
0 0.4120575982225605 0.4427772964802901 0.04087592036203436 0.08112459941335981
0 0.35888671875 0.5074869791666666 0.0380859375 0.064453125
0 0.27713262161173846 0.42169066076543277 0.04844927206646954 0.07800767721444668
0 0.074462890625 0.5110677083333334 0.05908203125 0.057291666666666664
0 0.489990234375 0.3974609375 0.02001953125 0.09049479166666667
0 0.985107421875 0.3512369791666667 0.02978515625 0.07877604166666667
0 0.804217818101981 0.4576835471873022 0.03538533305047309 0.046925101833717786
0 0.870315107780544 0.4700024681741013 0.035106326705647506 0.04236781016705112
0 0.17934745749485503 0.7823291749572957 0.05143870634725012 0.09513209249805173
0 0.43024406213766997 0.8519650568648632 0.040477339869426476 0.07461418274669329
0 0.4365234375 0.9934895833333334 0.0556640625 0.013020833333333334
0 0.478271484375 0.5533854166666666 0.04345703125 0.02734375
0 0.47198776137300413 0.5948910139860825 0.0543884437512121 0.048198046682200214
0 0.3090605307940566 0.9028577610528821 0.048489210701951446 0.0469550091647184
0 0.2368147945255764 0.9265337508547377 0.048788186364518094 0.03598596680652092
0 0.8091095676399762 0.9036956529953869 0.035454983903903003 0.08769406189587829
0 0.7151207416892961 0.7808678421406755 0.06040725094825539 0.05139420919968174