0 0.30376900284095365 0.2945351093202072 0.04820085931234597 0.08910335962836835
0 0.5683978930157649 0.3022040810133998 0.04848113472610338 0.0413199809757443
0 0.657295948904453 0.23237244825105863 0.040047500390437474 0.05872764635730465
0 0.7967246944988466 0.10866299867630563 0.036489393933558656 0.08255967481716281
0 0.805177299525089 0.3068260080105607 0.039041222770974215 0.05188318587638263
0 0.9004734273776536 0.31386760602126906 0.055184219140437474 0.058991858765885974
0 0.6982116841171764 0.44088064528800847 0.06614840508449316 0.06210905184616966
0 0.7083910142512121 0.47430536779197996 0.05019769203962232 0.05110265193758812
0 0.7161810837529615 0.4876423751985757 0.04939884362178937 0.05986614549482239
0 0.7746856883945719 0.5091985143519793 0.04731228890151096 0.04520066203297812
0 0.5529690011538959 0.5058173622633999 0.0673093896532605 0.032383556462623364
0 0.5318237551719673 0.5719423538929744 0.045388879020974215 0.05199398462836835
0 0.4951171875 0.432861328125 0.0107421875 0.08349609375
0 0.02978515625 0.69970703125 0.0595703125 0.07421875
0 0.7944199661480512 0.8677690272395707 0.033543983921908604 0.030818908279006907
0 0.9423321851573753 0.8708397717089311 0.04104591675407554 0.039727292511914536
0 0.7806062235373354 0.940378042813897 0.03258985192015906 0.04396841010531882
0 0.994140625 0.6640625 0.01171875 0.0283203125