0 0.4838144336807987 0.09431501468123682 0.03982952500894843 0.06705457141556703
0 0.4356674245106852 0.12109797794655652 0.04023826292468713 0.06023284144888663
0 0.31670258909037285 0.1514058772932163 0.051712701255170135 0.039577728498556564
0 0.41504960780855615 0.38283991789606164 0.05328549667309623 0.04889769484851558
0 0.3277832819711131 0.41564229632694827 0.05691334500318168 0.025085573865072153
0 0.33993883613148274 0.461659619210639 0.04815837250357935 0.027759525765319593
0 0.217041015625 0.518310546875 0.05517578125 0.04248046875
0 0.103617761154351 0.3001358642205978 0.05357526167647686 0.07380003859851536
0 0.5219494536471923 0.3406801756323915 0.04875460542150556 0.03705107704863919
0 0.6015625 0.008056640625 0.0419921875 0.01611328125
0 0.5580051174361678 0.7732165213867214 0.0611889033408235 0.056937515381628945
0 0.4123452682905133 0.6227220401992368 0.05924714167428946 0.05785724774835055
0 0.34963504662139416 0.6426070107141442 0.05495488042548258 0.06651844244847427
0 0.2255859375 0.56298828125 0.0517578125 0.046875
0 0.04817302288054143 0.584018661338969 0.06651454375695987 0.05318754824814431
0 0.14643981408639573 0.9062445993751751 0.060053254172300896 0.04323722531498975
0 0.3193652382539241 0.894867476330041 0.055431798342016614 0.06555608748179376
0 0.3782601165907705 0.8672836660816905 0.049833437922698565 0.04586855461527839
0 0.646549476199491 0.672528841672515 0.0592357783408235 0.05688068524835055
0 0.67724609375 0.558349609375 0.025390625 0.03759765625
0 0.022216796875 0.548828125 0.04443359375 0.0185546875
0 0.7201361928359981 0.6792926247032165 0.03561646500536908 0.04057372364901024
0 0.9768020224230434 0.6444899197104328 0.034287981256959865 0.05224985104905144
0 0.9572373666007132 0.5640319486098555 0.038120369589431435 0.046015855065608235
0 0.8051117807129601 0.9692015299223711 0.04853904417468713 0.06047436951531959
0 0.7853492928220782 0.7798994626717526 0.06309657500695992 0.05308809551490734
0 0.9037306270140657 0.5899946322416906 0.04143038667150545 0.03683796404884543