0 0.06093167672578914 0.22846106910906516 0.03648790465154761 0.06145559958823843
0 0.20875906932618626 0.2897334870057138 0.04171696154092852 0.037104035422300896
0 0.3182076029431786 0.2171660494907997 0.03974963285486677 0.03463990250536908
0 0.22612381348472832 0.16891779658659456 0.03733095250256557 0.03851774417170439
0 0.27137740363751783 0.05754387616369716 0.04180218365730015 0.051752472922300896
0 0.36962988290158827 0.0749565486503739 0.026588765002565573 0.038392747503579405
0 0.248779296875 0.01220703125 0.05517578125 0.0244140625
0 0.14892578125 0.01513671875 0.05078125 0.0302734375
0 0.01220703125 0.05615234375 0.0244140625 0.03125
0 0.22010950014016517 0.4780907345043218 0.03390162080371617 0.03652484750457363
0 0.13202002353529851 0.4449337470162531 0.03817684109079611 0.016068170005170135
0 0.3569014582066281 0.3212150669856295 0.044254952856149554 0.053734006255965694
0 0.652099609375 0.536865234375 0.05322265625 0.06591796875
0 0.752685546875 0.558349609375 0.05224609375 0.02294921875
0 0.9302885233044595 0.4498783736722479 0.04376383086893698 0.0532400433392326
0 0.7931395197832722 0.041778544940542506 0.03994848445973331 0.06881959000536908
0 0.5912811630294645 0.1779254991347174 0.04725849952367139 0.06646340875636336
0 0.6351816748351253 0.33758176246221766 0.05446624804796385 0.046529102507357645
0 0.5755267913198129 0.4916066016371037 0.05021091292137042 0.07040374875676125
0 0.8987765243798616 0.2373400120096909 0.04223649090026482 0.04248081083903377
0 0.8059295532628692 0.30971427285568465 0.030671140709733313 0.06871163833744309
0 0.2535225141433518 0.9085910549361678 0.07170949160743234 0.07309514834301112
0 0.16585882256981288 0.8646861982813661 0.049512417117654195 0.03426525459002816
0 0.28238727153654053 0.7500413482654577 0.04022655115601714 0.03269245917210206
0 0.3314682221484424 0.7929302128421625 0.029217659908582938 0.07064771833724415
0 0.3563077441292406 0.697908203672049 0.03298755452238855 0.04725567167110778
0 0.09035037787539213 0.6438701241247746 0.02672796112597231 0.06231852875357946
0 0.10621432535176151 0.7686939924560532 0.0413650356771228 0.060535853755568025
0 0.6886120304521586 0.862852388282758 0.030594440804998957 0.05552804458744309
0 0.5338666445231319 0.8714894141371037 0.03444103532353904 0.045319591671306725
0 0.5333120496656588 0.6082944570536377 0.0364083640096009 0.04778372458823843
0 0.4544522753792406 0.7347088499811087 0.04661681846420285 0.04009053958963038
0 0.4254770547852985 0.9582056445685518 0.03984053644566282 0.05026490250536897
0 0.975830078125 0.8994140625 0.04833984375 0.0703125
0 0.769623455792914 0.6866048995216222 0.02868108612597231 0.062341255420511166