0 0.17693989376378838 0.2826355127924204 0.04423160773348478 0.04007186180170341
0 0.2650953458425256 0.1679786409927313 0.046933874586278845 0.035359684167338035
0 0.05971626124223006 0.24366887309984908 0.03402318561292583 0.040451202271981845
0 0.3154017774223752 0.3803000274673449 0.030753713425102136 0.053895564117802275
0 0.34423828125 0.3955078125 0.0107421875 0.0283203125
0 0.4761238864744198 0.2925355244787955 0.029366447477146673 0.024110407867802275
0 0.1544227742434794 0.6827442839473774 0.04627570099236711 0.0421387433787932
0 0.22876189360899524 0.6164653266366974 0.061911398883234714 0.03282332888978412
0 0.08510150111029025 0.5535589139419586 0.05585938947460223 0.038801276264242235
0 0.01318359375 0.591796875 0.0263671875 0.0458984375
0 0.23910946068384753 0.6608941045893291 0.0353863632131759 0.048808861810526794
0 0.2921916256965691 0.5982466374306611 0.037259217845161174 0.036744026281889
0 0.5644412255721709 0.7029569027320468 0.03626125956342552 0.05713808220479932
0 0.6229453535962736 0.7253556905061962 0.03804449221951378 0.06405933713761658
0 0.5263124241356878 0.5639013271043374 0.024917080489822663 0.05404257563653281
0 0.5068173066572461 0.5949050064006218 0.03411415387180816 0.042404327271981845
0 0.4873127651979098 0.47933417746672075 0.026440798826101564 0.08675741938653281
0 0.415283203125 0.42919921875 0.02099609375 0.0390625
0 0.444580078125 0.982666015625 0.03076171875 0.03466796875
0 0.55029296875 0.973876953125 0.029296875 0.05224609375
0 0.577392578125 0.989990234375 0.02783203125 0.02001953125
0 0.9550101159248738 0.9126963135531049 0.04334735977535198 0.06290732397461363
0 0.992919921875 0.8916015625 0.01416015625 0.0478515625
0 0.9873046875 0.741455078125 0.025390625 0.06005859375
0 0.9028240982981139 0.6077436852998536 0.0398732090050431 0.07195715457043406
0 0.8526435659617437 0.7640558350257042 0.03863309333627907 0.034876218714706475
0 0.8247861000810532 0.7200680916292641 0.030344356260131544 0.045106501617802275
0 0.8154766626584499 0.7502041492052702 0.03755486468652869 0.043091682531889
0 0.8311377951800082 0.7832554468891714 0.021236904854043503 0.037758659520898075
0 0.7950545056584042 0.8449451590973751 0.0447560215050431 0.07224154601315846
0 0.695893240537891 0.7442131213585192 0.05414707557864595 0.07522329600433508
0 0.6939454282968189 0.6501170358298816 0.042857732242367 0.041939669368886046
0 0.6424792237892316 0.5906324964026363 0.04284568806851419 0.03122592101315852
0 0.6601349265912763 0.5619564667792619 0.032797806683984465 0.05596244569489206
0 0.7333155469390275 0.49171438118003696 0.020285776984733994 0.0800684934052634
0 0.7625227999631301 0.5124068202978392 0.023873638078645953 0.07346006905944302
0 0.8555410150431166 0.4394244896137849 0.03761239298982266 0.05478199338761658
0 0.6254495285354836 0.4654666773343698 0.03259447438448415 0.07250712990634717
0 0.5616786654771011 0.47636114779040606 0.041019663848954835 0.06520653450325131