0 0.14052590804938125 0.28545118431733585 0.0291341214827312 0.05286212332925744
0 0.125244140625 0.397216796875 0.03369140625 0.04541015625
0 0.2605718001193778 0.34646844429767465 0.030406755953737208 0.07535149997352963
0 0.2240886713753467 0.39458513505092596 0.030473404831509066 0.035397754906347334
0 0.3544861093867883 0.3317023457030913 0.041750380500212625 0.06529185193606879
0 0.49761140646204505 0.22697919617135542 0.04212550595373732 0.07603403943606857
0 0.4897617133459984 0.296424074451077 0.04497458422107692 0.04598811509024836
0 0.4192368207115489 0.08427241156222331 0.032114962453666296 0.05449760194489217
0 0.434326171875 0.010009765625 0.02197265625 0.02001953125
0 0.6435546875 0.031982421875 0.0341796875 0.06396484375
0 0.685302734375 0.02734375 0.02587890625 0.0546875
0 0.524658203125 0.02294921875 0.03857421875 0.0458984375
0 0.72021484375 0.134765625 0.01953125 0.060546875
0 0.7093425527875143 0.18137660426856606 0.023149186081509177 0.03497116774226039
0 0.895751953125 0.015869140625 0.05126953125 0.03173828125
0 0.8647027190297736 0.05911066663621509 0.04093192496524978 0.04185435193606868
0 0.8309198546925083 0.04444296594674188 0.02593161547107714 0.04487898846362265
0 0.9421085003327848 0.25814042986098185 0.048017427517552225 0.03544500160015551
0 0.8465448753907019 0.19765433766702034 0.04009177172107692 0.04570372364752373
0 0.8216781897048004 0.24215880145773283 0.049970552517552225 0.0355587581772453
0 0.7924448727804823 0.2737071846526249 0.07481089394201212 0.04918774664086789
0 0.9560546875 0.321533203125 0.087890625 0.04150390625
0 0.923095703125 0.40625 0.07275390625 0.02734375
0 0.5267036054837234 0.712098885359745 0.0398763089827312 0.05348778450325131
0 0.5568421687798444 0.5943854890106732 0.03754341197697508 0.07040699338761663
0 0.5471742248676768 0.7798942932716642 0.023848283517623248 0.05499069899226039
0 0.6712999693095472 0.7756004381264612 0.04315786847690406 0.049780608513158464
0 0.72265625 0.747802734375 0.0146484375 0.05224609375
0 0.6372752565761073 0.5158203657343562 0.03211496245366652 0.05449760194489209
0 0.6973834480469006 0.4717096898060272 0.030298246709493437 0.05829009536780225
0 0.31923053975603977 0.4452964262900883 0.029213174965249777 0.041171812473529815
0 0.3857515013026569 0.4727355809575796 0.04375465897114772 0.06687045226315849
0 0.17182077642516858 0.609471315947366 0.04757565318625584 0.06465655916733815
0 0.447674873465675 0.5366488178563403 0.039445383506039766 0.06905590621470642
0 0.9372845786580415 0.6399474725767721 0.06055463305251507 0.059565041062694335
0 0.8754154714662421 0.661654089293646 0.056467022628126085 0.06809815126424223
0 0.751708984375 0.576416015625 0.04345703125 0.06689453125
0 0.8568530673101141 0.9147115251229034 0.056921201564169355 0.06715002790851488
0 0.9145431059902593 0.885419921560209 0.05086806153503365 0.04730594732151783