0 0.259039442330962 0.16076305777690703 0.04700344706342552 0.058802863732732025
0 0.36193437254159333 0.22899255162536947 0.05132975211926394 0.05769674242607925
0 0.2776116315097664 0.43419057311803655 0.04584494804566097 0.05481689763421049
0 0.15689110615317858 0.4009878510491425 0.03321786173982266 0.055245432103429915
0 0.0576171875 0.46875 0.0419921875 0.0419921875
0 0.050537109375 0.01513671875 0.02685546875 0.0302734375
0 0.9416484797600404 0.16903259567075674 0.044821555133234714 0.03284424138421049
0 0.9363362605963192 0.20118942673110563 0.028629349798205306 0.040278130209343566
0 0.8876980774389818 0.14906306830133043 0.03615824713069049 0.04527053219825539
0 0.97998046875 0.176513671875 0.0400390625 0.04638671875
0 0.6978904310113354 0.09465521933592536 0.04096213554566097 0.05441831714160261
0 0.5361396162879366 0.1831144057879952 0.047740544742367 0.04329743788051443
0 0.46566530164193454 0.30966919205405075 0.059074025925102136 0.05686962746425195
0 0.24518959728914036 0.7266705583507095 0.03635222782230785 0.05987911164899473
0 0.21535229786778626 0.7962258360009756 0.020363354786778642 0.050791154072649336
0 0.3773519290201264 0.6922213656474274 0.02623342767764658 0.041055402463039625
0 0.32516201729043526 0.6787190686757834 0.030468764474602228 0.03799615615638674
0 0.23295309255949492 0.6206039376117976 0.050931092845161174 0.038693631725340016
0 0.09893122428034934 0.5211345090084268 0.023155243615470167 0.027184237216735685
0 0.7745760942650377 0.8046561760576285 0.038975570590072506 0.06398465189529867
0 0.9249707581139925 0.8796815881843878 0.043209561104043503 0.04000902793716721
0 0.9374198743780092 0.7605508672570371 0.038883256048205306 0.041115149243820204
0 0.97802734375 0.6533203125 0.0439453125 0.0546875
0 0.9537043218818941 0.5984414116708159 0.056529607242366886 0.04401488276720872
0 0.8539250545379823 0.5971064490723534 0.05244142072460245 0.039789768373122425
0 0.7649066779098361 0.5343875118531933 0.053599919742367 0.04377573447164396
0 0.612837178969468 0.5487275531353044 0.0649788850545433 0.058324486555381416
0 0.7045136846039523 0.6267426413015078 0.05463266426267599 0.034617964869426365
0 0.6216290064084499 0.7688228227375221 0.04435601594795546 0.03329266458494973