0 0.2643536994246068 0.26495448580550535 0.05703831737987697 0.05869173491515467
0 0.39828495764596905 0.2664059436850724 0.04064064468715256 0.053340073815608235
0 0.12867320601052 0.2683432178259795 0.043465751564861876 0.08510677013224743
0 0.163818359375 0.024658203125 0.06787109375 0.04931640625
0 0.20830892953451619 0.10191786384068058 0.05018357233034121 0.04143140076531959
0 0.06834948400726867 0.3047384588609485 0.04509205422569734 0.05444450411548463
0 0.672607421875 0.0166015625 0.03369140625 0.033203125
0 0.517578125 0.01513671875 0.037109375 0.0302734375
0 0.9586813722496823 0.05389076133140236 0.05387148513096074 0.07127338714859799
0 0.9912109375 0.166015625 0.017578125 0.048828125
0 0.13251685064473206 0.7333672623048868 0.056815620023065616 0.04649891119847427
0 0.1381386252558785 0.6704358111881651 0.04914531574442793 0.048712996915360796
0 0.04608670923730113 0.7729157540739177 0.026286230224613627 0.041223512882659796
0 0.042724609375 0.9912109375 0.03271484375 0.017578125
0 0.24155240347321205 0.9439219805681445 0.035829157867802275 0.029314839832371042
0 0.2626709741151638 0.858453329167691 0.04619682069489217 0.03156632303208251
0 0.17860564183977734 0.815411252020124 0.03082295719597583 0.043792786932536076
0 0.2015736681393132 0.7989607472695054 0.015856873311610564 0.04628204089962884
0 0.2346582207648551 0.7935649957519177 0.029192294377709427 0.03253390311589688
0 0.25740263842770483 0.6885793018847838 0.0499039966849848 0.02826201454863919
0 0.059841623470431704 0.5199576515072786 0.0513495772455117 0.06145093201531959
0 0.08940980944086341 0.6421169665062476 0.04377422199442793 0.04855671404884543
0 0.2922167074165607 0.594705191383959 0.047576347012074915 0.030144101882041252
0 0.32778555282848 0.6138371626329281 0.04157477629071238 0.02753220523220623
0 0.27973973211594116 0.6241777819009281 0.03927556576207469 0.029902573815608235
0 0.3605389229574264 0.6813089776318972 0.05934715950325131 0.03974821889839175
0 0.3469812601744535 0.7293362556488663 0.05965999009024836 0.04511931264839175
0 0.43603515625 0.68017578125 0.0478515625 0.033203125
0 0.4215963356345185 0.5231470074137735 0.03442119240634711 0.030248779732412356
0 0.44309515802662336 0.5487171052297941 0.023944588799535982 0.017757597816020654
0 0.36502658067523086 0.49508912344874256 0.027533192415170493 0.020786738049257736
0 0.3519422961102159 0.4678074286991549 0.037763475318266515 0.012310241282288692
0 0.26046788329194936 0.4763952962517116 0.04059821379071238 0.027503790165567032
0 0.22920389153978188 0.5009192617192167 0.047832299310526794 0.03453863313204125
0 0.1826137386224438 0.5450507399704538 0.04183072858916459 0.03192673648220623
0 0.17490581924473436 0.5766185308206188 0.03280933713761658 0.03605132459913407
0 0.01025390625 0.430419921875 0.0205078125 0.02978515625
0 0.3886720712419427 0.95407203063066 0.046073432523065616 0.046186345465443424
0 0.44482421875 0.81005859375 0.0302734375 0.0380859375
0 0.36908303167352297 0.8537238638980416 0.04044157067724541 0.049922105065608235
0 0.11136066490370866 0.8530724313386188 0.03085139634024836 0.044281068182536076
0 0.0802812997693434 0.8492334617061651 0.04576060193606868 0.040815251715443424
0 0.04125641486841508 0.8138603414073198 0.04599774668498491 0.02814835428208251
0 0.436279296875 0.921875 0.04736328125 0.033203125
0 0.006591796875 0.479736328125 0.01318359375 0.02587890625
0 0.021484375 0.708740234375 0.04296875 0.03955078125
0 0.2793897420698098 0.714163607234124 0.03829900326207469 0.029874158748969037