0 0.05724993493909081 0.04058710961724765 0.03370958175872096 0.03279560022725181
0 0.17060182034998944 0.12328426270648685 0.04490876002445565 0.03302700011535631
0 0.2312549333010323 0.11015818939184113 0.021258035645072115 0.050962435417820307
0 0.33095162226605634 0.08723594907022769 0.03528722094753611 0.0270613871643135
0 0.49755859375 0.014404296875 0.0361328125 0.02880859375
0 0.5408638422503678 0.14283536397771146 0.048833185533176504 0.063913880802418
0 0.025390625 0.16455078125 0.05078125 0.0634765625
0 0.07233362411752337 0.2073857452011807 0.043211767909053345 0.05966343547549835
0 0.11519538768918275 0.17594875077288608 0.03622593547549846 0.0417098246643135
0 0.2015338549741587 0.1869493165893772 0.03704604555417135 0.03933099938284412
0 0.1555786455161023 0.1680118373131222 0.04587876503668342 0.04816371886535631
0 0.4427273654427355 0.24005785925387446 0.029558816895072226 0.05149437365033238
0 0.4896212894287544 0.24434690103012935 0.03134312297549835 0.041396919821659495
0 0.3676791327750072 0.40193433741117435 0.04818189437407727 0.07651532184962173
0 0.364501953125 0.488037109375 0.05322265625 0.04345703125
0 0.5654296875 0.427490234375 0.0283203125 0.06298828125
0 0.43212063975405834 0.44351468808254746 0.02645375298772623 0.05615815276047442
0 0.023315689587945485 0.42594725381829046 0.037878522131090914 0.04473338361710977
0 0.4987326293604638 0.07940170998292567 0.03171860878668342 0.047256294821659384
0 0.43762833465416084 0.06921544523463308 0.05515610878668342 0.04875823806639912
0 0.351806640625 0.0146484375 0.05322265625 0.029296875
0 0.898193359375 0.01953125 0.07177734375 0.0390625
0 0.7472604796453939 0.04364270753160704 0.05781654842654127 0.05233265923772623
0 0.9024503455668588 0.23987874046003965 0.037477554846115035 0.0612410746643135
0 0.60009765625 0.166748046875 0.041015625 0.05810546875
0 0.6268558687765308 0.07859004520810242 0.04559059319052247 0.05884332539682546
0 0.80029296875 0.461669921875 0.06640625 0.09619140625
0 0.9688318625703656 0.25118565363141265 0.03580604420450362 0.06551044397725181
0 0.9600334274813102 0.4112480321786165 0.051743949047157844 0.07139455197374511
0 0.89404296875 0.493408203125 0.0478515625 0.03271484375
0 0.97607421875 0.024658203125 0.0478515625 0.04931640625
0 0.2210229449462423 0.9696467333079539 0.03365280980066454 0.05467438502445554
0 0.24564798639373236 0.8737311324058683 0.02399342275170746 0.06329462860488189
0 0.24295475931501348 0.8019348646698494 0.040050680520948845 0.04827651430417146
0 0.2875687900055359 0.7431541202415548 0.03540582539682546 0.044088649945782654
0 0.256103515625 0.532470703125 0.04052734375 0.04541015625
0 0.203369140625 0.521728515625 0.02880859375 0.02392578125
0 0.18017578125 0.531005859375 0.033203125 0.04248046875
0 0.33154296875 0.523193359375 0.03125 0.02685546875
0 0.496337890625 0.517333984375 0.02783203125 0.01513671875
0 0.55419921875 0.531982421875 0.029296875 0.04443359375
0 0.5389491348917952 0.5690052147644409 0.02840106897725203 0.03342796740033227
0 0.5166388408026479 0.5908585180878536 0.03486732967654138 0.05086200647725181
0 0.5059352497519832 0.6440622503518347 0.024557399945782654 0.034154206026209
0 0.4832297973883344 0.62655251533084 0.042742410645072226 0.05233921672549846
0 0.474365234375 0.533935546875 0.02392578125 0.04833984375
0 0.44975685485880235 0.9136553328430678 0.036056368078627 0.06941669397725181
0 0.4920932376857219 0.9055932574462423 0.027567843923034463 0.06595506824473985
0 0.5365071589724053 0.8575234100336822 0.04095229555417146 0.039581323256967504
0 0.560456176264303 0.764568787115862 0.023317398596114813 0.060333650620616464
0 0.47299200002306985 0.8090758313780437 0.026140848145072226 0.05127534026047442
0 0.4008384219845872 0.7816054224863865 0.032175599552418 0.046799304055924695
0 0.3742900490667669 0.801298933918188 0.03208172809962173 0.045334460305924695
0 0.3696676815072434 0.6761359240090887 0.025827943302418 0.04639252776047442
0 0.39741165031492165 0.6529618628587563 0.02841343547549835 0.04120917691606685
0 0.33293828318221513 0.9002315362852977 0.040407242346114924 0.061428817569905814
0 0.54150390625 0.97998046875 0.0283203125 0.0400390625
0 0.51953125 0.993896484375 0.0302734375 0.01220703125
0 0.653076171875 0.521728515625 0.03466796875 0.02392578125
0 0.7915535510508944 0.5786915802417846 0.019574158505214267 0.04745059521502404
0 0.6079431224967691 0.696952329295864 0.04167197669227596 0.050811792006967615