0 0.12100842945514881 0.0773394179942884 0.0378280925844931 0.061228326380441844
0 0.0618489389161227 0.27141684840796176 0.07828872147435395 0.054142729556281854
0 0.55419921875 0.364501953125 0.0634765625 0.03076171875
0 0.6498517164073753 0.26793517045472426 0.028935315483678004 0.05336753384783144
0 0.6219966780245124 0.3132032898441053 0.04445660088286285 0.0456487781758399
0 0.4902498858829021 0.29191995608512533 0.03461697640151096 0.04461540093159244
0 0.6139589314015306 0.08405166525906146 0.04401260399475149 0.039789403175839955
0 0.3490116128030612 0.2476220666202607 0.05248323807109345 0.02275637417008758
0 0.886136133680099 0.2312071053422422 0.040860918050695805 0.036842671252565684
0 0.9780911754370774 0.0749347049950726 0.0389823691666602 0.07002022961765425
0 0.01708984375 0.575439453125 0.0341796875 0.05810546875
0 0.22595016856063577 0.5050239619265834 0.031117723548946374 0.049963768783893414
0 0.11781743723196769 0.5395666126887091 0.03368469826339959 0.03875318519437998
0 0.060273672578707194 0.5704956093837101 0.029253167272723646 0.03823933730946849
0 0.04068970032638114 0.622650799542914 0.01746770241258455 0.03084978160358376
0 0.05035045745634126 0.6950044873964978 0.017659985737176975 0.02694637234079611
0 0.06300761694644058 0.7600481601861435 0.03286341934731618 0.03435581320716752
0 0.06328060773898525 0.8015719515966302 0.026715331043121293 0.02407065884783144
0 0.10903890753210654 0.7779018366957444 0.021788234181232657 0.02989878573849536
0 0.20878899687359764 0.7701777250998576 0.03549710892190849 0.030466607630442066
0 0.27100872145984023 0.7226670510653433 0.017053420643936334 0.03182350336637141
0 0.25986509152978043 0.831048444142069 0.03153200531759448 0.048990047021105765
0 0.11210757946976052 0.866337557689992 0.03091029434731618 0.034344450258318115
0 0.1202760842687069 0.8165584368249035 0.022313515171908604 0.030389907725707488
0 0.09230333867721585 0.8247001367910101 0.029919162604890692 0.04702839980946871
0 0.19041778980188834 0.4388702119879558 0.02666376206001997 0.036272008623406626
0 0.1779421692074945 0.5648297300646815 0.03237513809731607 0.03435297246995517
0 0.16807225297206702 0.6048290222437082 0.022542798237176975 0.02697477971291995
0 0.2730297145892042 0.6508698221548567 0.025213487552445457 0.023573855386194165
0 0.0765880400496014 0.909607100283975 0.031125008170159063 0.04361895327110554
0 0.7505900543182299 0.8142060700800756 0.073368909233678 0.053626040934158015
0 0.6066199317803571 0.8768730224745471 0.09646612694638179 0.05571268058313983
0 0.4199854950583293 0.8772527046094177 0.09320401841491055 0.08351346372380375