0 0.333984375 0.290771484375 0.0517578125 0.06591796875
0 0.20922752813849843 0.19579676499455326 0.05227004826395398 0.06514679046336808
0 0.11600881933854179 0.06967082612942732 0.0618083758190755 0.05560846290824656
0 0.032958984375 0.21630859375 0.06591796875 0.052734375
0 0.142180829037392 0.544144230918989 0.060536326640733495 0.04289042066375881
0 0.314884648198221 0.541819739443338 0.056176298263954094 0.06523770944131946
0 0.353759765625 0.51708984375 0.01220703125 0.0458984375
0 0.013671875 0.166259765625 0.02734375 0.04443359375
0 0.3037109375 0.02197265625 0.072265625 0.0439453125
0 0.7519540078224181 0.5129311833311418 0.02463040332912325 0.03083031623995236
0 0.5992003059086594 0.4498377604355255 0.023472002873220488 0.022995086495464445
0 0.6151061616628476 0.29453063657528233 0.029013569706879405 0.030444318840147533
0 0.6922761041378692 0.23434866225655415 0.02614070656809897 0.03281753585668401
0 0.7840153382636721 0.19207439423289974 0.021677986084635448 0.029785564506488726
0 0.822033903043186 0.23200062452343795 0.024210311312586885 0.0337486388677084
0 0.7929874634890411 0.26304564856655854 0.029842797124197018 0.04510412121239149
0 0.860267583882357 0.23923474080846396 0.022825021668294365 0.03713251300097653
0 0.8842375998518666 0.17879055791514809 0.018839217562586885 0.03362362527302509
0 0.802001953125 0.00537109375 0.02490234375 0.0107421875
0 0.6222680061495227 0.11998734113689263 0.028400274862196206 0.025061860217903686
0 0.7582943154556209 0.13535380687070353 0.020213142334635448 0.029751469889756965
0 0.6680540196965497 0.1791270132610897 0.028400274862196206 0.025061860217903686
0 0.6279873946836376 0.5124859120311852 0.023358354150781246 0.018112273995464445
0 0.8445001478775396 0.5053248840574874 0.028354815373220488 0.023108735217903575
0 0.9080229863794927 0.5507249002047097 0.01719253585668401 0.02577703065629322
0 0.9601964000746531 0.31817923637949275 0.01865737960668401 0.025811125273025204
0 0.9354848096138675 0.19999203587851616 0.02651533909565984 0.027946088228927968
0 0.9590562385418622 0.08048855147968806 0.01987260442380645 0.03608776126751306
0 0.8852133458388891 0.1368438299041238 0.020633234351171925 0.026833147262000923
0 0.8724352794907124 0.5523366707809032 0.02298372162322071 0.02298372162322071
0 0.6626163697390411 0.26001122767743085 0.021598431978927968 0.026367595756488726
0 0.7666097276297746 0.3039131219708988 0.022518170117708403 0.02394891925097653
0 0.7252973911819665 0.22730897356914098 0.02484592764526905 0.019122931112196206
0 0.7564312929205947 0.09724513962621567 0.020542315373220488 0.022926897262000867
0 0.7825703664627388 0.0461237599718754 0.018634649862196206 0.024834562773025204
0 0.6463301658664499 0.12640359487684488 0.018680109351171925 0.026787687773025204
0 0.6610902108064454 0.026703709155382255 0.021076056112196206 0.024891387134244825
0 0.98974609375 0.516357421875 0.0205078125 0.02685546875
0 0.9951171875 0.3095703125 0.009765625 0.0244140625
0 0.9809587305853955 0.5602307661690544 0.027060444706879405 0.030398859351171925
0 0.859130688401476 0.16942188693070792 0.022711372945855235 0.03224970050097653
0 0.8948182296015192 0.04629627433797795 0.024176216695855013 0.0322837951177084
0 0.03825402735416705 0.9619352255279735 0.031001197580099893 0.052939350956879405
0 0.1838364948820097 0.71692317967359 0.03272702513522141 0.04321918544585507
0 0.13292819000488287 0.6054464948214415 0.03656508590175789 0.04038041692380645
0 0.1295678621290799 0.6497778047212461 0.04189072016278228 0.03855230551848965
0 0.32867582120206196 0.7964249622410597 0.017681225363172626 0.04677312440629344
0 0.1544069157234812 0.8992444722387591 0.039699341102148455 0.04923766865726997
0 0.07717892411777383 0.8940308536742192 0.032795214368685155 0.04614887294585501
0 0.640869140625 0.601806640625 0.05126953125 0.04443359375