0 0.024313394101045882 0.4664166521007096 0.0334263457908609 0.050930616951951446
0 0.07393981197874688 0.40960644907235344 0.04428168908733632 0.041105164584949616
0 0.17822265625 0.48876953125 0.0400390625 0.0419921875
0 0.22199909572313237 0.4806060370513303 0.021366572651293048 0.04020839876969262
0 0.2914094194552257 0.34896914803897083 0.029110868023379588 0.0388930025578651
0 0.2818080830244425 0.18556434614488448 0.05014106408733632 0.04158346117607925
0 0.268717482413656 0.08955234140966861 0.047535348569925695 0.05062165663051443
0 0.3470579451520017 0.08815698734065619 0.03973989972690406 0.050472209092341846
0 0.36856246211107 0.02077409425443502 0.025170515709422636 0.037597575663778804
0 0.4120489491227952 0.053050338290123955 0.0286458402327312 0.053461723959343566
0 0.4374395741227952 0.05512295685168511 0.01881201060481752 0.050711437974127804
0 0.3228841959962283 0.4416129461460967 0.04176122935481752 0.0525847662893848
0 0.47429938407049266 0.06494824804624455 0.039330671959422636 0.038753459092341735
0 0.2978515625 0.4970703125 0.0390625 0.025390625
0 0.7130905923315091 0.035075808625487814 0.04888083422107692 0.04732326202829684
0 0.6669255386222281 0.037636950195712546 0.02205946778503376 0.046107631818953276
0 0.5880068922967588 0.06430335511694261 0.037309342331509066 0.036640901895298617
0 0.6476206209133726 0.1680081245319337 0.031023688407049277 0.02395557405416915
0 0.6505286107041626 0.1955113067289769 0.032863657610573915 0.0348173357019515
0 0.5461557813030112 0.19039965293716735 0.04519004695942265 0.039231755683471314
0 0.6111003197514884 0.43281615540141927 0.03155227427337942 0.03909229280416904
0 0.573486328125 0.50439453125 0.03466796875 0.0107421875
0 0.6846959349958031 0.4768010841920165 0.03775267241294733 0.04933621439529867
0 0.6652018781118496 0.4065583962178888 0.03500434533733621 0.04034786164899473
0 0.7348106341235039 0.4200307392129213 0.04043744141287642 0.028619126990124144
0 0.8022042954781089 0.41189913306017145 0.02889540528503365 0.04666564450860444
0 0.8561089980072447 0.4357749104295978 0.030678018715249777 0.041942264205647506
0 0.8840727919608402 0.4697053843889414 0.027543717331509066 0.03584374091008269
0 0.9078606082048712 0.42587956545050254 0.02551153884899049 0.04736320066377875
0 0.9352958162921367 0.4446733206598461 0.03628162636057386 0.03509634204677714
0 0.927490234375 0.487060546875 0.03857421875 0.04541015625
0 0.9892578125 0.10400390625 0.021484375 0.0322265625
0 0.9231088856048176 0.0677999117583677 0.02265005597690406 0.04907717736821407
0 0.9390516552850336 0.06423241488397385 0.01860739672107692 0.04485206297412775
0 0.993408203125 0.263671875 0.01318359375 0.048828125
0 0.990478515625 0.310302734375 0.01904296875 0.04541015625
0 0.9498837865185445 0.34653869348249544 0.031801839325681924 0.032296213353429915
0 0.8046317413732205 0.34198521355277933 0.0576977967326604 0.03489697121425195
0 0.7395012166463164 0.28944038589887633 0.04458240761057389 0.03577392888421049
0 0.6880735784312793 0.3086130746279716 0.04148841084316335 0.04477226628938502
0 0.7108693367684736 0.3060918716932288 0.01763083422107692 0.04477234687560605
0 0.9471369944948816 0.22605279888027782 0.04769965783733632 0.041384170929775255
0 0.99609375 0.175048828125 0.0078125 0.04345703125
0 0.849319526029561 0.15769374622516252 0.04349889161647191 0.06051684043716732
0 0.8144949853664719 0.06672406677321102 0.03527716384899049 0.048160361648994676
0 0.78804254208158 0.06213032586312825 0.02072483098848754 0.03577400947043169
0 0.7589161786513638 0.0646216554074807 0.04172092473848754 0.03748790558864576
0 0.7566747397328729 0.09803405531265516 0.036786958767552225 0.03562448134603785
0 0.9674928816340242 0.11183476384331742 0.02648189904661713 0.03332261856156116
0 0.17576421954121524 0.6053572264417799 0.022104418953595495 0.03345217736821404
0 0.13612973825646502 0.6415599315538734 0.01762463191870345 0.030652048674866927
0 0.022724483605384593 0.6566472105268479 0.015228176837265295 0.017797303977823864
0 0.32658421426776496 0.5602156083604078 0.026635359459422636 0.03771714981156116
0 0.28666606561675545 0.6022378304232405 0.021360370348919577 0.026088100568953276
0 0.3034226442797028 0.649860148700325 0.026311387476833037 0.028439806061561212
0 0.34504590862855145 0.6566660516374924 0.022371035162876307 0.027144379167474808
0 0.3371171827281798 0.8897257360118862 0.023722723116401 0.03796628276599645
0 0.158649607978109 0.8542213123309579 0.018226068965178754 0.01998957727338846
0 0.005126953125 0.76025390625 0.01025390625 0.0322265625
0 0.18871843159436819 0.8508331363851269 0.021360370348919577 0.026088100568953276
0 0.3815802115417113 0.7687115409379655 0.022336932848919577 0.026167816667474808
0 0.39815542978026974 0.8250830636657892 0.020349705534962848 0.025031821970431745
0 0.357666015625 0.9912109375 0.02685546875 0.017578125
0 0.21719529530926363 0.787914505988557 0.025970364337265295 0.018674181061561157
0 0.520263671875 0.822265625 0.02099609375 0.052734375
0 0.5488483704500364 0.8238295094764931 0.02720424994208298 0.0679507292623005
0 0.5390734523455731 0.8785369787942341 0.040142925192012124 0.04807066089160261
0 0.588478205182555 0.8153791195158782 0.03412544322697497 0.07095014820195145
0 0.6074606859607693 0.5642330595737433 0.048172443680499555 0.08280836108125378
0 0.5468952247518428 0.6702999220713186 0.036590102936326696 0.08575801789899451
0 0.677490234375 0.97900390625 0.03564453125 0.0419921875
0 0.7331970179093172 0.8325481958470726 0.0492342619653916 0.08532948342977531
0 0.7129837009319879 0.6580524686685096 0.03708303073855834 0.05804556079677692
0 0.7088201278271703 0.6085367721722057 0.03306827149431468 0.040676710701951446
0 0.91455078125 0.52587890625 0.04296875 0.0322265625
0 0.9205218183909145 0.5639828789984327 0.042130152505968965 0.049206655588645676
0 0.8804068139086794 0.6561386376142222 0.04353299393042853 0.06149340293716721
0 0.841283867333281 0.7069897802263156 0.03757131198855834 0.058085418846037795
0 0.79248046875 0.971923828125 0.0546875 0.05615234375
0 0.9660048672174468 0.8486307978444706 0.03260324370366652 0.055245432103429915
0 0.99365234375 0.85595703125 0.0126953125 0.068359375
0 0.994384765625 0.5439453125 0.01123046875 0.0615234375
0 0.982666015625 0.531494140625 0.02783203125 0.04345703125