0 0.14722461342597637 0.3555899409023451 0.044529750190007045 0.05103446809021239
0 0.18662368272248564 0.38715171089043054 0.03374777081738545 0.04987040000992882
0 0.2245247628794671 0.3219911784739061 0.04187860579835734 0.05781926770468049
0 0.166015625 0.0078125 0.046875 0.015625
0 0.209716796875 0.0048828125 0.04736328125 0.009765625
0 0.2882898382124578 0.18406216518298477 0.048486570841170584 0.040368987418510194
0 0.3104738942248807 0.15289134334872967 0.03864136209592761 0.038245402800070605
0 0.3653330021146821 0.12017291929270182 0.0472604783268995 0.04620279347574424
0 0.455863140160918 0.27935149782412105 0.0321237595768995 0.045938581067162865
0 0.4131895059640325 0.33531139331894333 0.030369593940007045 0.05078730164347489
0 0.33906610335013765 0.2550042568026306 0.05706589519952088 0.04734981559418383
0 0.3342993432264554 0.30590482853553835 0.05202391520903493 0.043358335784964064
0 0.48722254605414217 0.425392677816178 0.04318428205787139 0.05393858664744644
0 0.052001953125 0.464599609375 0.05224609375 0.03076171875
0 0.8298533887584203 0.34057501522269984 0.04174845140195105 0.06659980722375858
0 0.7830364149465792 0.366800892353054 0.04195818954360042 0.05977239270468049
0 0.772922632817626 0.2145253262004299 0.054881474500787286 0.07756359222773002
0 0.7187151494767288 0.04738330534986207 0.040722979871560705 0.0534076904928365
0 0.6654783476936702 0.3957274454670955 0.0528214142822383 0.038980850496808106
0 0.9425734202462708 0.24088177278234635 0.043334332390588814 0.04564632837836835
0 0.9921875 0.189208984375 0.015625 0.07177734375
0 0.3192935879267637 0.7755665340939049 0.035302977091170584 0.04013886693361668
0 0.288317146172794 0.8547764240084434 0.03404787148282007 0.03328588347177286
0 0.45148185836413535 0.7219531830903599 0.03010182961019847 0.03224113712439691
0 0.40133893994685255 0.714521745894402 0.03644948586019847 0.03235193587638263
0 0.21630859375 0.48779296875 0.0283203125 0.015625
0 0.16954380869712599 0.5900584402922013 0.03285245368340184 0.027897743759928817
0 0.6778056071284062 0.8096084915302868 0.04637427835068453 0.036428645494822276
0 0.7503514368575301 0.7912402006419896 0.04254761209592761 0.03831358664744644
0 0.8269096427513012 0.6794738233089408 0.03819287271854899 0.039213442319148584