0 0.04703485841495181 0.45053010798363025 0.0357139452529297 0.0677092502684633
0 0.021312202580945627 0.5918439545886204 0.02978638101946618 0.06447248593672672
0 0.035732526123089636 0.6427828955373229 0.02356333010766054 0.048540409104990356
0 0.15354509409650552 0.6097858901525914 0.03162585729702694 0.05969203238063914
0 0.24145763232801587 0.6461441832045869 0.027356339641710026 0.06483281850683653
0 0.2740385471500212 0.524466021809926 0.03602038854702694 0.0599223400044413
0 0.16650424819704812 0.47206706418303046 0.03992663854702694 0.06012705789226569
0 0.13939916051417056 0.4632461831478012 0.02161020510766054 0.04843805016107794
0 0.11120345335236498 0.4803297980985499 0.03338537121239149 0.030523106060529326
0 0.13593777355763847 0.3605259162295378 0.025766482297026938 0.05938495554890233
0 0.12967089618281213 0.29452910200518656 0.028196115418294365 0.03805411896477073
0 0.14748850001291203 0.2414129572319329 0.02340422189624569 0.041704471604990134
0 0.093505859375 0.0205078125 0.02587890625 0.041015625
0 0.04939310256028634 0.055868833037322874 0.019907107297026938 0.0590778787171658
0 0.17573334097209192 0.03364168115498664 0.03650866979702694 0.0599479297404194
0 0.23908203208198764 0.18247963732599415 0.03140992472439241 0.050414688630638915
0 0.2990358924428599 0.309549655134826 0.03162585729702694 0.059692032380638915
0 0.6652598278410587 0.07522510741831073 0.06923528667575962 0.08312122731497051
0 0.2858872098225691 0.7121949277062841 0.05578989260766054 0.050229331679541245
0 0.26670622957968715 0.8029343184655158 0.04161877974190542 0.06996945210019989
0 0.21831970157124525 0.8703323393694083 0.03984667618483084 0.035738585128243905
0 0.21525322734782937 0.8973157567992986 0.04131151993483084 0.03581535433617811
0 0.16822075216236942 0.8227262928971033 0.07090388161317285 0.05004605099486081
0 0.0563256083196394 0.7900633031580323 0.05039606911317279 0.04897128208378276
0 0.07493507889841536 0.8915020070109763 0.06216068685863724 0.07250906476127783
0 0.904296875 0.697265625 0.0712890625 0.03515625
0 0.49462890625 0.69580078125 0.0546875 0.0322265625
0 0.9024897940037755 0.8841785680989461 0.06636201528049046 0.06443859113508021
0 0.5653021580569438 0.9554952439518427 0.06063861049092889 0.049020385289321844