0 0.00341796875 0.049072265625 0.0068359375 0.05908203125
0 0.010986328125 0.5419921875 0.02197265625 0.064453125
0 0.07096921995830296 0.39971452954345343 0.04629441873828111 0.06615374993862755
0 0.08033753522696604 0.4509556534213297 0.05508348123828111 0.0662048832084503
0 0.04865016340775344 0.2674528070121258 0.03967207660821748 0.0685553858676542
0 0.054052909490363565 0.16727276938296676 0.04080158679904511 0.03683983051535322
0 0.12470760491328031 0.13168756806389736 0.03198773383017928 0.06997477782225614
0 0.17529185965540967 0.2799063312985439 0.027092968926764938 0.047496795898982036
0 0.190673828125 0.306884765625 0.01806640625 0.08056640625
0 0.18115234375 0.382568359375 0.037109375 0.05517578125
0 0.140869140625 0.58642578125 0.05029296875 0.0068359375
0 0.40295797431686886 0.13634880306133162 0.033300515551388854 0.02361930718159233
0 0.4096093117934311 0.2682131479334554 0.03712730360512151 0.033890257854866546
0 0.5177565253891775 0.35405373731770506 0.0351741786051214 0.03387889490601714
0 0.5729630733097504 0.3317487148138565 0.01899383064328708 0.027440335065221033
0 0.6179511293595477 0.41600263429850326 0.02434057675543977 0.021615048911769463
0 0.87754034469291 0.36221970171660534 0.0331172440210068 0.03825922246995517
0 0.8727301322754331 0.4189171414608529 0.0350703690210068 0.03827058541880479
0 0.4322393542653058 0.4263651396636326 0.02591520629126154 0.028456667886194276
0 0.476100557110387 0.30788575533305834 0.03428305425309597 0.03484977593159233
0 0.4308263056081304 0.16452139722628784 0.0320919862453124 0.026540472469955223
0 0.4461234961421863 0.5459741607531459 0.03565648365341434 0.022656948367654195
0 0.5611033280223371 0.9516809288445223 0.0428585213831596 0.0324595029514152
0 0.613525390625 0.979736328125 0.03466796875 0.04052734375
0 0.630836575253674 0.8999796055382405 0.0368158748527776 0.047065329393229494
0 0.3640962316213537 0.7603463483758908 0.04007536254126154 0.028539049265353222
0 0.44153263589788744 0.6626784098765117 0.04343821698284134 0.04466369346420285
0 0.5919044466307288 0.7062597824627976 0.0526241463831596 0.03251631769566282
0 0.6790564521385123 0.7140577532262062 0.05032926879126154 0.028598704746813253
0 0.7698566218782978 0.8752328512338625 0.03444153531461236 0.05339594121995517
0 0.7550423986220188 0.962765868895632 0.03680989865107054 0.035840542117654195
0 0.3602134435971637 0.8443960603317755 0.03179250989638294 0.0621651185594686
0 0.38628624528790423 0.9693079974781917 0.04627007110043402 0.0602972156758399