0 0.13572808745426346 0.24242239375459196 0.028882797506562197 0.048504606508318115
0 0.3180153961947184 0.3138001702092347 0.0376718600065622 0.04855573977814087
0 0.26866353158818546 0.48442305619963366 0.04056745750616453 0.0456430967014152
0 0.164306640625 0.5419921875 0.04150390625 0.015625
0 0.12121963908838429 0.48210030981149476 0.0366952975065622 0.04855005830371617
0 0.4585153995265935 0.3253604900264002 0.024897004172300896 0.04164594311061898
0 0.5134685695069069 0.47070954679303634 0.04069245417428946 0.0563852842014152
0 0.29647386243835516 0.36055301850910226 0.034696719172698565 0.04463244535486666
0 0.3305299216263655 0.2035139446651194 0.041453113338437264 0.0378362781758399
0 0.5586925991108549 0.24965724744889028 0.01200283333664759 0.024482240193097082
0 0.6537604037038658 0.17891644723087974 0.019974420005170135 0.03819956698849514
0 0.8428044486990932 0.2151749032692834 0.0283376995892326 0.043618953271105654
0 0.8154784278773598 0.12956092176096534 0.020831667503778295 0.02795134221291995
0 0.87849203865972 0.5054412247462738 0.03403798792071 0.029981167117654195
0 0.6996958761587257 0.5117257336765426 0.028598714169914663 0.024090544008318115
0 0.5799714078413671 0.3933454495978722 0.024715190836846423 0.026020943110619088
0 0.653165539142075 0.020210837294817846 0.024772007504175964 0.030903755610619033
0 0.968017578125 0.545166015625 0.04638671875 0.00927734375
0 0.2127451624413379 0.8630821620621566 0.0601555241734939 0.050639538689910446
0 0.22199909534633844 0.9490793175436166 0.06014416084002816 0.049662976189910335
0 0.5716151782801729 0.8045713553248218 0.04054507292826651 0.08567931846420285
0 0.7182760270379283 0.7482918295013237 0.054551824176476804 0.0725781060933619