0 0.26181410030669106 0.505800414753711 0.05618898935703642 0.06898939633142498
0 0.36424042253069333 0.544403983927858 0.05526360632899241 0.06990908054287992
0 0.5357073884824888 0.40511744626841284 0.04622072273562905 0.05526545884024836
0 0.379150390625 0.019287109375 0.04345703125 0.03857421875
0 0.18384684390489203 0.14888998871067774 0.05032961435703642 0.06864812660015546
0 0.2352090273056916 0.3065435940147019 0.05660465393193648 0.049055182514242235
0 0.18269732940279848 0.463390360404486 0.05346401974486081 0.07272501146579025
0 0.43896484375 0.660888671875 0.048828125 0.01806640625
0 0.49427682609606016 0.1939900482133049 0.04419290479411209 0.04443795390743088
0 0.40475120879885507 0.2707109872693434 0.03385600053692661 0.07012260194489206
0 0.6998570390225085 0.4023010597055653 0.03273420468672672 0.030140417733437008
0 0.7223352611928181 0.43870427189612227 0.025102909104990134 0.023854455569350175
0 0.7892435991192664 0.6032887637277004 0.024636065058134093 0.04281210688653281
0 0.9873046875 0.456787109375 0.025390625 0.02783203125
0 0.6913162960050919 0.21129777352274792 0.04560864533857312 0.03429780423452078
0 0.610107421875 0.21337890625 0.02099609375 0.03125
0 0.990478515625 0.26171875 0.01904296875 0.046875
0 0.6287001303847314 0.04450420439271774 0.03620127664226569 0.040564958849071686
0 0.30518886073797696 0.8363730037208913 0.0185463824343316 0.03807630590526334
0 0.3128395172564403 0.8702114214896219 0.020708377854990134 0.023598503270898075
0 0.5804183167954131 0.9667844464095872 0.021736119826946343 0.024631944059442912
0 0.497802734375 0.984375 0.02587890625 0.03125
0 0.37841796875 0.686767578125 0.0244140625 0.03369140625
0 0.2841796875 0.678955078125 0.0224609375 0.01806640625
0 0.771484375 0.685302734375 0.0478515625 0.03076171875
0 0.7244689160721087 0.7329580548256883 0.03632922532215588 0.04300636509907174
0 0.616943359375 0.863037109375 0.03466796875 0.05712890625
0 0.674383416015323 0.8426454297727479 0.038510581679541245 0.056763557531889