0 0.25380669451097626 0.18571298319777285 0.04889658914226569 0.05325085593157386
0 0.2099609375 0.0234375 0.0302734375 0.046875
0 0.023681640625 0.5367838541666666 0.03955078125 0.025390625
0 0.40283203125 0.5364583333333334 0.05078125 0.026041666666666668
0 0.615234375 0.2613932291666667 0.0087890625 0.054036458333333336
0 0.689697265625 0.0302734375 0.05126953125 0.060546875
0 0.845947265625 0.018229166666666668 0.04052734375 0.036458333333333336
0 0.8905074853016938 0.21748228276038448 0.04141467944356325 0.07376215184299657
0 0.8497553881881696 0.41082772411469365 0.052798686609431655 0.07810409953146398
0 0.874755859375 0.5240885416666666 0.04833984375 0.05078125
0 0.11956464729006694 0.6918715380603708 0.039331529497255935 0.08278201828753258
0 0.26372450884889886 0.7701350129770169 0.043423136448353716 0.05043831210955337
0 0.37732389155169377 0.6708206696478071 0.041342062768463306 0.04710733026518218
0 0.28811157988547653 0.6086268163332504 0.039105374406287696 0.052220946709718184
0 0.542236328125 0.5791015625 0.04345703125 0.059244791666666664
0 0.17800143352983577 0.9788761767074362 0.03890480905129756 0.022310916798570446
0 0.40993362555239155 0.8086660028492366 0.046734593721607265 0.07266844566501736
0 0.5159826344142182 0.7401968817642333 0.040591655359431655 0.07763051508747765
0 0.629638671875 0.7972005208333334 0.02001953125 0.041015625
0 0.7229371152062842 0.8717981011381438 0.03034190164226569 0.05253100757671477
0 0.8931619145051866 0.8326916091000407 0.038000863226397286 0.04892785162086607
0 0.9008104947572327 0.7745405236113534 0.027107213576946343 0.03225399902125078
0 0.7868466269514939 0.8459169054071748 0.03486645783857312 0.043605858020976086
0 0.83949244968403 0.6228578347421575 0.035766251130638915 0.041690619776494874
0 0.9171720428403176 0.5691403611894428 0.024768166270858316 0.034763448799120265
0 0.990478515625 0.5983072916666666 0.01904296875 0.049479166666666664