0 0.35205000141203024 0.4425280377618601 0.09517679641551924 0.06108968277616311
0 0.16560333311996428 0.4320399165224724 0.09126431761626808 0.08857751869924346
0 0.6917430164510503 0.256748444727068 0.05953226516551946 0.05880547742478792
0 0.9690618512540452 0.3854740789786375 0.05081789560703642 0.06895314572374511
0 0.768428035248557 0.4942772261501025 0.04984340937345344 0.05964451148947969
0 0.600285711356989 0.34091625057678165 0.04403313757899252 0.0694916414440293
0 0.5251568393823363 0.04022381149640128 0.04752995180334374 0.06192946531815258
0 0.7249876667793923 0.07395513234242432 0.035037280924751 0.07426821599298644
0 0.17668446863642862 0.7724038079261276 0.04100731993433149 0.03961261374123304
0 0.02532418447465279 0.8464065184454609 0.0388494770465071 0.03558120180417146
0 0.07120808810973323 0.9140701968265519 0.034299331114221676 0.04161595321151723
0 0.5874749077756014 0.8188306200800586 0.040853781518463306 0.03668292624123304
0 0.613808200473955 0.8570162380433293 0.04491564620074873 0.03061688434962173
0 0.7047094347147234 0.8458090053352268 0.04501177634540965 0.06030816914682546
0 0.6714758929069382 0.750244157247833 0.054448887310529326 0.03609421605066454
0 0.6257884020940139 0.7234709419296803 0.03512443146477073 0.0295027934143135
0 0.6051975915868284 0.7484300576377368 0.047075565354990356 0.025402243020948845
0 0.450303847593665 0.7642960089228047 0.04756177033857312 0.034679586770948845
0 0.4269776861422184 0.8392038980539416 0.04000309143193648 0.04830780478843677
0 0.408447265625 0.924560546875 0.01708984375 0.05517578125
0 0.48033104187749864 0.947250834261952 0.04768556648562916 0.055613099552418
0 0.5120990653963109 0.9312808904577347 0.03956183712105843 0.06774518333564061
0 0.5451763179828377 0.9217211838720482 0.047037518020509594 0.08039028136535631
0 0.40576171875 0.744873046875 0.01171875 0.04541015625
0 0.9377759328354801 0.6222903064207296 0.03270446241791447 0.048326728774455596
0 0.843362675966468 0.5943411676760357 0.06642145840389246 0.050974053438769096
0 0.777449534288275 0.6830657662075508 0.052572531518463306 0.03743389786360296
0 0.6963602774476557 0.6029265571936155 0.06354710290868293 0.03327076650170746
0 0.5597397338587338 0.6146104531307692 0.05532309086661691 0.034203672019195386
0 0.5989364113378752 0.5918169383247984 0.0449391596703097 0.04035121886535631
0 0.5119801489705604 0.6597273770014316 0.03620335290868282 0.031518499382844345
0 0.5052147518792433 0.6884923137689196 0.039672501130638915 0.032714095272702304
0 0.8154296875 0.990478515625 0.060546875 0.01904296875
0 0.9587844315344842 0.9117282922319145 0.045913645903892686 0.04965985309962173
0 0.8805674539226576 0.8585384234207756 0.05136150886182689 0.05146889217654127
0 0.974609375 0.873779296875 0.05078125 0.05908203125
0 0.8540011027951115 0.7137634070344244 0.038256760586177885 0.04284283958564061
0 0.8963363381949117 0.676571778602577 0.03889858025204629 0.045803817569905925
0 0.9541049878443628 0.6924397965116302 0.039440117240419514 0.03756561728843677