0 0.020799691179384017 0.24770412244889028 0.012286993612196206 0.024482240193097082
0 0.11337870108177117 0.17696332223087974 0.020417710035026015 0.03819956698849514
0 0.30365009688333366 0.2132217782692834 0.028843504879709325 0.043618953271105654
0 0.27334093174064694 0.12760779676096534 0.021155610217903686 0.02795134221291995
0 0.3494633309962245 0.5034880997462738 0.034384663456879405 0.029981167117654195
0 0.17092286657988337 0.5097726086765426 0.02887719123995225 0.024090544008318115
0 0.04709018236909768 0.3913923245978722 0.025016400728927968 0.026020943110619088
0 0.10724371135249583 0.018257712294817846 0.02513004945136721 0.030903755610619033
0 0.44091796875 0.55419921875 0.046875 0.03125
0 0.7610413484867407 0.15794307937857882 0.04937404712419702 0.044714826734025714
0 0.6116816608090279 0.03355570196486464 0.044650342835612034 0.051522356861901875
0 0.5962851830233725 0.10621018241243133 0.062296657069075556 0.054554310901547554
0 0.7142369872591365 0.286559574182916 0.06401234452141935 0.10729152663875996
0 0.6486981418580734 0.5122218860371208 0.04654664347439241 0.0490923135607515
0 0.63525390625 0.5556640625 0.0556640625 0.0283203125
0 0.879900301219575 0.2723887060851254 0.055677876911176316 0.1267716433689371
0 0.8586517307412762 0.1355648488082673 0.04837516313619794 0.06472583577238855
0 0.8709598210720053 0.07705063945021394 0.06537408790824661 0.06091901157482185
0 0.931396484375 0.028564453125 0.06396484375 0.05712890625
0 0.987060546875 0.096923828125 0.02587890625 0.07666015625
0 0.947760030097331 0.2722952873076463 0.04783046578146699 0.08327484179796385
0 0.990478515625 0.4169921875 0.01904296875 0.06640625
0 0.97216796875 0.534912109375 0.0556640625 0.06982421875
0 0.17346893990957046 0.695739261682916 0.05627858211414938 0.0686775375677866
0 0.041015625 0.6171875 0.05859375 0.0947265625
0 0.519775390625 0.95703125 0.02001953125 0.0859375
0 0.5087890625 0.611083984375 0.0419921875 0.07666015625
0 0.2919921875 0.594482421875 0.0625 0.04931640625
0 0.97412109375 0.57568359375 0.025390625 0.01171875
0 0.607177734375 0.5732421875 0.03857421875 0.0068359375
0 0.578857421875 0.58740234375 0.02978515625 0.03515625
0 0.624336412897917 0.6191220420416311 0.04118650634014753 0.02855609368862755
0 0.694944399576259 0.632226420700214 0.034861988091124174 0.050488979617654195
0 0.7427850054605039 0.6530097847098149 0.03842729192380645 0.03586326801535333
0 0.9112306718382599 0.6535015577980862 0.037427999679318535 0.03488102404092852
0 0.9440729787218753 0.7850224990180413 0.03993759516278228 0.037824915226990496
0 0.9359317139397791 0.8128033969982185 0.032170554651757666 0.03973258843159222
0 0.9469815695033426 0.8680359929924661 0.03700790766278228 0.03780787080371617
0 0.98583984375 0.831298828125 0.0283203125 0.03173828125
0 0.989990234375 0.77099609375 0.02001953125 0.0576171875
0 0.6181637205529519 0.857335114348534 0.029513624085611978 0.051434294008318115
0 0.745913203123004 0.9342398995493282 0.046421629879709214 0.0437212198107515
0 0.8207444314547097 0.8980591200672472 0.04655800834663637 0.0495805948107515
0 0.6034008178175352 0.8103805737065873 0.025118684579123363 0.030415474360619088
0 0.9563006984339195 0.6811038148844127 0.02528915766278228 0.03773969311061909
0 0.5661323346061202 0.8033287401784465 0.02617480118483073 0.03383912458504379