0 0.2851769600146725 0.09513596843235772 0.0504126123642219 0.04236625653297277
0 0.2789212813764992 0.14296390758545358 0.03157020896921203 0.06366118911780227
0 0.2780325439554917 0.20960248653700153 0.04313749681976087 0.05216513647461363
0 0.184814453125 0.025146484375 0.03466796875 0.05029296875
0 0.057463596434633224 0.17144268575867017 0.02774072817714618 0.0648985197136227
0 0.26394775518598157 0.3309666362275585 0.04362162553692661 0.07069138483034121
0 0.29345703125 0.419189453125 0.0400390625 0.04150390625
0 0.39478776924925485 0.3103533318253932 0.03373012812345355 0.05843229108916448
0 0.44921875 0.41064453125 0.0478515625 0.05859375
0 0.563232421875 0.109619140625 0.03271484375 0.08349609375
0 0.5214684394076361 0.04318161952013208 0.038979501992814525 0.028557001608978838
0 0.5362012239927673 0.24070319681858415 0.044438420821807156 0.09556528943606868
0 0.10670043002181062 0.4142982778291042 0.036173610639870624 0.0493255822047991
0 0.60400390625 0.128173828125 0.048828125 0.05419921875
0 0.735595703125 0.02001953125 0.04052734375 0.0400390625
0 0.8784414295700624 0.046999558849695866 0.04195621643193648 0.04820200818606868
0 0.84130859375 0.02880859375 0.0234375 0.0576171875
0 0.8348688545891763 0.3302079552870014 0.04251919062345355 0.05894419568606857
0 0.923435194056691 0.3017777907274053 0.027024215569760868 0.051226644713622704
0 0.953369140625 0.412353515625 0.04833984375 0.05517578125
0 0.990478515625 0.038818359375 0.01904296875 0.06005859375
0 0.991943359375 0.209716796875 0.01611328125 0.06689453125
0 0.2723543733737551 0.7466969585049592 0.029546543560529215 0.034335874973529856
0 0.24760074096781637 0.6551989223397887 0.017008922009231764 0.018028335510990923
0 0.022227826421309105 0.6089706692630052 0.036461326534880434 0.02694996213761658
0 0.3143852827472086 0.8056127150467555 0.030883438630638915 0.03197978615634711
0 0.4122317694196118 0.5362748119794196 0.022456784967165744 0.01980600984798797
0 0.42744312846163035 0.8915444879695125 0.017522792995209757 0.01854505590526334
0 0.18065637932380596 0.8732764701119238 0.023200963576946343 0.02471726149226039
0 0.11060880893772623 0.6048692497705916 0.020426890759231653 0.018227409520898075
0 0.25848748727904336 0.5842747529179623 0.021324607784880434 0.02606834866517055
0 0.587158203125 0.63671875 0.01513671875 0.052734375
0 0.7771555895940139 0.710559330207591 0.03845940220758526 0.055786995031889
0 0.9223196796552409 0.6474559254606891 0.03480282076811436 0.08818900819489206
0 0.988525390625 0.729736328125 0.02294921875 0.05419921875
0 0.938711644546111 0.8952135932205962 0.04444672588747545 0.058569671013158464
0 0.992431640625 0.837158203125 0.01513671875 0.06982421875
0 0.9736328125 0.980224609375 0.052734375 0.03955078125