0 0.28698361120177995 0.24814039107882857 0.045717824313563415 0.05724530913957282
0 0.3884791467377826 0.3035368615611096 0.050078260946831654 0.055985143972058005
0 0.00927734375 0.193359375 0.0185546875 0.0400390625
0 0.08172119870694478 0.12376654337314885 0.02578880378502607 0.03924578280074953
0 0.3235210682811852 0.03282840932757919 0.037632567379709325 0.045162686104043503
0 0.5004258076073788 0.11483295078691558 0.048375163136197996 0.06663636321317579
0 0.5093642464725047 0.20484659313082743 0.02734497476946618 0.0641936106801908
0 0.6459852034436854 0.4252914777209913 0.043855210035026015 0.04008723919541124
0 0.6677252549144534 0.14125759421719764 0.029638637680295177 0.05795966475379366
0 0.94775390625 0.008544921875 0.029296875 0.01708984375
0 0.9289427257662546 0.04452696508280479 0.035191161129709325 0.04504897578044065
0 0.8239054326550349 0.04697510274772959 0.02255267299092889 0.04689908834770551
0 0.7794827955207901 0.02851407607258183 0.03674692385766054 0.04902345197460234
0 0.805533807880404 0.11870830865127335 0.03472560962419724 0.04600279621572012
0 0.7467708095662112 0.1771696451119048 0.034158182524978375 0.06353543708627885
0 0.7666661437345055 0.21290379833780215 0.027219552918294365 0.03784916524491133
0 0.724365234375 0.420654296875 0.02197265625 0.05810546875
0 0.7750947963746098 0.36502012769059633 0.02145109689624558 0.041482510468264344
0 0.8205617769858295 0.36534652192158235 0.02942270510766054 0.04868232100379366
0 0.8761665655856774 0.2341995054051127 0.023676570573611055 0.0323188770418672
0 0.896356978175825 0.2616101353162895 0.021575702234440053 0.02588025253298487
0 0.8854788204653867 0.27726992155486285 0.0256978848070748 0.03533953280074953
0 0.8994693201447053 0.3113238545574072 0.04052816026297745 0.043834294742367
0 0.9003902830529519 0.3718934716221278 0.019475242151757888 0.04041497970938224
0 0.871826171875 0.440185546875 0.03271484375 0.01904296875
0 0.991943359375 0.4326171875 0.01611328125 0.0341796875
0 0.9733783607986982 0.14755161626683488 0.025084998218880328 0.050919048671308476
0 0.45023675573352895 0.2056452579620177 0.025425536129709214 0.044594134486029
0 0.04323749067840743 0.7093882746600187 0.04336733704151485 0.061037848815969964
0 0.209716796875 0.4638671875 0.05517578125 0.0283203125
0 0.29862845637747415 0.5513388866081111 0.04955588508009989 0.05449755815733748
0 0.5326048693359593 0.5301622749963433 0.06640706651297745 0.0450396241725578
0 0.46373774939338136 0.7005430301397098 0.05764073375746537 0.04560682950758732
0 0.456787109375 0.753173828125 0.05419921875 0.03466796875
0 0.5674469854780169 0.7250413294836673 0.05400724069131946 0.05714364298982266
0 0.5883290222490889 0.6981617723859618 0.03545255319131946 0.05627944453044065
0 0.6262558515376739 0.6895519538377565 0.03714469438619794 0.06611329572460245
0 0.5081242506284507 0.6124450339912546 0.052769286129709214 0.0458676901103815
0 0.4715806697017145 0.5124744785216953 0.03448694730707469 0.03574888996572001
0 0.6788859014050349 0.5776071005243308 0.03793901067380645 0.03737292816876414
0 0.7015404499896704 0.6058805826119048 0.04445714000746537 0.044992793760131655
0 0.7832883946965498 0.6318905561182884 0.05840177194131946 0.05734832157230796
0 0.7968458044611331 0.584333294176671 0.04033536569131968 0.05650686517764647
0 0.7574520901401043 0.48791715984543516 0.0584809177905381 0.039792938637028485
0 0.6901942912347875 0.49642665852687523 0.05499475980707458 0.036704056683984465
0 0.982177734375 0.51611328125 0.03564453125 0.064453125
0 0.8733354876274741 0.5734385712655399 0.034055490418294365 0.03816755415099948
0 0.9050202105681644 0.7376696173264667 0.07595716719683177 0.05719047340224881
0 0.795771040675825 0.790172605203318 0.07345893658561198 0.05463535682864595
0 0.6543168132585073 0.7820966244075658 0.039914865418294365 0.03844045892764647
0 0.6272929127072921 0.8811173982908006 0.05368902426848954 0.04347176798982266
0 0.5529154627523659 0.8987570904430493 0.08200933676848965 0.04479080774361632
0 0.4951171875 0.98779296875 0.0673828125 0.0244140625
0 0.8038924335088546 0.9080865049913915 0.07039327887517377 0.06961288112560204
0 0.8601576094683164 0.8683163084190837 0.07007506245234385 0.05594100612560182
0 0.9654505790503041 0.5828349380980707 0.029389018747417506 0.06819082893907308
0 0.716552734375 0.464599609375 0.05712890625 0.02978515625