0 0.07910843866094852 0.3387038425017863 0.07926344951901398 0.050804900530798225
0 0.5554702265544063 0.09324612543580824 0.03821303828044065 0.03674048383582185
0 0.7307043207181274 0.04817117137157445 0.035635179642117265 0.033640076580100375
0 0.9275646274021119 0.08878109756614622 0.037600348815969964 0.044484695933533325
0 0.5708023446520205 0.306737729473221 0.034977006048205306 0.04040772617781174
0 0.5000202666177862 0.24898373868227763 0.04453795246572012 0.03669607395069763
0 0.7147904052916847 0.14823802981963474 0.04480015935149906 0.05277521124955342
0 0.228759765625 0.18408203125 0.01806640625 0.033203125
0 0.03400051592121711 0.5150425715995397 0.05918773624870499 0.05864819833273793
0 0.06527333035894956 0.692148743395758 0.04609376447460245 0.03875163080413058
0 0.03492904647182976 0.8294751647315799 0.04069992865988181 0.03788776609154343
0 0.613037109375 0.629150390625 0.073974609375 0.044677734375