0 0.27134047405375694 0.2040548085024841 0.04571695586893709 0.05299856356075139
0 0.3372672905659235 0.2891233684660251 0.04714202929796385 0.04617114827238855
0 0.3164814113696397 0.32537833266615745 0.033949913336326576 0.044629604617654195
0 0.2890527648037977 0.39487619218726316 0.05306390051663623 0.05694742461893709
0 0.23113226952313193 0.5109397369027489 0.03888101836893709 0.052958793239778146
0 0.04286876231406048 0.5486573552167278 0.02368180340026471 0.042128542886194165
0 0.09124739973344542 0.3032504125210649 0.01888421301663612 0.056748573014070436
0 0.36847281542211385 0.5330907084960699 0.034035135452697984 0.059278042117654195
0 0.3162065109610977 0.44598948289058227 0.02464984368862755 0.04066938061061909
0 0.25729143210556926 0.30716737436885555 0.029666170837609473 0.06364700673274282
0 0.8870101329483101 0.3422803622096109 0.04169139490601714 0.03246802516305236
0 0.9755680056426901 0.37252790752417 0.040354384330574256 0.0544321592014152
0 0.9148191127500815 0.25422497445129283 0.037912978080574256 0.05441795551535333
0 0.8828125 0.0146484375 0.0234375 0.029296875
0 0.982421875 0.031005859375 0.03515625 0.03564453125
0 0.765765172774995 0.14913152731385648 0.025160850836326576 0.04457847134783144
0 0.7577156786018023 0.5280974327953165 0.038770229617654195 0.033915824489778146
0 0.7080078125 0.57470703125 0.0400390625 0.009765625
0 0.9677734375 0.56591796875 0.0205078125 0.02734375
0 0.993896484375 0.333740234375 0.01220703125 0.03662109375
0 0.02161854075004077 0.7385434852575747 0.025643450611901875 0.04360474958504379
0 0.15296619700004088 0.7377793269474443 0.027502831283893414 0.027502831283893303
0 0.30210568464202825 0.9415084273220931 0.03827342615601714 0.032448140002565684
0 0.31399487887477107 0.9707371246289959 0.039653047789645735 0.017808224714202847
0 0.4393947717206579 0.8708831206782017 0.0421995613165036 0.03588883465026482
0 0.3430837289572084 0.7669477176718282 0.0417737762851762 0.04662818141305236
0 0.24708549283765024 0.8007104679026673 0.0364083640096009 0.04757349580371617
0 0.18449524034791298 0.9534235137402767 0.04368713096420285 0.039803606861901875
0 0.1513671875 0.98876953125 0.0419921875 0.0224609375
0 0.06120690268486062 0.9126354732677966 0.04179082070845053 0.04955786891305236
0 0.019775390625 0.8681640625 0.03955078125 0.0234375
0 0.08523965529734268 0.6790893174327528 0.040203825258318115 0.028553252951415198
0 0.19777127622380375 0.6335112321366929 0.03442115016305225 0.04170275785486666
0 0.47747721738238647 0.7021988304512112 0.02471233990730015 0.05141156811061903
0 0.539794921875 0.606689453125 0.02001953125 0.05419921875
0 0.6337184588377727 0.8542693077953165 0.057137754012166586 0.08577874426663623
0 0.6195519700122889 0.6854006952000508 0.03402093176663612 0.056836635867654195
0 0.6178314599131747 0.6414639049116879 0.03781071154092852 0.03683983051535322
0 0.90380859375 0.587890625 0.0380859375 0.0166015625
0 0.8173828125 0.599365234375 0.0380859375 0.03955078125
0 0.7796826533773775 0.68007440214439 0.03204508086893698 0.05291902291880479
0 0.736963888252067 0.7232931370190795 0.02922902285743234 0.07243322849553047
0 0.68505859375 0.980224609375 0.0478515625 0.03955078125
0 0.56982421875 0.983154296875 0.03125 0.03369140625
0 0.8949858571715337 0.8590971696366929 0.03601098635039701 0.06319565506650382
0 0.9648580429036147 0.7830045097281101 0.03276346183313983 0.09247264490601714
0 0.9212706632923746 0.8447836135772244 0.016425762343361683 0.05380468182800868
0 0.9531853958000716 0.958859618895632 0.03405786135039701 0.0631842921176542