0 0.25134200050026134 0.3941748464843715 0.06537413036056128 0.07591668717550526
0 0.11742300945422512 0.18207373806768423 0.06350644350853574 0.07714299699780074
0 0.053342403716696296 0.20373752738114118 0.059880855590306536 0.08869125659796569
0 0.016845703125 0.5377604166666666 0.03369140625 0.08723958333333333
0 0.06485619153457867 0.505731153557746 0.05320384198284134 0.06115807282037119
0 0.34733087812170216 0.26670633610331324 0.06342100536056128 0.0758409136644674
0 0.7755847438732937 0.31469594274982865 0.021953841982841338 0.05994569664376629
0 0.626708984375 0.0224609375 0.02490234375 0.044921875
0 0.5124190787284151 0.2594499268709281 0.02655001619936337 0.03349925222130586
0 0.47249799237103696 0.4948308829829555 0.02022670758721068 0.04104654493267349
0 0.5877084625642084 0.5593489004895948 0.0267208924953124 0.03610341888797267
0 0.6652230002939536 0.5493021774644952 0.02158774175309608 0.046943806688192424
0 0.7881169276031261 0.5116445400599868 0.026641430549044998 0.04973740713245375
0 0.7027040088943877 0.47047431539661905 0.02045867439328708 0.03715923831043296
0 0.829345703125 0.015950520833333332 0.02490234375 0.031901041666666664
0 0.7488574323452555 0.3117009319730588 0.02468232934733794 0.03472556204360148
0 0.7003205933373848 0.11139739970870144 0.02287573300543988 0.02946039857698975
0 0.7501343568562221 0.46382933799485954 0.026385116105121398 0.04583115713245375
0 0.5115100257712681 0.30314549204863256 0.0218137323574652 0.028120428488137488
0 0.3583984375 0.8362630208333334 0.04296875 0.080078125
0 0.1836541782806433 0.8922365166703233 0.05371647087068854 0.06897057282037118
0 0.390380859375 0.7858072916666666 0.02099609375 0.1171875
0 0.4217645519846942 0.9474870742607836 0.050811131008535765 0.07665046917605493
0 0.4510789127587971 0.8513722046821445 0.06487943007783548 0.11291240190894847
0 0.725341796875 0.7151692708333334 0.07080078125 0.030598958333333332
0 0.6353506345719048 0.9153060301195328 0.06129700406461214 0.07316097348676287