0 0.45849609375 0.020263671875 0.0224609375 0.02197265625
0 0.3944934619959636 0.056815537722602505 0.028032752465029898 0.05433841487340674
0 0.32962663186192787 0.023220390987294004 0.029364166494751487 0.03970418105946849
0 0.2939002398747509 0.0498798488696397 0.03126572251165016 0.0519168937838933
0 0.1256870609324447 0.06502159799300555 0.03404683441433404 0.017768454393229494
0 0.0648374800204368 0.02998433340539608 0.03312970215326047 0.03142896644437998
0 0.058666384583379055 0.08563703295654657 0.04033563706001991 0.03635154926535322
0 0.05836137213292168 0.17991508452751992 0.03733195007866805 0.035357942342078896
0 0.11569655431532719 0.22909830167906753 0.031820141987176975 0.02702875371995539
0 0.23244063406182824 0.20339868742397682 0.03349241493880717 0.04265659445716752
0 0.2536788502156849 0.3163649411439321 0.03364041390151096 0.04460971945716752
0 0.2974397406469176 0.28682124755698446 0.039070937890437474 0.058307161092078896
0 0.31691999829842854 0.24248139813499303 0.03593382118880717 0.042670798143229494
0 0.3106474947990052 0.1769863736791082 0.03599995941433409 0.017779817342078896
0 0.27717080237184816 0.16751017832424164 0.04179377282341956 0.07491724580371617
0 0.34613061111310073 0.10196434614906347 0.026804476401510957 0.044569949136194165
0 0.3758630451107746 0.15440645076671777 0.02553191597610338 0.04065801766176946
0 0.4413745933479516 0.12792027785432714 0.026242195670159063 0.043590545898982036
0 0.2933249081760626 0.366910735505834 0.03215313965326039 0.03142328496995517
0 0.025146484375 0.320556640625 0.05029296875 0.06396484375
0 0.00537109375 0.267578125 0.0107421875 0.03125
0 0.004150390625 0.05419921875 0.00830078125 0.0458984375
0 0.00439453125 0.393310546875 0.0087890625 0.04345703125
0 0.205078125 0.47998046875 0.044921875 0.01953125
0 0.4026652149738361 0.23907227714715962 0.04032835243880717 0.04269636477814087
0 0.21590693969119212 0.1314935104994197 0.04033563706001997 0.036351549265353444
0 0.8025788797873354 0.41674983740291194 0.03802037590908558 0.057324917117654195
0 0.763671875 0.476806640625 0.021484375 0.02587890625
0 0.9402971994201983 0.3721208838863166 0.02737404175407554 0.03920453686061909
0 0.8892423819930413 0.3625424219918043 0.03150957481934391 0.035812134745530466
0 0.8032466050233396 0.3112384763447263 0.05194338783799202 0.034954883208450416
0 0.6800977453263615 0.22161565274623307 0.023896642765149134 0.025518458174557113
0 0.17142293022731547 0.7770524562692426 0.06558612435314126 0.06041368590154761
0 0.048367617336878055 0.8344676258766341 0.05437022484556664 0.04765871792008758
0 0.004638671875 0.93701171875 0.00927734375 0.0556640625
0 0.33013561370634126 0.8292679530109653 0.07524017349650103 0.026793298081857042
0 0.441650390625 0.8212890625 0.05615234375 0.0595703125
0 0.4169921875 0.989013671875 0.046875 0.02197265625
0 0.3544921875 0.99365234375 0.0751953125 0.0126953125
0 0.14445415571683817 0.9073241242168093 0.07687544670745527 0.04193285756906939
0 0.242919921875 0.988037109375 0.07470703125 0.02392578125
0 0.482421875 0.960205078125 0.025390625 0.03173828125
0 0.569513439953419 0.9053549314451234 0.02870545578379724 0.024570303046680952
0 0.7541431826923455 0.8927511736369784 0.03654767090326061 0.031448851604866546
0 0.7655429276340748 0.9421556427405622 0.03080657974650114 0.026534790995530466
0 0.8891354192133001 0.6326794001191003 0.023186363071093563 0.022585929937344762
0 0.8855700281352086 0.6023718737725516 0.026486047977853033 0.027485786860619033
0 0.5491739620046718 0.5935758275960091 0.027802892765149134 0.025541184072256168
0 0.7234152155040952 0.6600480656529528 0.03031101387528823 0.032876765771105654
0 0.7265377629633001 0.6317334346273775 0.025479770358389775 0.020647008623406626