0 0.3281276981558915 0.3330078125 0.04172798507455111 0.0322265625
0 0.37923330965793767 0.37646484375 0.03249351573083881 0.0703125
0 0.39965952587819653 0.28173828125 0.035171458403892686 0.046875
0 0.1378695609305408 0.140625 0.03908186093672672 0.0283203125
0 0.21871470347090938 0.04345703125 0.041879447224002275 0.04443359375
0 0.36752774444491165 0.087890625 0.05149361007455111 0.0322265625
0 0.4543885512065384 0.09619140625 0.04933576718672672 0.0283203125
0 0.5395189100652722 0.2578125 0.032574437471607265 0.05322265625
0 0.5216385353053427 0.34521484375 0.03555945697639751 0.03564453125
0 0.13104052676876493 0.224609375 0.029617083969212032 0.06201171875
0 0.1527282179291451 0.349609375 0.04416316252529984 0.06005859375
0 0.989013671875 0.399658203125 0.02197265625 0.04052734375
0 0.8702692715389255 0.171875 0.06639586866791447 0.04638671875
0 0.8751237434975576 0.06884765625 0.05663024366791447 0.04638671875
0 0.16357421875 0.47607421875 0.048828125 0.044921875
0 0.10400390625 0.584228515625 0.048583984375 0.02197265625
0 0.116943359375 0.615966796875 0.033447265625 0.031982421875
0 0.041015625 0.66162109375 0.041015625 0.0419921875
0 0.05126953125 0.745849609375 0.03466796875 0.0341796875
0 0.059326171875 0.83837890625 0.046875 0.061279296875
0 0.11181640625 0.783935546875 0.039306640625 0.030517578125
0 0.176513671875 0.83837890625 0.036865234375 0.026123046875
0 0.21435546875 0.833984375 0.0517578125 0.044921875
0 0.185791015625 0.877685546875 0.045166015625 0.037353515625
0 0.2275390625 0.523193359375 0.025390625 0.030517578125
0 0.2802734375 0.6103515625 0.03369140625 0.0283203125
0 0.301513671875 0.6357421875 0.037353515625 0.02587890625
0 0.29443359375 0.70947265625 0.02734375 0.026123046875
0 0.26123046875 0.725830078125 0.042724609375 0.032958984375
0 0.320068359375 0.744140625 0.062255859375 0.023681640625
0 0.350830078125 0.766845703125 0.029296875 0.02294921875
0 0.394287109375 0.7861328125 0.033203125 0.03955078125
0 0.447021484375 0.712890625 0.04150390625 0.026611328125
0 0.4814453125 0.745361328125 0.056640625 0.033447265625
0 0.46826171875 0.634033203125 0.038330078125 0.035888671875
0 0.565673828125 0.6103515625 0.04736328125 0.05126953125
0 0.56884765625 0.542236328125 0.039306640625 0.0458984375
0 0.51171875 0.49267578125 0.06396484375 0.03662109375
0 0.616943359375 0.482421875 0.052490234375 0.041259765625
0 0.75341796875 0.545166015625 0.0322265625 0.052734375
0 0.67431640625 0.630126953125 0.05078125 0.05126953125
0 0.67041015625 0.66796875 0.026611328125 0.038330078125
0 0.630859375 0.695556640625 0.027587890625 0.038330078125
0 0.69482421875 0.690185546875 0.03076171875 0.03955078125
0 0.75 0.688720703125 0.0390625 0.02880859375
0 0.56982421875 0.686279296875 0.08056640625 0.05712890625
0 0.570556640625 0.75390625 0.077392578125 0.061279296875
0 0.69287109375 0.8251953125 0.0537109375 0.03955078125
0 0.577880859375 0.860107421875 0.06103515625 0.0419921875
0 0.6201171875 0.872314453125 0.034423828125 0.035888671875
0 0.520263671875 0.934814453125 0.059326171875 0.056640625
0 0.580322265625 0.930908203125 0.0400390625 0.03662109375
0 0.505126953125 0.8330078125 0.044189453125 0.054931640625
0 0.400146484375 0.914794921875 0.0625 0.0625
0 0.8363482848535945 0.58251953125 0.04118229555334374 0.05908203125
0 0.9543525274889764 0.9521484375 0.047482924864221676 0.03955078125
0 0.9448400490433669 0.8544921875 0.047943540111826666 0.04833984375
0 0.9058993215735043 0.5400390625 0.04886892313987046 0.04736328125
0 0.86572265625 0.42724609375 0.0576171875 0.0146484375