0 0.412353515625 0.3271484375 0.03466796875 0.037109375
0 0.34275274290626845 0.18788835786925798 0.0348970518004732 0.03365254094909281
0 0.390255245276907 0.2745168018847838 0.04017844479308108 0.038677428782288636
0 0.3495583234985511 0.32496752131938167 0.050960490342341735 0.03947827576531959
0 0.1865124052202542 0.27297258420719606 0.0345781068201656 0.05361524206581447
0 0.1455665116599053 0.2786008813750311 0.037637353126818374 0.049320163549051554
0 0.020263671875 0.062255859375 0.04052734375 0.03662109375
0 0.10525915274994085 0.0533521673756496 0.05951040454677703 0.03680432386507221
0 0.0909482595822293 0.4270450743102475 0.043436981346037795 0.03682375651552583
0 0.0185546875 0.36279296875 0.037109375 0.0458984375
0 0.2996546758582791 0.11941156530364971 0.04602783513421049 0.044693086648804115
0 0.26123046875 0.01904296875 0.05859375 0.0380859375
0 0.24674081875727372 0.15148331275521668 0.033671356346037795 0.036539605849134016
0 0.048109954837315116 0.15885602537750526 0.03944103058864579 0.04157870121564955
0 0.18948146725218795 0.4167598173574435 0.04970492149751626 0.036031891948680395
0 0.13009015333586615 0.5246340439427011 0.07672972651720866 0.05679021493129888
0 0.36131620627182126 0.5406173434195467 0.04840941401720866 0.05596617799876302
0 0.42431640625 0.523681640625 0.0107421875 0.06591796875
0 0.2955177310833824 0.5640331212881239 0.025141330873122314 0.05139217393274231
0 0.010009765625 0.618408203125 0.02001953125 0.03564453125
0 0.22916237141238904 0.2464476460225981 0.040308003599733855 0.034297105065608235
0 0.5706304779456534 0.21106325382659802 0.053890097256120706 0.06343247208195879
0 0.6480675035182435 0.3302256009580208 0.03130966619455944 0.037445130682536076
0 0.6961684407313423 0.25709560590649505 0.04553955388421049 0.04467887911548463
0 0.79108390588767 0.3874831966707837 0.05237541079798935 0.0687467356986804
0 0.6781210367644291 0.5313070056409692 0.050591783240124144 0.040928911981999994
0 0.53759765625 0.62255859375 0.0380859375 0.0341796875
0 0.4695948278653753 0.5905137935469897 0.04212158513421049 0.044579426382247433
0 0.9873046875 0.5771484375 0.025390625 0.0322265625
0 0.80712890625 0.6201171875 0.0322265625 0.0390625
0 0.5078125 0.039306640625 0.0380859375 0.07861328125
0 0.6260443598703428 0.525894757109093 0.0332627106083383 0.061370911932536076
0 0.057138246219101074 0.707403757010165 0.04622704479429329 0.07100344401552577
0 0.16628400199618565 0.7256803406237939 0.041713019982732025 0.045541781348927834
0 0.17484357851460663 0.8126370257237527 0.03477739706646954 0.05605664831581447
0 0.21140476431138372 0.8487735955228043 0.061214316006120595 0.06364558508175255
0 0.09596127557865164 0.8010864766426187 0.0585038880701656 0.05431141119847427
0 0.10880587444438194 0.8569920672090516 0.05967974081646954 0.056781232515113356
0 0.050919262327321 0.9653971976442681 0.04412447225612065 0.06314832141556703
0 0.01611328125 0.9892578125 0.0322265625 0.021484375
0 0.36089878466856884 0.7824908098684332 0.029356460608338297 0.061257251665979395
0 0.3061215839111767 0.7857681711033198 0.03392040871425195 0.057493076999175274
0 0.608642578125 0.676513671875 0.07568359375 0.07373046875
0 0.7293910515317562 0.8346523045737115 0.06518031278690128 0.07642614278167015
0 0.99755859375 0.781982421875 0.0048828125 0.03466796875
0 0.9481012740687167 0.8166600471341652 0.049864273108338075 0.061853968065402
0 0.8933541078741571 0.7785329548522889 0.05509590397903619 0.048366790998556786