0 0.14418938488292599 0.1427874722879014 0.022137419008318115 0.02985679030149313
0 0.11085591152168595 0.08361996741685757 0.018208443110619088 0.02567738869233882
0 0.07625043899035833 0.07530200044810231 0.029864696891946707 0.01575465601980186
0 0.05770711443920784 0.0746463455915854 0.01531852593159233 0.03230846248547303
0 0.06282570812783539 0.03377756233014251 0.023145229617654306 0.03529617195378176
0 0.08290489485929542 0.022123754083226504 0.01431355605946849 0.027357362083184456
0 0.052001953125 0.009765625 0.03173828125 0.01953125
0 0.10067837962589077 0.1551036276897434 0.03344458766305225 0.043825694927811853
0 0.12332932096859078 0.20476839323596163 0.026503542886194276 0.025281273361791756
0 0.09596852654531651 0.20961014200004202 0.020638486411769463 0.023894983448060292
0 0.07780269449288318 0.22796331194238084 0.006484011636194276 0.02388137136487578
0 0.06762548814761746 0.215496741166411 0.0207066641048666 0.03561373344806029
0 0.04315177016615748 0.2274578449736256 0.02547016564194665 0.015447360459503234
0 0.03519439256832607 0.25290649194193426 0.028445304937344762 0.02346472416636891
0 0.02440675327292796 0.26147015886710867 0.02304012234079622 0.017229765703781652
0 0.009765625 0.309326171875 0.01953125 0.01806640625
0 0.02886345519107089 0.3343709068556658 0.029387778590796165 0.017673637068657544
0 0.06691530384452232 0.337567053666411 0.02645809109079622 0.017468773361791756
0 0.050197271118814724 0.3587474792553169 0.020133160738495248 0.020931151996915975
0 0.01796218640717759 0.36246582378084025 0.022148781957167574 0.03180991530149324
0 0.04507583669297477 0.40010454376675986 0.016300769906017143 0.033353312887761666
0 0.05645369822748908 0.4578788389392968 0.018651272565220922 0.017899032643483137
0 0.05672892418656056 0.4944657887381525 0.020209860643229494 0.034114745746915975
0 0.0146484375 0.525634765625 0.029296875 0.02587890625
0 0.016462602709570118 0.5363280927319845 0.021155175033893303 0.028811939899204386
0 0.01107479008682527 0.455683132645716 0.020144523687344762 0.022884276996915975
0 0.16444591030611866 0.520123100535264 0.02553834333504379 0.027166110459503123
0 0.1908415051782425 0.5133965146734722 0.016772006732742817 0.030457769338906093
0 0.22056700594678247 0.5215676399036704 0.017742887758318115 0.029549494741194504
0 0.24332305456634062 0.5531659991998886 0.017248925033893303 0.0285387882900503
0 0.28880991072107487 0.5368070179934694 0.015812488656017143 0.03331916893661724
0 0.29106983534001196 0.48393606718889226 0.02017293105946849 0.027767089496915975
0 0.34620300553182626 0.4874020194595873 0.02749146833504379 0.02730268626408039
0 0.36903007258169396 0.5067933475058055 0.03286256208504379 0.027678269726667537
0 0.35080458504780054 0.5354004236981443 0.026032306059468713 0.02817681691064755
0 0.14729422143850524 0.3641598642276027 0.03042683730946849 0.028484112470946066
0 0.15643269461562803 0.30348667935700546 0.02364487381650382 0.03728344090492608
0 0.13570078942637942 0.25954471300621007 0.026063554168804792 0.03354791066064755
0 0.09227500628571561 0.25721243090805207 0.022137419008318115 0.02985679030149313
0 0.1754731481789451 0.21869311546352244 0.02111540471292006 0.02197600239920461
0 0.1626389651060679 0.15955640839441831 0.018727972469955168 0.031082626393483137
0 0.1703125945331907 0.0989856553772539 0.01775425070716763 0.031502619741194504
0 0.19272239876336783 0.10620409612461645 0.01137818708504379 0.026175935876318723
0 0.21117481972372215 0.12248475098113337 0.026540472469955168 0.031628929611791756
0 0.2404660132492974 0.12141267641247583 0.017226199136194276 0.024632538290050188
0 0.23255124670965166 0.1395371046307845 0.01821980605946849 0.02763051369233882
0 0.23613146303128685 0.02751583467391877 0.02212037458504379 0.02692710280149313
0 0.2586406930638973 0.017644431671281324 0.02453337346291995 0.0222150100572146
0 0.304931640625 0.01220703125 0.01611328125 0.0244140625
0 0.28970036367066776 0.048174062548046626 0.02407918105946849 0.028040241106070285
0 0.3296087522588983 0.06783519605421467 0.017263128719955168 0.030980194540050188
0 0.33997628799739354 0.04758692308018453 0.02066121230946849 0.027801233448060292
0 0.35693359375 0.00927734375 0.0205078125 0.0185546875
0 0.348388671875 0.003662109375 0.02197265625 0.00732421875
0 0.42529296875 0.009033203125 0.029296875 0.01806640625
0 0.38617835882858875 0.07608152897147677 0.022637063207167518 0.03184405925263745
0 0.4289738238586336 0.10286201752077906 0.020649849360619088 0.025848108448060292
0 0.42536836645261644 0.1353275876787891 0.023074211187344762 0.023089140703781763
0 0.35368192629341266 0.12472174849700002 0.024050773687344762 0.023157428606070285
0 0.3289724271233251 0.17721019605421462 0.017254606508318115 0.0295153507900503
0 0.3484241364813785 0.18951631300844296 0.026055031957167518 0.03208306691064755
0 0.33812729362266325 0.2815077857813288 0.01333699355946849 0.027289074180895878
0 0.3154248934596109 0.3245823137839663 0.028019519906017143 0.034172767715224595
0 0.3055772126309813 0.2554751180079964 0.02065553083504379 0.026824670948060292
0 0.2609337298777946 0.21076479901327128 0.023091255610619088 0.026018828203781763
0 0.24444863760350222 0.1919061621021772 0.020695301156017143 0.03366060844806029
0 0.3898822653854508 0.27837680821003385 0.029981167117654195 0.03577418726980186
0 0.4141773424730604 0.21322719210396357 0.024050773687344762 0.023157428606070285
0 0.455201164134168 0.29284448750669867 0.024666888111901875 0.0451642288072146
0 0.5091172858145183 0.0860319407831151 0.018296505964202847 0.04081410744233882
0 0.5037973253343412 0.07761846174570233 0.027991112533893414 0.02928995521522465
0 0.4916755162007126 0.06382362302430966 0.022103330161769463 0.02399741530149313
0 0.536865234375 0.00634765625 0.03173828125 0.0126953125
0 0.6106706125018223 0.2482953047928138 0.03014024840154761 0.06311793726980186
0 0.5619475947786803 0.233643293657243 0.030432518783893414 0.029460674970946066
0 0.619919223329169 0.3364796132699279 0.029038693464202847 0.04156527436751323
0 0.6244043326194357 0.404497548758485 0.018202761636194165 0.02470082619233871
0 0.5887623165561187 0.490452006990874 0.03145737381650382 0.0378297441232347
0 0.7380075625760231 0.2569020166849151 0.06884230032610472 0.08778796566020097
0 0.693115234375 0.42333984375 0.06689453125 0.0498046875
0 0.7178933103464262 0.5262658930783981 0.060774133976990496 0.04329634994189213
0 0.9853515625 0.557373046875 0.029296875 0.02490234375
0 0.8979501061840357 0.45022435655729864 0.05659265801791902 0.07961014813159362
0 0.8390243154807167 0.42750030589575805 0.059820297374689524 0.04713431203960372
0 0.9516780881073099 0.44353883443142655 0.031991106861901875 0.045676388074379015
0 0.8599528826386784 0.2698504038988421 0.051071005195662766 0.05335565841900647
0 0.7745724926828343 0.09620638325138178 0.04818676949106093 0.060963294712140625
0 0.8444620483887192 0.08009332948774799 0.04717327740729993 0.05454735055985205
0 0.8824059490281002 0.1018441637984932 0.03590587907353893 0.047414383433533325
0 0.8766854446009773 0.1622783410110804 0.04275317952238855 0.04984552374955342
0 0.9342941098893401 0.15971419852605395 0.05107952740729993 0.05482050216900636
0 0.903564453125 0.032470703125 0.06103515625 0.06494140625
0 0.731958834834382 0.03817589470207948 0.04228194269566288 0.05274106729840913
0 0.7837507361809306 0.028697260880784517 0.043741104971238065 0.051866936651842
0 0.677490234375 0.0322265625 0.03564453125 0.04296875
0 0.72412109375 0.0107421875 0.0537109375 0.021484375
0 0.964599609375 0.207275390625 0.07080078125 0.05322265625
0 0.8037109375 0.557373046875 0.0458984375 0.02490234375
0 0.9912109375 0.5048828125 0.017578125 0.0380859375
0 0.1943359375 0.60107421875 0.06640625 0.0625
0 0.31564614541164715 0.6828950501765562 0.055031229202697984 0.06290615377816078
0 0.19492956235983483 0.7943218059080521 0.07203585083632669 0.04945275456821108
0 0.09321398810089573 0.7438407041972092 0.04583342609464469 0.0759292937064191
0 0.2265625 0.982421875 0.03125 0.03515625
0 0.621826171875 0.850341796875 0.07568359375 0.10009765625
0 0.572509765625 0.59228515625 0.07763671875 0.044921875
0 0.977783203125 0.59521484375 0.04443359375 0.05078125
0 0.911865234375 0.583251953125 0.04931640625 0.02685546875
0 0.8683903448254021 0.6315567760515353 0.038003881671370365 0.07245330298811048
0 0.8982121051086336 0.7070765698305891 0.03889522205499896 0.05787315339039911
0 0.9114351436290775 0.7832689766985489 0.02864983801663612 0.05862097416636891
0 0.8693208044289451 0.807201450246958 0.042245013111901875 0.04639341104840922
0 0.8838950572108937 0.902822675261485 0.02913811926663612 0.05865511811751323
0 0.990966796875 0.925048828125 0.01806640625 0.06591796875
0 0.9655431332377519 0.8790542291703882 0.029098348945662877 0.05181918061751323