0 0.526 0.2925 0.0535 0.09366666666666666
0 0.511125 0.4235 0.07425 0.10433333333333333
0 0.54975 0.5628333333333333 0.0435 0.10033333333333333
0 0.508125 0.784 0.06425 0.08066666666666666
0 0.64325 0.5575 0.043 0.09233333333333334
0 0.588875 0.4425 0.05425 0.087
0 0.63275 0.31166666666666665 0.03 0.14266666666666666
0 0.70575 0.3546666666666667 0.0835 0.09666666666666666
0 0.709625 0.5125 0.04575 0.095
0 0.7715 0.5978333333333333 0.077 0.091
0 0.791 0.7773333333333333 0.043 0.086
0 0.90925 0.5091666666666667 0.0305 0.107
0 0.966875 0.31966666666666665 0.04825 0.10333333333333333
0 0.6865 0.039 0.063 0.07
0 0.5785 0.0245 0.0475 0.035666666666666666
0 0.38675 0.068 0.047 0.09933333333333333
0 0.33275 0.4166666666666667 0.0365 0.078
0 0.27475 0.5706666666666667 0.0545 0.07133333333333333
0 0.182 0.43183333333333335 0.0645 0.10033333333333333
0 0.024375 0.5205 0.04375 0.06633333333333333
0 0.030625 0.8031666666666667 0.04675 0.09766666666666667
