0 0.39013671875 0.301025390625 0.01953125 0.03759765625
0 0.3306070145866906 0.16614999871779473 0.034131985166254264 0.034027975546509326
0 0.37611120858436986 0.24994785475400272 0.039299189108978894 0.0391097474096167
0 0.3342038828772498 0.3035360933945914 0.05006981575325131 0.04003573925845316
0 0.17226559838282185 0.2626588873818951 0.03334486508142498 0.0539679230512663
0 0.13115984015263626 0.2711859794683086 0.03650688153297277 0.049712663355441666
0 0.01513671875 0.0625 0.0302734375 0.037109375
0 0.09610517753730796 0.047471921602292244 0.05868824338761658 0.037464178612046706
0 0.07302456533855173 0.424302347742881 0.042603401281889 0.03729589396379196
0 0.010009765625 0.364990234375 0.02001953125 0.04638671875
0 0.2890847564270921 0.10029917331372226 0.04501155259024836 0.04518797770903504
0 0.2529296875 0.0107421875 0.0576171875 0.021484375
0 0.2353829948818913 0.13625871630314745 0.032837776281889 0.036897975237577096
0 0.03644382052724754 0.15757974800424313 0.03849326147461363 0.04199964303699533
0 0.17186608344319548 0.4070599829854885 0.04889417924334416 0.03657797863583179
0 0.2155664421592921 0.23299642999130632 0.039531518060526794 0.03473511209592761
0 0.8318386181052679 0.2235707410423322 0.021924953916254264 0.033530577138740636
0 0.873503527626166 0.2414506283285402 0.026755703925077867 0.024472088688158866
0 0.9063268565159501 0.30080374714989533 0.023598503270898075 0.020446463070294296
0 0.8995902282009351 0.3279974468171781 0.027447874982353238 0.019629068060780352
0 0.8810915077096053 0.4305547436327155 0.026262606877709427 0.03273307806553749
0 0.9113413218627011 0.4205122371451384 0.022361172675077867 0.02429302526136201
0 0.7442778086820514 0.4513021164223462 0.023076967079257216 0.02821917119767292
0 0.9393531639331352 0.45607884627066875 0.01931772859798775 0.022220524643497663
0 0.9453788136413388 0.416678115353386 0.015435101944892171 0.03083052371670092
0 0.7165459978969109 0.3785266526152621 0.016966455578173445 0.01530500339825469
0 0.036865234375 0.599365234375 0.07373046875 0.10302734375
0 0.6993091426281803 0.8502941884514021 0.030647506532972768 0.049473912119712526
0 0.6684520192106891 0.9171364874294652 0.028694381532972768 0.049394328374469554
0 0.9626161245500068 0.8248820494072878 0.025513557531888997 0.036599536192915894
0 0.9553444239311208 0.7840653837703953 0.026319485166254264 0.03370964056553738
0 0.99560546875 0.748779296875 0.0087890625 0.03173828125
0 0.8993032991605291 0.5445654967931195 0.02052180425216754 0.02616656651611915
0 0.6230069817012415 0.5822534720539347 0.03602341608034121 0.041411882105441555
0 0.805816604854031 0.788200415281484 0.002986565788544837 0.00109593811786457
0 0.8265138597692014 0.807424109079054 0.02568900819489217 0.03124833837922658
0 0.7790985160280249 0.8000567752148858 0.025086970367802275 0.029275317442915894
0 0.5705941576031004 0.673956661288603 0.020408047675077756 0.02421344151611915