0 0.3431206593643872 0.11716119713494555 0.07294827653651959 0.08194290341301813
0 0.29541015625 0.973388671875 0.0732421875 0.05322265625
0 0.8271606846649873 0.7340108268920484 0.021173505804130688 0.0450644865582005
0 0.6446227334603543 0.51283024879846 0.02443102073238901 0.03592355206402764
0 0.558691470786031 0.6910265400888246 0.026121260057214712 0.025266620348919577
0 0.5478515625 0.8671875 0.0166015625 0.03125
0 0.668953531056684 0.9165024332926327 0.026257835861791756 0.027219745348919577
0 0.7449308082837981 0.9094138399382403 0.020978908031244803 0.035315912715178754
0 0.8628286389594191 0.8818701433049249 0.02599829633582207 0.03743954928496285
0 0.7729576647930502 0.8504806225488142 0.01997846751408039 0.02797464280820039
0 0.8447265625 0.505859375 0.0244140625 0.0322265625
0 0.8134765625 0.494384765625 0.0185546875 0.00927734375
0 0.8002027840615543 0.7316081695082369 0.024236422959503123 0.026174978221006118
0 0.7282995854136894 0.5810222237289595 0.022498427600348814 0.022217574750070912
0 0.8193887934281744 0.8457698773687399 0.02579343262895617 0.03450986178496285
0 0.5629322405126986 0.7238095884667382 0.02145357719806018 0.02120690993611407