0 0.11376953125 0.015299479166666666 0.0400390625 0.030598958333333332
0 0.271484375 0.026692708333333332 0.0537109375 0.053385416666666664
0 0.18294212545109567 0.1188986293246203 0.053924807937097974 0.10839156616416323
0 0.11725212915828265 0.1351085363919967 0.03810251019476407 0.06838578586039823
0 0.05445948402984324 0.19835287565641613 0.04229808208165653 0.06235366578486105
0 0.03465714645848811 0.23513018083213075 0.03395750895903504 0.06014813333494976
0 0.11735241789373807 0.31356041000283835 0.03488350080787139 0.07452419406729745
0 0.3268010459119788 0.2241010143064456 0.046294694605441666 0.0498111290426572
0 0.31196110458586657 0.2640139268056374 0.04680287179175213 0.05051531477500489
0 0.29892423792703715 0.3151539798352057 0.04002662210068464 0.05172442285547015
0 0.26357814572169835 0.3210400880404886 0.040386410575051324 0.03164841932016552
0 0.42041015625 0.2906901041666667 0.0390625 0.051432291666666664
0 0.3405873116675231 0.3248795587514288 0.03591063395903493 0.060360709597673846
0 0.8227331577468177 0.25115241822105233 0.030807304538843505 0.08446256414283464
0 0.5980931080319649 0.24162696227541866 0.05511277019952088 0.06764166149256849
0 0.7354676148763177 0.1027950103886061 0.05308006145427813 0.06482491856317758
0 0.5889492419199182 0.16536211202255058 0.04107198956738545 0.07000673358781784
0 0.012939453125 0.9228515625 0.02587890625 0.054036458333333336
0 0.08130417400130119 0.7848617549487087 0.03819287271854899 0.055418096592745915
0 0.5863021863107474 0.8098143443379459 0.02928443460068464 0.0505552534104868
0 0.5581161605026024 0.9066735408010249 0.03285245368340184 0.03991269760260193
0 0.8390362376891867 0.7672430466234573 0.031646257105441666 0.04821680707222553
0 0.5111052557029437 0.45123682766804646 0.023904223692915894 0.033747771087009625
0 0.6647397273754974 0.7489216568419869 0.025985841468548987 0.0540894949507195
0 0.7047481151606445 0.7682002844954857 0.03150698555126619 0.043659515405558715
0 0.7829585363350793 0.47693182225239483 0.015523858697672921 0.030240155303765004
0 0.8873089380932591 0.7225335329895918 0.02145203866437395 0.0490539066929232