0 0.3477258205076329 0.3245954721914594 0.07561146554175235 0.05191445481112359
0 0.40359216561228717 0.262380769333701 0.08593583837922658 0.03916043401624236
0 0.3616936638776189 0.18893722496769896 0.06456006021854899 0.05681425496031759
0 0.1623837422999321 0.04278162528454469 0.09056745924418219 0.07916602020271964
0 0.446044921875 0.004557291666666667 0.05126953125 0.009114583333333334
0 0.435302734375 0.5208333333333334 0.08935546875 0.0859375
0 0.3390569426793992 0.5054928709163886 0.044829850855441555 0.04863501246616231
0 0.2162604502605418 0.29992759292327964 0.07240157331262842 0.07436714797895923
0 0.023681640625 0.37109375 0.04736328125 0.1015625
0 0.49658203125 0.3694661458333333 0.033203125 0.087890625
0 0.8103180064629717 0.2317733060938821 0.041867827019815396 0.09513452665497724
0 0.89892578125 0.037434895833333336 0.044921875 0.07486979166666667
0 0.7131492286590699 0.06383553748307887 0.04798751081262864 0.07228111569459846
0 0.5576568923466819 0.45440608164144053 0.04701260993340184 0.04038007402793179
0 0.16301789807423106 0.6488559428371464 0.037017350855441555 0.04796748213516692
0 0.08274826924811884 0.6974899573335785 0.025886361786995327 0.050263115617694254
0 0.24898522022221226 0.8347220902777762 0.0362198517822383 0.05374341584379246
0 0.11811340482289678 0.8935544269256788 0.03891078804650938 0.046181239717915844
0 0.28544049999863275 0.9543226403500661 0.032324380560780464 0.037826371323981846
0 0.4365234375 0.9801432291666666 0.0390625 0.039713541666666664
0 0.4422741286347379 0.8319143102313254 0.02894454206262842 0.07065401051279707
0 0.5734858365721095 0.9634866896763858 0.03542235270903493 0.059519349552418
0 0.5566579632356959 0.9094414880260229 0.02965334023282007 0.04603958911652528
0 0.6887218731928828 0.9216561343361614 0.03334073493340206 0.039211895948689644
0 0.7157008933691658 0.6510741228466818 0.023294905204278127 0.06108050007690421
0 0.5179569133308362 0.860528923764918 0.022099487404859786 0.05383560045219641
0 0.5354281031122872 0.8074695269164499 0.01943010869767292 0.03023121786944749
0 0.99365234375 0.625 0.0126953125 0.05078125