0 0.111083984375 0.012451171875 0.05712890625 0.02490234375
0 0.3840708850602529 0.11032259324436999 0.04813030625894843 0.0661935202596009
0 0.17846005174349078 0.23118843316632065 0.04753407334102233 0.05691333577238855
0 0.018310546875 0.0869140625 0.03662109375 0.0673828125
0 0.26708984375 0.598388671875 0.0615234375 0.04248046875
0 0.44189453125 0.551025390625 0.0361328125 0.06494140625
0 0.4521484375 0.283447265625 0.015625 0.07958984375
0 0.048920875959738486 0.5956444461701283 0.04889096542309623 0.0476445142340256
0 0.6886731600592586 0.37216065420728994 0.014478329587045202 0.027426131379159058
0 0.6969167825528952 0.3253367874771128 0.030512067502784124 0.02068393820716763
0 0.4838166200618438 0.3900105133280901 0.02089416583784076 0.03332243596292006
0 0.007080078125 0.82080078125 0.01416015625 0.0673828125
0 0.04246116297340646 0.8863447493395541 0.028337699589232712 0.043618953271105765
0 0.4123454021373555 0.8684784968965386 0.031999980008749596 0.06463493218159244
0 0.2589562254584924 0.7777484368862758 0.03084160417329518 0.04900425070716752
0 0.4658203125 0.652099609375 0.01171875 0.05517578125
0 0.555908203125 0.64599609375 0.03466796875 0.052734375
0 0.623050980068406 0.7216298564322949 0.04020985459102233 0.05687072471420285
0 0.7172775558959061 0.6792122094514967 0.03442434125855076 0.0631842921176542
0 0.8681640625 0.6298828125 0.0302734375 0.0205078125
0 0.8241667225791441 0.8018961211893709 0.040300761258749596 0.06468322471420285
0 0.7919120938345132 0.8412565730461414 0.05345594667508502 0.06231851836893698
0 0.46826171875 0.849853515625 0.0166015625 0.05908203125
0 0.78173828125 0.986328125 0.0341796875 0.02734375