0 0.25307584677945844 0.07157277126264655 0.03780921225527489 0.046132507145465906
0 0.3005210280149315 0.08832934992559383 0.040636467901842055 0.04476997033733621
0 0.303150112253042 0.12592700617559383 0.0446656816232347 0.03273345065712019
0 0.13997870113199815 0.1538380702099188 0.049807806162838364 0.09233786547107692
0 0.11010518008448217 0.026151745459847886 0.05447906265756347 0.0476888089827312
0 0.26835180502414147 0.30396054394868977 0.04237780941020097 0.0696723140873362
0 0.26451696158926846 0.39539934465214355 0.03690428380676802 0.06801990761057386
0 0.32958984375 0.499267578125 0.068359375 0.04052734375
0 0.18586930890175796 0.4618195343088384 0.04378463119189224 0.06192801871524978
0 0.09662075558622646 0.13284042070977703 0.030385907801046552 0.06535683631985478
0 0.34085354650567945 0.14964972929199483 0.04634208137850959 0.07760417218618487
0 0.3185151177543397 0.27599986149537775 0.048073384439254685 0.03967169509899049
0 0.4032611530998602 0.21320225447242358 0.035811677370150674 0.05239490761057386
0 0.4363000231561817 0.3234639146353 0.038311105588459404 0.06027561223848754
0 0.4124523407697177 0.4560934984607693 0.046007561651842055 0.044957533064098554
0 0.451904296875 0.015380859375 0.05712890625 0.03076171875
0 0.7932749081284676 0.21227068453737263 0.029586984841543318 0.040000313633811624
0 0.5225961483863799 0.2700366445015593 0.03768624853388214 0.05830543608150918
0 0.497314453125 0.3408203125 0.01513671875 0.0498046875
0 0.8050242284440411 0.2618769604560053 0.041124749151842055 0.04478702149431468
0 0.6536981046799607 0.22931555642061718 0.027145578591543318 0.03991505784891958
0 0.6012915571082191 0.21823079003090762 0.031301102183533214 0.03665054951172508
0 0.51171875 0.1640625 0.0439453125 0.0361328125
0 0.033935546875 0.6455078125 0.06787109375 0.1025390625
0 0.73095703125 0.982421875 0.0341796875 0.03515625
0 0.7672906788485625 0.6581318916645774 0.04056817999955342 0.04379340783733621