0 0.36024271841181454 0.07299812584924781 0.04178265000894843 0.06806750657215588
0 0.398681640625 0.015380859375 0.02685546875 0.03076171875
0 0.439208984375 0.158935546875 0.02099609375 0.05322265625
0 0.13216026843965423 0.2901546062308862 0.0391878387571587 0.05475596414226569
0 0.19933354344860266 0.35259237088787176 0.03784231000855076 0.06493310118433149
0 0.13996811304002277 0.4153102209131716 0.04138493333764193 0.03388781907215588
0 0.04982152425800718 0.18405093990324206 0.030745015838834933 0.042113907380638915
0 0.83251953125 0.014404296875 0.021484375 0.02880859375
0 0.7922833208595159 0.054471104351642874 0.01694246250397713 0.03016692602325366
0 0.6783095916961634 0.08487316507050599 0.01484161416892027 0.01736925457934141
0 0.6158670925415606 0.17706701824765214 0.030188554588039596 0.03622894264466092
0 0.5268120679503394 0.12359329170967875 0.02472087250357935 0.027646674298902385
0 0.5013479233718448 0.16059407896651523 0.028047934585852197 0.020013302450748727
0 0.5323713408805945 0.22346064033587631 0.031982592919516994 0.022659426588573117
0 0.94384765625 0.003662109375 0.0205078125 0.00732421875
0 0.9597012912754534 0.040322731161172604 0.02569743500357946 0.027697853770858483
0 0.9951171875 0.041259765625 0.009765625 0.02685546875
0 0.9878588879744008 0.27678503364031415 0.022881380838238208 0.037309940354990134
0 0.8098802013048838 0.2651036037863234 0.017794028335852197 0.019475917995209757
0 0.6521987633772139 0.19226322153527664 0.021836638337442982 0.03139938588303415
0 0.522705078125 0.016845703125 0.02392578125 0.03369140625
0 0.5538894637919582 0.18324660221686417 0.023732946670113497 0.026618932326946343
0 0.8400854588040885 0.25765766515568445 0.020791895836647534 0.02548883141107794
0 0.996337890625 0.379150390625 0.00732421875 0.02294921875
0 0.8700858342118729 0.19061582428906748 0.02558380166892027 0.017932228770858427
0 0.03928647962582188 0.5908736208878717 0.02922335542150556 0.03715432567270471
0 0.09198108295869123 0.5846919606522426 0.014001411670511166 0.029036825107385367
0 0.0777243383742311 0.577133281745606 0.0261175362527839 0.02186406850683653
0 0.06331987045471416 0.5568792903389693 0.02322193875318168 0.02464021759096824
0 0.2184058129525268 0.5326284730479502 0.024783370837641705 0.033017768048902385
0 0.2612555900401685 0.56214044726786 0.024732235837045202 0.02862323679890233
0 0.2820755521214471 0.545903369870804 0.02332989042110789 0.03391756134096824
0 0.26806845878420305 0.5178112887281894 0.02674785917110789 0.03409668949281458
0 0.14157554878957201 0.5640154013324817 0.01837321625357946 0.02731400773118775
0 0.15374315046147524 0.6019754664190086 0.015517390421107669 0.03350812556531946
0 0.3308472025431515 0.5804793610089773 0.036013839587641705 0.03360633197639751
0 0.43896484375 0.529541015625 0.021484375 0.04150390625
0 0.43701171875 0.586181640625 0.025390625 0.02099609375
0 0.4268855458803955 0.60427236650728 0.028087706252982958 0.023431271200748727
0 0.4223834050515033 0.6372431076170606 0.0251409737527839 0.021812889034880434
0 0.4404296875 0.72607421875 0.0185546875 0.0419921875
0 0.4160758625576677 0.6830115201707532 0.020337704587045202 0.028392929175099946
0 0.407025443387952 0.661011197918358 0.031420450001988565 0.016286180602595013
0 0.33097856505607703 0.6757453842309334 0.03159090000397713 0.030934618102595013
0 0.3583510654787756 0.7187715425021408 0.02682172083863632 0.040444345742814525
0 0.28092388421982717 0.6568711623006943 0.0238636250049713 0.03784940107694634
0 0.1871341125526964 0.6583664228584793 0.012502477920113497 0.026030368399451165
0 0.15446506422559392 0.7060049624049867 0.03053479416971583 0.024047501130638915
0 0.09647925256601969 0.7613218244723523 0.024295089587641816 0.032992178312924336
0 0.008544921875 0.81005859375 0.01708984375 0.0361328125
0 0.011962890625 0.67724609375 0.02392578125 0.0234375
0 0.029123822132582966 0.6412412825793887 0.02674785917110778 0.034096689492814525
0 0.07300903092175726 0.9276915532432108 0.0417425362527839 0.022682940058134093
0 0.06911380216618934 0.8868550563950571 0.02224537625318157 0.02458903811901214
0 0.1145179346604226 0.8419691524631207 0.03204509125357935 0.028030520338573117
0 0.15572673632934297 0.8564211771409647 0.01743074375397713 0.030192515759231764
0 0.15749873217195615 0.9247293726690086 0.02096802750536908 0.04062555016107794
0 0.2546315846544569 0.790653996001443 0.022341964587641705 0.03288981936901214
0 0.23382900966241116 0.8503736943844771 0.02426668125397713 0.030550772062924336
0 0.38559391383371777 0.8766205637312823 0.027718740004374798 0.03365958771477073
0 0.37045753717275165 0.9194316227825798 0.03880148541931794 0.02155283914226569
0 0.445556640625 0.855712890625 0.00830078125 0.03759765625
0 0.4871042525660197 0.7936652797811842 0.055545089587641816 0.03462992141551946
0 0.5821007983569306 0.47599615311361865 0.053444583341618834 0.0637988477356291
0 0.7453180983698562 0.5627152045189069 0.057538328343806455 0.0801168468734535
0 0.8769110925564747 0.7028809909987462 0.040703817507755424 0.05922726460019989
0 0.7063652604829516 0.7841286133270409 0.05333095000696009 0.05403322273562905
0 0.6465225700688036 0.8058308383523407 0.04944742667389179 0.05578162984780477
0 0.463623046875 0.98486328125 0.02783203125 0.0302734375