0 0.01708984375 0.281494140625 0.0341796875 0.06396484375
0 0.16493702511783148 0.3576412231390903 0.042996101473306014 0.04025221503891774
0 0.2718954996664624 0.2959639522862255 0.04094349679175213 0.0376399324929686
0 0.17808913509907687 0.23861636012661924 0.0386612580322383 0.04133258712303234
0 0.21947119505653723 0.13179210933142238 0.04359297956262842 0.05490065253891774
0 0.3183717718863456 0.1589333307028632 0.0279190705322383 0.0403927674953124
0 0.355712890625 0.093994140625 0.02783203125 0.06689453125
0 0.19532988174866572 0.07664709475199535 0.05629907084117036 0.04433531753657399
0 0.09551076860701624 0.07472562208460551 0.05223365335068464 0.04008731494467582
0 0.0166015625 0.0166015625 0.033203125 0.033203125
0 0.31423916753696224 0.4037882275572324 0.04611396955787139 0.057067372908854
0 0.6199877986445255 0.36741548132690904 0.02357510993340184 0.02930882740341434
0 0.6967864173947989 0.24617431700677 0.029613548360198583 0.03421598754126154
0 0.8914091625940463 0.43738312891788067 0.03243297740010265 0.0437069266611978
0 0.4436013624513361 0.4565898927016201 0.023853653041752354 0.03614476490341412
0 0.0628539510451751 0.6682418839544547 0.017994278041752354 0.03563213601556714
0 0.40380859375 0.499755859375 0.037109375 0.02001953125
0 0.3922323950327522 0.5302698948518513 0.019469900570294296 0.02408426231151617
0 0.380126953125 0.548828125 0.02099609375 0.0146484375
0 0.41171141276081524 0.5665184693393801 0.028698335289904175 0.011755050041261539
0 0.378173828125 0.57958984375 0.01708984375 0.0234375
0 0.40475443802217737 0.5868310579055839 0.03385969089825469 0.019018178281134168
0 0.46017974928644845 0.5858416573401324 0.02179193120242995 0.02136817018145254
0 0.48882751392518903 0.6082961758074066 0.018393858388740636 0.0215574179135416
0 0.5262751198424718 0.6198436066804389 0.032573910575051324 0.02328455230917237
0 0.5364618827465442 0.5832712082061334 0.027541047742334124 0.0311154237453124
0 0.567407649785661 0.5188360118112548 0.02540885931553738 0.02655001619936348
0 0.6474683495240254 0.6328793432792813 0.019270941207186976 0.01920144981151617
0 0.567792275545689 0.7193243816274586 0.025936932438158866 0.0275692977733506
0 0.6817715449373385 0.7224847074404792 0.02939469306078024 0.02884489379126154
0 0.7140412225515067 0.678600042619588 0.02175213932980835 0.02039160768145254
0 0.722996908078988 0.719279891229397 0.02587724462922658 0.0261044540233506
0 0.6566536691294671 0.6672542547130775 0.04113333899709115 0.030358432816955938
0 0.6821628606934298 0.5410393063742754 0.01919135746194378 0.01724832481151617
0 0.6371000525184811 0.5575315259194723 0.022788389638740636 0.021941889579427
0 0.813534545175189 0.6367043600089396 0.01698870244767292 0.0228941044415798
0 0.8107582312494531 0.5805092971849523 0.02170156867864481 0.0310910761074652
0 0.4915440965290229 0.9495987933556995 0.017417295888740636 0.021471979765566918
0 0.45965410332553225 0.9789204588245652 0.04992240149709115 0.031127376148726738
0 0.7935307775660512 0.5517558177433725 0.034626515256605206 0.025896834855121398
0 0.7809639578416845 0.5657391214957163 0.021961877471457836 0.013598389255439769
0 0.8728096983591047 0.8734835805556409 0.02519000401611926 0.02117892244936348
0 0.9091994964103711 0.9068327913827241 0.037087817442915894 0.02659871147505788
0 0.5918482111920955 0.712671272826822 0.02226031651611926 0.02092260800543977
0 0.5760549265438408 0.6952337002832166 0.026783340541752354 0.03640107934733794