0 0.15699895303208905 0.4215253395279855 0.07963064188987057 0.048260984593806344
0 0.326959602555041 0.1312860503361969 0.06374974453009008 0.04319635875835193
0 0.496808860879941 0.10927793572966385 0.0570161659740025 0.04506994042409057
0 0.47500079891686764 0.17793275739977732 0.03706509886626819 0.08338848417110778
0 0.499755859375 0.470947265625 0.06005859375 0.07861328125
0 0.31949565206562114 0.2965126078383843 0.04830179641551924 0.05570417625616453
0 0.34362687839191675 0.06708825825014587 0.03889858025204607 0.043883156254971356
0 0.015380859375 0.469970703125 0.03076171875 0.03955078125
0 0.5463859915615287 0.02735408706636444 0.032269436906287696 0.03843820083744298
0 0.5741654416121282 0.14722128123011458 0.030386852314970514 0.06769530417031233
0 0.6185845014972087 0.21168542747454666 0.030109517752046233 0.043780886253778295
0 0.6353748462926692 0.40154729039028525 0.029182058457585258 0.05401774750357946
0 0.6557678422502543 0.455053687887899 0.028849391889870568 0.04767009125357946
0 0.5419921875 0.33837890625 0.0244140625 0.0478515625
0 0.57436870512301 0.6172319270667621 0.02332060719116813 0.06322122958605103
0 0.7009248519458637 0.552244041215797 0.021653121819760868 0.05002627250258529
0 0.7557444531585882 0.5354830499582406 0.01635672101127783 0.06070028000178973
0 0.7532131455631786 0.4778601807915076 0.053461943478443685 0.07967541084002816
0 0.77156171344791 0.5949056391231837 0.04207793631257539 0.07661504500517013
0 0.7744140625 0.695556640625 0.033203125 0.04833984375
0 0.8888370385269025 0.6604763420244062 0.03329095007899241 0.06724111292071022
0 0.950439453125 0.71435546875 0.02880859375 0.0107421875
0 0.9718324460778984 0.37027182701108285 0.04406287984780466 0.049311066672300896
0 0.985107421875 0.187255859375 0.02978515625 0.06494140625
0 0.830600248402148 0.09928812286165023 0.03283241109780466 0.04918038833744309
0 0.073974609375 0.747802734375 0.05810546875 0.05615234375
0 0.1891362887256523 0.7576894220192358 0.04663223477769496 0.05178088125596558
0 0.24177520811996422 0.8391581870126736 0.053208122385080436 0.06552093625676125
0 0.4000613311271497 0.8109330944909986 0.04480498219116802 0.0634712229223009
0 0.56103515625 0.729248046875 0.0625 0.01904296875
0 0.7228775253696627 0.8239596541066789 0.06772445867235588 0.08179330417528363
0 0.6846781730546921 0.7569802399447185 0.07462195697639751 0.03649109959320973
0 0.657958984375 0.989990234375 0.05908203125 0.02001953125
0 0.8232117180427164 0.7993403674262249 0.07451544549965106 0.05308129875974388