0 0.175537109375 0.0107421875 0.05224609375 0.021484375
0 0.14619715633492875 0.10190776071476126 0.053000606824379015 0.04626126967244678
0 0.052320164005232844 0.36110581786914514 0.0455090144678621 0.07031831354324132
0 0.012451171875 0.3870442708333333 0.02490234375 0.051432291666666664
0 0.27785210814522737 0.11796730879381434 0.04300958624955342 0.05974997144045487
0 0.3084942093230393 0.16443743595088403 0.031516231824378904 0.044592839875129554
0 0.4416108862204995 0.06000993577441612 0.0341283578301006 0.04803764250361257
0 0.448974609375 0.3229166666666667 0.02197265625 0.061197916666666664
0 0.4408521170514511 0.36080402790073157 0.03519708624955342 0.059143269695975796
0 0.37653914149159906 0.2935641705219894 0.033858552370150674 0.07071034425985608
0 0.35696348160647484 0.3004730389684287 0.02961086285870773 0.06389657672094984
0 0.2003376706575214 0.37389731548854943 0.03992279107701635 0.07507162056821537
0 0.18593850674951137 0.3682403769100146 0.026476311651842 0.059762813566770344
0 0.14416479503956162 0.3876899756487135 0.04405109050263745 0.033246857402271214
0 0.1614320508436922 0.4480344142272483 0.046437820933533325 0.05093873897936104
0 0.32907631956463834 0.5012534907717303 0.04773529107701635 0.07567832231269438
0 0.54303635544319 0.29954953670547824 0.0346507830312448 0.0487266030293092
0 0.5923902517935388 0.3319114182237454 0.04322471589039911 0.0545795569661515
0 0.5529177968934411 0.41378517924438435 0.043077874151842055 0.06105205477378828
0 0.8171770388476693 0.4083713718900035 0.04635926709726501 0.05871332012033115
0 0.7884815978578146 0.2135710802468659 0.035869699338459515 0.08124076750361257
0 0.8129094999273654 0.14155162407060226 0.04216959955413069 0.062278300389061646
0 0.6978967193802539 0.2759141987874214 0.03539168402243931 0.07212618417027923
0 0.8931165984880685 0.4654914924111608 0.03999799876408039 0.03941600433766842
0 0.52001953125 0.5377604166666666 0.033203125 0.0234375
0 0.5073378308331845 0.036124438049131076 0.04055456791636902 0.040756006530031696
0 0.17487229294318996 0.583403703372145 0.0346507830312448 0.0487266030293092
0 0.22422618929353877 0.6157655848904121 0.04322471589039911 0.0545795569661515
0 0.18475373439344112 0.697639345911051 0.043077874151842055 0.06105205477378828
0 0.177490234375 0.9811197916666666 0.04833984375 0.037760416666666664
0 0.31397017113021186 0.9268298742705993 0.04320418402243931 0.07273288591475824
0 0.3927200281847889 0.9355389772410857 0.04117250518617066 0.08035579161960864
0 0.345947265625 0.9873046875 0.03857421875 0.025390625
0 0.44287109375 0.6920572916666666 0.0341796875 0.05859375
0 0.32958984375 0.5725911458333334 0.03515625 0.046223958333333336
0 0.15213752137493697 0.8546104117525365 0.03286145800219087 0.08878783549040303
0 0.9705417612327936 0.8803759727034204 0.0571389446976136 0.08807961177523316
0 0.77587890625 0.9931640625 0.0693359375 0.013671875
0 0.477294921875 0.6975911458333334 0.03466796875 0.083984375
0 0.7305430477415991 0.8383961506377812 0.0346780071976136 0.08633534425985608
0 0.8347179012336867 0.7570083062014571 0.06294029772930498 0.07815589027595567
0 0.568089342053684 0.6059760981975305 0.060225739870150674 0.0727579626474727