0 0.05570287292838548 0.27498857246269204 0.051239496687167346 0.04429094238870035
0 0.04527930806380828 0.3516390971179555 0.0359931078620343 0.05992557398343701
0 0.01318359375 0.444580078125 0.0263671875 0.06201171875
0 0.07823305835070951 0.4247819754329706 0.035176058145298617 0.038009796021981845
0 0.12812768836676514 0.34485131759163845 0.04538012168716732 0.04394967265743088
0 0.17912908437924302 0.06812450845077056 0.024134894982732136 0.04562803780944302
0 0.29408348599976336 0.34646935557754943 0.030831369603429915 0.032411189117802275
0 0.19534060049352442 0.48909863178885127 0.030940959092341735 0.039706968723529634
0 0.06023606119547589 0.5288567517236831 0.051149715343554114 0.07295734041733803
0 0.11489352663264324 0.5673745478250755 0.0433173266120343 0.06035216114752373
0 0.22759687521147232 0.5416768193153215 0.038295051232732025 0.04645277299334416
0 0.36434646563651674 0.25161550038822944 0.043377073392814935 0.0729905953589789
0 0.3817557378841514 0.0862496155490649 0.04583836837433464 0.0852829440417962
0 0.29424372405901833 0.10802710230665133 0.021294908240124144 0.04060302958808076
0 0.2395062201784447 0.1646908950136181 0.05178752471794801 0.05695781574442793
0 0.148038435990065 0.09593727651129735 0.02986471117607925 0.050335399646440016
0 0.16078310768086923 0.23403555282848 0.05373066505907742 0.0629025081772453
0 0.46630859375 0.375244140625 0.02734375 0.05908203125
0 0.4542998857116498 0.22969581790928073 0.042719455873122314 0.05302794239752373
0 0.32602065456496143 0.46725990658528904 0.036022981252424646 0.06624479108916459
0 0.14771812104399748 0.5247427073989139 0.04022820691499113 0.05822840128188922
0 0.41524712861185675 0.29820174878807393 0.03816549242607925 0.05081886509907174
0 0.42274028070044334 0.4380776994422536 0.05273413324133647 0.07450750160015551
0 0.33962312047019505 0.36344108259302865 0.04895744204798935 0.06991389634024836
0 0.611083984375 0.02197265625 0.04443359375 0.0439453125
0 0.6950330101378475 0.04770520286314943 0.05601263911203436 0.06109157889860753
0 0.9727147074012418 0.28811730672583924 0.043008446876818374 0.05061497529179626
0 0.8734541507719396 0.28016169972460225 0.04462273816499107 0.0584843535803411
0 0.89453125 0.021240234375 0.0546875 0.04248046875
0 0.27001953125 0.98291015625 0.03125 0.0341796875
0 0.40129624726703117 0.936917421604326 0.034209399717947786 0.05593400655061953
0 0.11443608580768766 0.926641973965166 0.047084113732732136 0.04696467759024836
0 0.1804336094837669 0.9718583276425645 0.04872835899751626 0.037341248311610564
0 0.26832439565620925 0.9186602060193434 0.03844449877090472 0.05423683384907174
0 0.96484375 0.794189453125 0.0703125 0.05712890625
0 0.8327966035255173 0.8659980679798679 0.09678911581646954 0.06055077951749355
0 0.6463927401732996 0.878326664841945 0.09368993087433464 0.08806998018049672