0 0.35595703125 0.18105211372200342 0.044921875 0.07169019320998038
0 0.494140625 0.354248046875 0.05078125 0.09423828125
0 0.3564453125 0.34264761773602537 0.05419921875 0.06827014819356325
0 0.55029296875 0.35619912193333214 0.03759765625 0.0732594721703097
0 0.86572265625 0.3572462774915135 0.052734375 0.04915041023562916
0 0.9697265625 0.2966198824781894 0.04541015625 0.05755562669595837
0 0.9453125 0.18510640052709176 0.05712890625 0.054263530359431544
0 0.904052734375 0.015869140625 0.05126953125 0.03173828125
0 0.373046875 0.5652388815876209 0.041015625 0.04414172532215599
0 0.0576171875 0.6735667260294396 0.0537109375 0.07508049595758526
0 0.568115234375 0.418701171875 0.06005859375 0.01806640625
0 0.5439453125 0.45218996282834195 0.041015625 0.06416125657215599
0 0.537353515625 0.558837890625 0.03564453125 0.06494140625
0 0.64990234375 0.6990783963711057 0.0439453125 0.07749838873802428
0 0.67333984375 0.8428696202941595 0.052734375 0.06965822273562905
0 0.873046875 0.620489355779138 0.060546875 0.10864187726127783
0 0.95849609375 0.44580078125 0.03125 0.072265625
0 0.992431640625 0.58154296875 0.01513671875 0.0791015625
0 0.992431640625 0.643310546875 0.01513671875 0.05029296875
0 0.96875 0.6247511112774407 0.04150390625 0.04953840880813409
0 0.96240234375 0.5703962778451552 0.02294921875 0.05247224884096824
0 0.90478515625 0.7452908666905649 0.03759765625 0.0478688471703097
0 0.884765625 0.8161642646156648 0.03369140625 0.08477350428248531
0 0.92724609375 0.8642309263355747 0.03173828125 0.06367505158857312