0 0.292 0.3968333333333333 0.028 0.035666666666666666
0 0.743125 0.11416666666666667 0.03575 0.043666666666666666
0 0.721375 0.18616666666666667 0.02625 0.045
0 0.694375 0.19416666666666665 0.02275 0.034333333333333334
0 0.638625 0.2245 0.03375 0.04766666666666667
0 0.772375 0.3065 0.03575 0.061
0 0.678375 0.541 0.02725 0.056666666666666664
0 0.649625 0.652 0.02475 0.062
0 0.69375 0.8936666666666667 0.032 0.04066666666666666
0 0.564125 0.8243333333333334 0.02925 0.06333333333333334
0 0.50975 0.8321666666666667 0.017 0.03966666666666667
0 0.5065 0.8631666666666666 0.013 0.04633333333333333
0 0.504625 0.7535 0.03125 0.030333333333333334
0 0.514625 0.5891666666666666 0.01775 0.05566666666666667
0 0.565125 0.504 0.02475 0.046
0 0.5105 0.4175 0.017 0.045
0 0.5205 0.3705 0.024 0.057
0 0.5525 0.2971666666666667 0.0345 0.050333333333333334
0 0.552375 0.08916666666666667 0.03975 0.06233333333333333
0 0.471375 0.1115 0.03275 0.041
0 0.430625 0.14916666666666667 0.03575 0.037
0 0.447875 0.19016666666666668 0.03525 0.037
0 0.4055 0.26816666666666666 0.03 0.058333333333333334
0 0.411125 0.21983333333333333 0.03975 0.04633333333333333
0 0.3835 0.31033333333333335 0.043 0.066
0 0.402625 0.426 0.03175 0.048666666666666664
0 0.398125 0.5 0.03575 0.038
0 0.416375 0.5765 0.03175 0.035666666666666666
0 0.426125 0.6881666666666667 0.04225 0.050333333333333334
0 0.392 0.8535 0.026 0.03166666666666667
0 0.414 0.8961666666666667 0.0325 0.033
0 0.358375 0.8025 0.02675 0.049
0 0.317125 0.819 0.03525 0.05533333333333333
0 0.2555 0.7788333333333334 0.0215 0.03833333333333333
0 0.209625 0.8045 0.03625 0.026333333333333334
0 0.1905 0.8281666666666667 0.0345 0.037
0 0.222 0.889 0.035 0.04466666666666667
0 0.17225 0.8838333333333334 0.037 0.03166666666666667
0 0.173875 0.6861666666666667 0.02075 0.04633333333333333
0 0.149375 0.6796666666666666 0.02925 0.043333333333333335
0 0.232 0.687 0.028 0.066
0 0.224625 0.6201666666666666 0.03275 0.041
0 0.199875 0.5415 0.03125 0.042333333333333334
0 0.29525 0.6605 0.024 0.058333333333333334
0 0.1365 0.5463333333333333 0.028 0.059333333333333335
0 0.2295 0.5038333333333334 0.032 0.035666666666666666
0 0.205625 0.45966666666666667 0.03775 0.04466666666666667
0 0.278375 0.5046666666666667 0.03575 0.05533333333333333
0 0.292625 0.4518333333333333 0.03725 0.05566666666666667
0 0.252625 0.4385 0.03275 0.04766666666666667
0 0.208 0.4048333333333333 0.033 0.041
0 0.13375 0.387 0.024 0.05266666666666667
0 0.261 0.389 0.0365 0.054
0 0.253625 0.288 0.03575 0.04733333333333333
0 0.249 0.19233333333333333 0.037 0.06466666666666666
0 0.199625 0.24633333333333332 0.02025 0.048666666666666664
0 0.222625 0.09516666666666666 0.02475 0.050333333333333334
0 0.206 0.07916666666666666 0.032 0.042333333333333334
0 0.121375 0.10183333333333333 0.03075 0.045
0 0.129 0.06416666666666666 0.0365 0.035666666666666666
