0 0.018798828125 0.095947265625 0.03759765625 0.04931640625
0 0.12974018024360578 0.18087145823567602 0.05498977427337959 0.04132019188859948
0 0.1268523324118842 0.2775938648096633 0.03669705643042853 0.06113852300309597
0 0.09422583524886596 0.34232809472245274 0.037394598116401 0.03929402397505788
0 0.09547366051037853 0.37672137759238905 0.04825614371524978 0.04365181235277771
0 0.029541015625 0.294921875 0.05908203125 0.05078125
0 0.2210782090571375 0.31424439673718046 0.045100144622299165 0.06479443476087954
0 0.260070948679082 0.3617353923781237 0.04238591986064488 0.05676833939094317
0 0.30069750856886257 0.29231357389913054 0.038826895302586095 0.08030964897505777
0 0.3418882916908781 0.31893663301203556 0.03561818698855834 0.0581233973551214
0 0.3238420273999464 0.386905560144443 0.05648407378510467 0.07017150471258671
0 0.3751503075161349 0.4183319698110807 0.02418310435481752 0.05128148365341434
0 0.3584495702727415 0.18129001578773 0.04322607310481752 0.05294752753891774
0 0.4162279762380623 0.12561311522227847 0.05459295111064488 0.05783631624062491
0 0.4336666011801452 0.0610194377658838 0.05351408166877447 0.054821190592650365
0 0.35208015421895067 0.6161409903695008 0.041330303878126085 0.06835893216898148
0 0.5869140625 0.689697265625 0.0615234375 0.02001953125
0 0.5792053423992376 0.5239855432670715 0.06472749926179602 0.055315448044357396
0 0.6104289981377959 0.4713729064563076 0.06241629996524978 0.04489066549840848
0 0.6540798358133189 0.14704392783946726 0.050373577982660345 0.03458806397271402
0 0.6430338389879914 0.07065248126782375 0.046008502494385484 0.06292674790885411
0 0.6768755320559325 0.6162817662584488 0.059787330988487486 0.039305976378471996
0 0.5135664358596526 0.8911053102916653 0.02715309647114772 0.0666317977733506
0 0.531005859375 0.759033203125 0.01708984375 0.05029296875
0 0.697509765625 0.726318359375 0.06982421875 0.05322265625
0 0.8263066457129109 0.7818248244584771 0.09112878907575284 0.058598840539669794
0 0.870844102154923 0.7406622279693567 0.08460597470373732 0.0809072731798608
0 0.987548828125 0.739990234375 0.02490234375 0.08056640625
0 0.5693359375 0.759033203125 0.0595703125 0.08251953125
0 0.702680010677452 0.9419396838775457 0.049217210808413125 0.08511299952879048
0 0.846435546875 0.960693359375 0.06884765625 0.07861328125