0 0.27892651424257814 0.342404555745236 0.07155373511331398 0.0906978635990614
0 0.4135398562865419 0.4114273908154451 0.09231313975433508 0.05390161172704566
0 0.3568008333814317 0.2822638177106276 0.05819996213761658 0.03711713305251507
0 0.2794223451295706 0.032993905960414904 0.055374399619969816 0.05553541129668804
0 0.12468443557337888 0.045132711884307675 0.06344766771579019 0.05191903096532058
0 0.3917646477286423 0.07102715493753159 0.039573948956966865 0.060343816866401
0 0.45389220501347627 0.36800601762954366 0.08632556078514031 0.07659506312236974
0 0.5928060405597608 0.3519036059323424 0.07514233872894849 0.09374690919791018
0 0.5713370242317404 0.2259208411299689 0.07677781734458344 0.09672775016884527
0 0.20216314429009963 0.22082561529732592 0.11117102624659547 0.07648810962826791
0 0.15670391878654188 0.40245848224481073 0.06165073018931999 0.0796317041164718
0 0.30578933638762795 0.5777282182336526 0.051107616699227254 0.08267454741294733
0 0.45097468670589436 0.5940058294492567 0.07075262327631693 0.08530971869208304
0 0.368408203125 0.635498046875 0.05810546875 0.02880859375
0 0.66845703125 0.387939453125 0.0224609375 0.13525390625
0 0.671142578125 0.244873046875 0.01708984375 0.05224609375
0 0.3328624272990762 0.10551685406523253 0.04438543577631693 0.08438895621524978
0 0.786254378112077 0.13642892172775456 0.05554985028297277 0.05018136870366641
0 0.7678178073465978 0.1796410344776837 0.051017939108978894 0.039302771947839266
0 0.7503538945636249 0.13078965601833192 0.03422211839643996 0.02702133376755228
0 0.6970415607233766 0.08555930444257909 0.027807952263158464 0.04239056641287642
0 0.7673845818253933 0.38136319305322386 0.05673511838761658 0.03706597958157998
0 0.701904296875 0.27734375 0.04443359375 0.0517578125
0 0.789599654261615 0.31099489303005706 0.04403499009024836 0.04490637959316335
0 0.8289421855469087 0.27533486637322047 0.053634796021981845 0.034033985139709566
0 0.986083984375 0.34619140625 0.02783203125 0.0517578125
0 0.986572265625 0.563232421875 0.02685546875 0.04345703125
0 0.9023960718891714 0.4572219656234331 0.05331233384024836 0.045230351575752836
0 0.8547571195113086 0.534499054326745 0.054687044360062664 0.052100391389709566
0 0.2235289469156415 0.9158870358912689 0.03943656903297277 0.049618680523379366
0 0.322730997941028 0.8789063327927744 0.04278802789969127 0.06532893630827141
0 0.5147340143308121 0.9460349543864339 0.04515374831161045 0.04738188815711997
0 0.5142904421769389 0.7208923469678722 0.05948453942724519 0.05080605920949344
0 0.06591796875 0.98974609375 0.0400390625 0.0205078125
0 0.8447311820554256 0.8600787853847329 0.041138557531889 0.03700862380827141
0 0.9314365389507819 0.87626338276293 0.02714903614752373 0.03944382775589794
0 0.9806199254342188 0.9091673449898341 0.02666075489752373 0.03942677659891958
0 0.8265562906656415 0.7990203756753812 0.037805906214706364 0.038354109459422636