0 0.20575885887460987 0.26634338789222745 0.03607680465175789 0.04200914573238901
0 0.2624331702348529 0.2428172956083452 0.028423412863172848 0.04829878001408039
0 0.3558203108360247 0.26269713239092973 0.037098826640733495 0.04403055863467764
0 0.703369140625 0.20263671875 0.01318359375 0.0615234375
0 0.706298828125 0.267822265625 0.00732421875 0.05712890625
0 0.5755127787192931 0.2458675106259982 0.029729556658246725 0.06252722416636902
0 0.07875864135967925 0.18914673938516624 0.06138787554605041 0.04036666244189224
0 0.2792746198214415 0.7450361974599918 0.05426863275292981 0.06960551547358351
0 0.38040647944563855 0.7824702812254118 0.053314799997417506 0.0705137900712951
0 0.5556288094232427 0.6411014890577452 0.04468443745234385 0.055773186651842055
0 0.5830923319930128 0.9595258058108292 0.051213931658246725 0.06402955801671784
0 0.25850174095143263 0.5459676353477534 0.05526751674092889 0.04968841607701646
0 0.20152343583602478 0.7035217977896457 0.05142986423088114 0.07330690176671784
0 0.3981693001969625 0.9362652628922274 0.04663756245234385 0.0559097624564191
0 0.45115329412984007 0.9222896659674995 0.04687622476946629 0.0661636687064191
0 0.52001953125 0.436279296875 0.04296875 0.03271484375
0 0.42879784022250467 0.5081383461972512 0.03186451961414938 0.07047629997094607
0 0.714599609375 0.71435546875 0.00927734375 0.0283203125
0 0.72265625 0.6669921875 0.025390625 0.0224609375