0 0.07661299247096726 0.22311336848007085 0.02840019792329518 0.05110003380786521
0 0.15419754995326918 0.3599414662103192 0.060428244176675694 0.07859315075981665
0 0.034070709564972435 0.14095272084586036 0.04076631584181778 0.06576836003938502
0 0.9853515625 0.263916015625 0.029296875 0.03271484375
0 0.9856446145468767 0.2964042704811056 0.027298638755170135 0.040278130209343566
0 0.9398203808034389 0.24427791205133043 0.03467399250576686 0.04527053219825539
0 0.752286632892075 0.18987006308592536 0.039170793756959865 0.05441831714160261
0 0.5845952582948881 0.2783292495379952 0.04635865250536908 0.04329743788051443
0 0.5063896886935253 0.40488403580405075 0.05724856334042583 0.05686962746425195
0 0.0068359375 0.63818359375 0.013671875 0.033203125
0 0.046999862821282795 0.7586690854211118 0.050690685421306614 0.03828506657386166
0 0.10673357530040306 0.9174997933779716 0.050219791260539326 0.0816623817253399
0 0.29296875 0.983154296875 0.060546875 0.03369140625
0 0.43868370536781476 0.6568873258570668 0.036582006260936994 0.0834760438460378
0 0.7566527558084102 0.5064059524787994 0.019293304175283743 0.0649911683719101
0 0.7932511228914785 0.5113484311733588 0.024034075006959865 0.053182717614518094
0 0.8486328125 0.49658203125 0.02734375 0.0537109375
0 0.9023988562221603 0.5398078842077763 0.02916119917647686 0.07457739185712597
0 0.9046179932915076 0.6431142343026018 0.036275196257357534 0.057108856346037795
0 0.9636268470520468 0.5702206234146361 0.027151257509147264 0.0695351471600828
0 0.8674397541126446 0.7300084886573033 0.025408012089232823 0.04548979176230039
0 0.6437785332789798 0.7141949083458603 0.03947726167150545 0.03883317519086338
0 0.6433296816070766 0.7527691270958603 0.038006736254772466 0.03822531979308108
0 0.6219245078523041 0.7862114809776463 0.02682740250536908 0.04170311591008291
0 0.552236307014861 0.8108250754826137 0.0440990595908235 0.05872314763421049
0 0.5238367932696336 0.773317200576227 0.043991107922897454 0.04944580388421049
0 0.5802210590885831 0.8839774816390005 0.03963066667329518 0.05201676894086349
0 0.607666015625 0.989990234375 0.04541015625 0.02001953125