0 0.17781979617443477 0.20623850921119552 0.06704125834117036 0.04374370614156531
0 0.17736632193473612 0.13326556957133762 0.04737985394476407 0.05124985878668342
0 0.11930643897357951 0.06835039327242642 0.0526315720768995 0.04866436661360296
0 0.13744497343182716 0.10378170014304294 0.05014125679650938 0.03535561092654127
0 0.177978515625 0.4599609375 0.03759765625 0.0595703125
0 0.2752140757608482 0.17086753787721642 0.028217509576899502 0.04709984240033227
0 0.4273464259984254 0.149774578765229 0.04342303329360053 0.06171043192829467
0 0.6373074070113951 0.42045944343507846 0.04457120368340184 0.03012860309962173
0 0.7255835103382946 0.3805877029000565 0.029562977709035043 0.04426402635312854
0 0.8621198736699511 0.3457668453073105 0.03199360518049299 0.05610793829019012
0 0.6385683065359675 0.3534710407322822 0.04731104897806304 0.037609274270948845
0 0.7323149832944208 0.3115020892741798 0.03630855268525002 0.05443642764857892
0 0.34595103690646745 0.5949504776151265 0.02587724462922658 0.025521595947536113
0 0.3250726571535586 0.566686937073183 0.03156833498097189 0.009815090992986386
0 0.3145327522582128 0.6090924583564055 0.020435684291752354 0.03540001638635104
0 0.32119461119373627 0.6858901430417137 0.03952010653514715 0.013733707491233038
0 0.2552675252859675 0.6939042494001484 0.03049063117864481 0.031174304055924806
0 0.1353343860750844 0.7537773456764494 0.022518963688158866 0.026767406307678154
0 0.0873651095779933 0.7776289279369697 0.049513703992334096 0.03190635169227596
0 0.13111644757720597 0.8572929706764494 0.029882974310780352 0.028213326071659495
0 0.1867373949630377 0.8138599239456448 0.018292717086413557 0.04256778271502415
0 0.2309537950343929 0.8460668139823282 0.03436786808456538 0.0187606059143135
0 0.26904718807138817 0.8122807878022341 0.031696827756605095 0.024920519258720963
0 0.33937792238692555 0.7923099740679228 0.02313573771379207 0.041904125057678154
0 0.3808868134992457 0.8669347518860753 0.023754173360198583 0.033177643526209
0 0.5145631033515049 0.6860428530765519 0.02488990335068464 0.037146474494739845
0 0.5174994373345985 0.7821840448562676 0.023783186454278127 0.04584166554194358
0 0.49471603255817787 0.8727605909699165 0.02480120244767292 0.023017608729005268
0 0.45536753391283213 0.9133199736814798 0.024034378089322406 0.016150380744739845
0 0.4598341933710799 0.9478751469926647 0.025417976473306014 0.03815432747900527
0 0.3347960631192317 0.9648297077392498 0.040954275570294296 0.025026757209763772
0 0.176025390625 0.505859375 0.01611328125 0.0322265625
0 0.19347798507693253 0.7325359885855027 0.02941458899709115 0.02867031683739396
0 0.17284334142207275 0.7703781596991516 0.019759222457186865 0.01879845388635104
0 0.49852944935971766 0.9714057699681631 0.024352713070294296 0.023962880744739845
0 0.26029544676933447 0.9189327671938454 0.03717651834592761 0.03988186160137519
0 0.4278197961744348 0.5561368045346542 0.019200474619712526 0.028989779167820195
0 0.3724989494540376 0.6162339947339897 0.02507062839825469 0.01767780546327069
0 0.20782380772385295 0.536653702380953 0.025059849619712637 0.029365264979005212
0 0.09070600877039531 0.9599579435908088 0.0021396439637920706 0.04055863423426542
0 0.1848812789699163 0.9194851263669719 0.027989537119712637 0.029553007884597804
0 0.40273591832296285 0.6671272916955069 0.030919224619712526 0.02974075079019023
0 0.4543329017117035 0.6503619708091098 0.041531257723306014 0.03918691345976377
0 0.49086363293791835 0.6429118416447503 0.027978758341170362 0.04124046740033238
0 0.5352159813219021 0.6237240384943721 0.04216792768525002 0.054811913459763884
0 0.13646346958247685 0.6539802277708568 0.03813318490961681 0.039456161319906036
0 0.961181640625 0.899169921875 0.07763671875 0.11181640625
0 0.8713342063694722 0.5911424111238015 0.057612202637679855 0.07528187798772623
0 0.806884765625 0.517578125 0.08642578125 0.0556640625