0 0.027549523652330654 0.19758489957378317 0.04635926709726501 0.04327464458165653
0 0.019135589642185424 0.053321413903591575 0.035869699338459515 0.06037526711019858
0 0.051025390625 0.009521484375 0.04248046875 0.01904296875
0 0.0731516139851105 0.4158010325349398 0.025694346924727718 0.05411797338398361
0 0.14257614376899275 0.35600607081929964 0.05618291406557363 0.051465167371560705
0 0.09809433901193154 0.23317472787717108 0.03999799876408039 0.0288956330322383
0 0.7888853154322356 0.06415890527672696 0.0541956451144292 0.05089730237631773
0 0.6069784586078566 0.103218891089082 0.06438126346214057 0.050338554538843394
0 0.6046260996144712 0.18559915078490674 0.054250320933533436 0.03775350049893922
0 0.5120269555057635 0.23562682587977352 0.03836578140756347 0.04733094491437384
0 0.5941544000335197 0.4119427954854885 0.045246128792687745 0.04128172770903493
0 0.8174868367579964 0.4349774354099233 0.0444094882464694 0.06413146677748127
0 0.871792060997 0.47999299617525515 0.04346372354840922 0.04364355021379218
0 0.5040448731818732 0.5865128640452082 0.06127059027243931 0.05459381423466825
0 0.6438640304375945 0.5783812200103344 0.0627662318243789 0.03420537735253282
0 0.9727707676783426 0.5050918286136874 0.05062748847666754 0.03468454144476407
0 0.33349609375 0.188720703125 0.0478515625 0.04931640625
0 0.4300776054912365 0.22387241630260057 0.05060695660870773 0.048316624572142475
0 0.48817037210351694 0.5141262018065702 0.036559498146120584 0.042388444605441666
0 0.4293170825775471 0.5062995997864814 0.050026509439254796 0.040015843322142475
0 0.369757036011527 0.5155429455800818 0.05236882998502648 0.05958688519476407
0 0.9701008471906786 0.5850505779958229 0.038208673735026455 0.059009903041752354
0 0.9235415887940274 0.032380023100203686 0.04088574149383195 0.0415909455322383
0 0.3418605179811754 0.6359676892825117 0.04819969430985205 0.04870542614058859
0 0.09557908999306489 0.768965899192402 0.030245985847264845 0.04261807868340184
0 0.21042761559649778 0.7628255104093764 0.03071038908010043 0.035333651806023436
0 0.29345703125 0.822265625 0.0322265625 0.0322265625
0 0.25987055920346125 0.8216721136651941 0.03517320823238901 0.03648927773282007
0 0.1747592063293334 0.7715822365737501 0.024758848160647495 0.026814015256605206
0 0.7632764421285516 0.8205571321778905 0.0468508944964694 0.06423094645903504
0 0.7045492349868128 0.73433610420722 0.052208376163285 0.05032943738107476
0 0.9712945205625315 0.8188975048732015 0.04743826145069763 0.044779280204278016
0 0.781494140625 0.982666015625 0.03955078125 0.03466796875