0 0.21259093168357535 0.1168729557954847 0.04999236548811048 0.03814877792309629
0 0.07928323064880002 0.09061474623051224 0.06315542737015067 0.05196269459142011
0 0.16267331890979636 0.04231967163630823 0.03094939673811048 0.037927192920511166
0 0.365478515625 0.00927734375 0.04150390625 0.0185546875
0 0.3958294026025817 0.06400085243775855 0.028429436651842055 0.0437524779201135
0 0.52587890625 0.062255859375 0.02734375 0.02783203125
0 0.529296875 0.27783203125 0.0205078125 0.0400390625
0 0.5058437816858082 0.32569016783699234 0.04474758160870773 0.046869660422300896
0 0.42832690799436257 0.42953567159653727 0.033165407413285 0.04868642542071022
0 0.42221423079406945 0.23786840701585538 0.04495244531557352 0.049799347922300896
0 0.35035186839575805 0.34457541827460497 0.03400204795950312 0.025765615004374798
0 0.23075733358326855 0.4152465474568485 0.032004513074379015 0.03208486292071022
0 0.3823525803482001 0.1939347999383551 0.04558422215492608 0.023948850005965583
0 0.4638671875 0.00927734375 0.0419921875 0.0185546875
0 0.27155805642878905 0.480636121200684 0.03527564008582185 0.03700176542110789
0 0.9414687555493443 0.11689965368398031 0.03814038583273782 0.057038341671306614
0 0.9214695286809379 0.06102571160389492 0.0495484941232347 0.03180112167309623
0 0.555908203125 0.380615234375 0.03271484375 0.02294921875
0 0.545166015625 0.440185546875 0.01123046875 0.02685546875
0 0.5649709052800311 0.47060551039843834 0.030242639698060292 0.020843030837244036
0 0.640625 0.5107421875 0.0341796875 0.017578125
0 0.9398374481382923 0.3774486645150599 0.028542134439254796 0.03838706583684637
0 0.6626811486400366 0.8558894015804301 0.09997446504224117 0.0831278116794596
0 0.78076171875 0.5302734375 0.0732421875 0.021484375