0 0.21755320796530875 0.08474624542011844 0.034131703979304984 0.05693900819489217
0 0.06229003639928865 0.100597391654486 0.03732093100527489 0.04691261509907174
0 0.5028393414714768 0.10800621279937128 0.05468727251363381 0.07272501146579025
0 0.53759765625 0.215576171875 0.0244140625 0.04931640625
0 0.6379388037390457 0.04569201009504298 0.04134322494189224 0.06270824996470648
0 0.7769693039692439 0.06725825365030413 0.042760312657563526 0.04820200818606868
0 0.7427588186673041 0.04882649868219324 0.0246289646544795 0.0670839736651705
0 0.6983330546475444 0.3572920447129986 0.04351147958273782 0.05894419568606857
0 0.7910210185265005 0.3183393967725947 0.027896745516717836 0.051226644713622704
0 0.8076844041167461 0.427757283308972 0.049268422729304984 0.057820621667338035
0 0.903517185136548 0.3925118113586612 0.03797301222622096 0.07710073516625426
0 0.93212890625 0.4814453125 0.0341796875 0.0166015625
0 0.989990234375 0.421630859375 0.02001953125 0.08935546875
0 0.9688953154802823 0.2851236469402392 0.043624177370150674 0.053601541080340986
0 0.9836390375625736 0.18554752688188003 0.028921064051046663 0.0658750822136227
0 0.9584530487830731 0.11455684757677209 0.039605229582738044 0.058716682531889
0 0.9010746414547169 0.044954870543646 0.03970766143617077 0.060181526281889
0 0.9394884063829754 0.05195708275184985 0.029733826580100375 0.03577227957925744
0 0.9310682350471535 0.08891944623311926 0.0370580453301006 0.03619886674334416
0 0.8861945710542147 0.21602394290928073 0.04601090780104655 0.06687045226315846
0 0.016288712073123324 0.808047875423523 0.030802554999553422 0.044101499973529856
0 0.15409314872496527 0.756741640354326 0.03357513482701657 0.05593400655061953
0 0.34228515625 0.50146484375 0.0439453125 0.0234375
0 0.4729981444841753 0.5217673363668603 0.035060510444976156 0.0424043272719819
0 0.5254662876597964 0.5503204334583457 0.04851725580413069 0.04707843416733812
0 0.02504340313561282 0.7384844247693434 0.03783309027243931 0.05423683384907174
0 0.6842335840559589 0.6495910763247578 0.0363649003732347 0.03324074009907174
0 0.6959217637403854 0.6980258691023117 0.030652367111791756 0.028045097012074693