0 0.17898349764061572 0.4144756549753146 0.029881286394660922 0.03160000433739396
0 0.26084667535982775 0.3575017041920461 0.02707954757455111 0.033853667681801536
0 0.35594877883383014 0.3190133024524745 0.02253147790868293 0.03064236582341273
0 0.39101097495558634 0.36045387925664585 0.025177602046507097 0.034705068244739845
0 0.3595624858670132 0.39028344096645573 0.031137259724002275 0.04627973232165927
0 0.42876424588787176 0.3692421932793481 0.023891886448353716 0.03802916554194358
0 0.4573535878851276 0.3098341422111496 0.019806508296507097 0.034360872917820195
0 0.3892618406549393 0.1227300489629489 0.026077395338573117 0.033302805463270635
0 0.2078197047435124 0.07925783611341908 0.025691473032485312 0.03522463997900521
0 0.19937509187075675 0.24039064861341908 0.02911151804890233 0.02619762010312854
0 0.3344775359713056 0.2612964344892038 0.02106663415868293 0.030548494370616464
0 0.2407635070393691 0.30134355143157165 0.02911151804890233 0.02619762010312854
0 0.7154842205879226 0.25484742201342964 0.016750948383033926 0.022485670496493193
0 0.7051009639305881 0.1351312017984056 0.017341588576946343 0.024470085980758616
0 0.7021878865619249 0.20941253276693644 0.025437651939121952 0.02109577421327069
0 0.5228911885893182 0.45219173686669606 0.019397072520858316 0.026548372917820307
0 0.5070856587100276 0.3331078838247525 0.027311931464770733 0.029002145666066848
0 0.5397479212606273 0.21468038247508478 0.020911019476397508 0.036864860136351096
0 0.6732043171929127 0.2296016314138079 0.02248029843672672 0.02966580332341273
0 0.7114914945868758 0.09732687865679433 0.022917400214770733 0.028720531307678182
0 0.4615074301792397 0.26796711664821116 0.021401376992814525 0.027650097354881886
0 0.22919139211701323 0.3819288816675904 0.02235234975683653 0.02722439707341273
0 0.3300436083088792 0.43003508009759256 0.023200963576946232 0.024845571791943577
0 0.29445923613547653 0.35181695712209415 0.025386472467165744 0.02011921171327069
0 0.3354969728775933 0.22314791602067305 0.021196659104990134 0.023743847354881942
0 0.3655532348912663 0.17314237063953614 0.01934589304890233 0.025571810417820307
0 0.22299379628902016 0.24778325734242435 0.019448251992814525 0.027524935417820195
0 0.2453295359145199 0.14878076804171375 0.02178729929890233 0.02572826283914731
0 0.6624787398242495 0.30338231463409215 0.026130651076946343 0.025033314697536113
0 0.7054025391515447 0.3350383424522447 0.027544315354990134 0.02415062365033227
0 0.7181635649884205 0.40003577218300335 0.028030520338573117 0.03342796740033238
0 0.6420767642620231 0.43092414982466054 0.029855696658682707 0.03111172308739385
0 0.5634164560729011 0.4454802128264599 0.01934589304890233 0.025571810417820195
0 0.43291185938273247 0.29944926501361346 0.023635989088573117 0.03314635304194358
0 0.47798587107115653 0.17789777577058113 0.025100832838573117 0.033240224494739845
0 0.859619140625 0.04443359375 0.07470703125 0.0888671875
0 0.975341796875 0.031494140625 0.04931640625 0.06298828125
0 0.4049283659832812 0.6687718239087316 0.025177602046507097 0.034705068244739845
0 0.3287675468543396 0.5982417874734692 0.019962122978792518 0.028044507152085618
0 0.35567834760913 0.6176034700765978 0.014693388172704713 0.02965343682516619
0 0.2126824817678128 0.5790446117340355 0.026721291270858427 0.027017730181801425
0 0.09977402193642515 0.6301097215243177 0.025154088576946232 0.024970733729005268
0 0.13020099785229344 0.6291200440487733 0.02296857968672672 0.029697093807678154
0 0.16240197061631534 0.6316734972602905 0.020271276076946343 0.02465782888635104
0 0.17102021003013745 0.6728892316641296 0.028802364950748727 0.029584298368863116
0 0.24158653112350081 0.6632036146640836 0.025925933189121952 0.021127064697536002
0 0.08735121692754239 0.6988824303075403 0.027416366675099946 0.02170921740033227
0 0.10494943005274052 0.9052871221449341 0.018139022925099946 0.02111469819928935
0 0.6560633466204551 0.9342351321463199 0.029904799864221676 0.04133433885312843
0 0.39794859686052564 0.8299985078615278 0.023793680037275555 0.017583934010474422
0 0.20491981216182314 0.8019511856081589 0.024435499703143848 0.020544911994739845
0 0.12102606569570412 0.9724567102655508 0.022454708700748727 0.02917752207341273
0 0.07557370957838927 0.895565902604744 0.017648665408682818 0.030329460980758505
0 0.27587890625 0.98876953125 0.025390625 0.0224609375
0 0.4006534783475031 0.6288142663632812 0.02361247561901214 0.023412018526209
0 0.28335879233178385 0.7168322987322362 0.02540998593672672 0.029853546229005268
0 0.12835163352364987 0.748542283407162 0.024974960425099946 0.021552764979005268
0 0.11083984375 0.50732421875 0.0234375 0.0146484375
0 0.14438741837724434 0.5173472947812854 0.02289181047879263 0.028232250057678154
0 0.2927502780852258 0.8835173904000565 0.020964275214770733 0.028595369370616464
0 0.4638671875 0.50830078125 0.0234375 0.0166015625
0 0.9691394529494476 0.8802558740713835 0.051178228177146234 0.06654302995801054
0 0.7899602696751473 0.7281661903319959 0.0566240148686632 0.07759812230066454
0 0.75 0.772705078125 0.0205078125 0.05322265625
0 0.9574780585711565 0.5605699322339897 0.04688605587105832 0.06821454059962173