0 0.0398768970301729 0.35494462227854884 0.04054507292826651 0.08844619774475149
0 0.09632673998448935 0.0816338440122268 0.04533663667150545 0.03904850739218693
0 0.503035586633723 0.24098359596731678 0.04150424833903399 0.04510016571677933
0 0.18653774578792823 0.30887863849065633 0.054551824176476804 0.07633559647435395
0 0.7520245920442916 0.05606225675113363 0.030915465840823497 0.05746976517190849
0 0.785306918289519 0.09377148885777387 0.0568739154250848 0.06626668892773369
0 0.7241213019921917 0.4380753316986883 0.03404401167647686 0.0747816073659644
0 0.8233169415877877 0.3551802483245532 0.05157668334261323 0.07220734803029849
0 0.797119140625 0.572021484375 0.05029296875 0.09521484375
0 0.99169921875 0.449951171875 0.0166015625 0.07275390625
0 0.9837462536800032 0.3018494760255872 0.030075263342414393 0.06911451569055682
0 0.9414041974657971 0.03473662514272435 0.025118589174885964 0.06239686203379724
0 0.8861715995484675 0.03543846694634256 0.02995594834102233 0.0588606094405566
0 0.35381127991230515 0.7914071112645333 0.03437888792468713 0.06163501335664012
0 0.03507225950829891 0.6739105623717894 0.06117754000735762 0.05878718659381721
0 0.26318359375 0.976318359375 0.0615234375 0.04736328125
0 0.4210122790768507 0.8121380754778138 0.03247689792528363 0.06588154564393633
0 0.42041015625 0.968017578125 0.0478515625 0.06396484375
0 0.4796922803449465 0.6831662638868993 0.06284692375974377 0.07647631081584505
0 0.7297497811903437 0.8366817428845535 0.059979734593806455 0.08162540612178937
0 0.8059674516132411 0.796518265189325 0.0349239858420165 0.06655482559731618