0 0.40725251257797923 0.24192267568507675 0.037908754164948544 0.0629287967123755
0 0.552490234375 0.28857421875 0.04248046875 0.0224609375
0 0.6648182593944122 0.22013610357464575 0.04054530858237104 0.0362524561142219
0 0.5744563452596906 0.17563056768851865 0.038217562598927834 0.0400307574343316
0 0.623579892823237 0.0623852887565822 0.042995697248556786 0.05344465880813404
0 0.7211845378070927 0.07579643932499466 0.027475375098927834 0.03946778324281458
0 0.775146484375 0.01806640625 0.05126953125 0.0361328125
0 0.8281958621589071 0.13454305320189008 0.042070739764701104 0.07192257710019989
0 0.60302734375 0.015625 0.0556640625 0.03125
0 0.5028592959885978 0.022396004001094094 0.05181839993232984 0.038305863791716965
0 0.263671875 0.01708984375 0.064453125 0.0341796875
0 0.3502702606231133 0.07232100965428878 0.05410352331581447 0.033062718721607154
0 0.25607900542731943 0.22644358357424954 0.04383540953249487 0.032037053016068184
0 0.8047859555626595 0.26886742389101204 0.03925993764839175 0.0590993159203097
0 0.8642578125 0.168701171875 0.029296875 0.05029296875
0 0.993408203125 0.172119140625 0.01318359375 0.04248046875
0 0.8741743197416906 0.05798800670119225 0.042109605065608235 0.03974719407215599
0 0.136962890625 0.767578125 0.02685546875 0.029296875
0 0.185791015625 0.612060546875 0.026611328125 0.023681640625
0 0.22607421875 0.589111328125 0.017578125 0.031005859375
0 0.358154296875 0.69091796875 0.02197265625 0.019775390625
0 0.238037109375 0.70849609375 0.020751953125 0.01904296875
0 0.116943359375 0.703369140625 0.03369140625 0.01416015625
0 0.086669921875 0.52294921875 0.029052734375 0.031982421875
0 0.286865234375 0.44970703125 0.0263671875 0.018310546875
0 0.370849609375 0.44921875 0.023681640625 0.0078125
0 0.483154296875 0.59765625 0.03271484375 0.02392578125
0 0.78076171875 0.610107421875 0.041015625 0.01708984375
0 0.7421875 0.548828125 0.03564453125 0.01953125
0 0.74560546875 0.4541015625 0.037353515625 0.033203125
0 0.796875 0.453857421875 0.028564453125 0.033935546875
0 0.56689453125 0.8681640625 0.02392578125 0.029541015625
0 0.451171875 0.746337890625 0.02392578125 0.0166015625
0 0.372314453125 0.80517578125 0.0302734375 0.02001953125
0 0.29248046875 0.8193359375 0.027099609375 0.022705078125
0 0.0947265625 0.75244140625 0.02685546875 0.03125
0 0.0859375 0.656494140625 0.039306640625 0.035400390625
0 0.7158203125 0.860595703125 0.0322265625 0.027587890625
0 0.733154296875 0.68017578125 0.031005859375 0.02490234375
0 0.635498046875 0.775634765625 0.02880859375 0.027587890625
0 0.201416015625 0.690185546875 0.0224609375 0.03173828125
0 0.122314453125 0.621826171875 0.02880859375 0.026611328125