0 0.15288315807245761 0.20583426410598937 0.03658304641551935 0.05595995743483073
0 0.21149834527560146 0.2235361779312064 0.03840614646921203 0.06282998955156249
0 0.11395416101262629 0.06936594955184444 0.02522462898562916 0.05325715912322049
0 0.0946469898371774 0.10208120155833317 0.03435051058617794 0.04127742531809897
0 0.07421875 0.01513671875 0.02734375 0.0302734375
0 0.03506209082275921 0.5136357391008246 0.03133782507899252 0.06754232896790358
0 0.14061383882994466 0.48477964457940526 0.029617083969212032 0.06262542185117193
0 0.16795136003069333 0.5120093376004773 0.02835903437345344 0.05723159835668401
0 0.14182968855838834 0.5639493963128688 0.04622279900204618 0.04447986975195306
0 0.32175439952041496 0.6482483134273 0.04056606562345344 0.05751572016278228
0 0.42508051503648314 0.6888645348728077 0.04125906476127783 0.061433335035026015
0 0.38009573015449577 0.5114715142966142 0.03552763844116813 0.06373836281809897
0 0.48789729866133236 0.5348728783974388 0.04732315764910222 0.06547596350195306
0 0.5445455541880277 0.38444693401124086 0.04370047101127783 0.06149015939624558
0 0.592529296875 0.359130859375 0.03466796875 0.04638671875
0 0.575988541665821 0.2101638058649951 0.02604557680334363 0.059616180245464445
0 0.4905939803816384 0.08259901904626687 0.04028042599486081 0.07067658416829425
0 0.44134463654645995 0.2436080427210499 0.038823887310529326 0.03357857404053821
0 0.41323942326636987 0.20172991219997788 0.030597799002046067 0.044116193840147644
0 0.4041093891329868 0.23274165813934422 0.0377940690721561 0.04184526067380645
0 0.4199584679575379 0.2646386393442704 0.021450480198353716 0.037075688639756965
0 0.3842482233706621 0.32951267287378433 0.04516323849486081 0.0707902328907335
0 0.28453166235494287 0.23650261433910558 0.054568530924751 0.07344757171336802
0 0.28203424956117973 0.142207508727886 0.0430883936142219 0.04050543051848954
0 0.23023771518772618 0.08670337095227837 0.04301370067270471 0.02977460789073355
0 0.2477197100430653 0.056474984684765334 0.03311389819356325 0.05490384082912331
0 0.3203125 0.009765625 0.0205078125 0.01953125
0 0.349609375 0.017333984375 0.0244140625 0.03466796875
0 0.623779296875 0.154052734375 0.02783203125 0.04541015625
0 0.6311138706323363 0.11128464048402736 0.035122355198353494 0.03739390506258683
0 0.6948823015601803 0.06873475773109763 0.05961111063987068 0.048692971302539106
0 0.6744671412109798 0.22956153519348915 0.06426153924965106 0.05367806765273442
0 0.6839388215167187 0.27969539573207425 0.05971554585019989 0.04138011742478298
0 0.821591259610431 0.23835910477031197 0.038433812471607265 0.05405229192380645
0 0.8987735392625789 0.5450439644898215 0.045649443478443796 0.0800675766407335
0 0.8429649179513519 0.6182078226535801 0.05446617198083903 0.07149444671336802
0 0.7309583276784473 0.5518831680417313 0.048766564195958484 0.04648981911317285
0 0.8862096534363305 0.41725065545674855 0.06281813270279502 0.07266421204151485
0 0.9330735449157737 0.6957974488886496 0.041644987067365635 0.059491574907270195
0 0.21630859375 0.977783203125 0.056640625 0.04443359375
0 0.349853515625 0.976318359375 0.04052734375 0.04736328125
0 0.43546174807689897 0.9275066029891922 0.038433812471607265 0.05405229192380645
0 0.56591796875 0.738525390625 0.046875 0.01708984375
0 0.532238967449004 0.833834115812456 0.03698625339191697 0.09157039406809897
0 0.08154296875 0.976318359375 0.04296875 0.04736328125
0 0.089599609375 0.75244140625 0.06787109375 0.044921875
0 0.14264586195379436 0.8253024291186195 0.04994992085019989 0.04115281997990461
0 0.8112287656172675 0.8094862675729164 0.07343029525648759 0.07973881185863718
0 0.926513671875 0.96337890625 0.06298828125 0.0732421875