0 0.2300033555607443 0.20988041553926662 0.08059184088069049 0.04889761468098763
0 0.48141329120040843 0.08301610484822575 0.0643661955900725 0.06605727045685983
0 0.42885688624223006 0.1974136219861915 0.04909302445174912 0.06189198342977531
0 0.5537739233082456 0.15361735409325827 0.03847524516621981 0.05324246439529867
0 0.629638671875 0.031982421875 0.05810546875 0.06396484375
0 0.8798828125 0.029052734375 0.0615234375 0.05810546875
0 0.8492844717980227 0.14242827453072143 0.046515165813425574 0.05876300568347126
0 0.8062100891723295 0.26197762585464224 0.057289446986029 0.02899773816499107
0 0.8195689603981813 0.339923224339858 0.04637871342510211 0.05583331818347137
0 0.36968388673334773 0.4978762493507687 0.07108976904945463 0.08509025454798935
0 0.72900390625 0.782470703125 0.0185546875 0.05908203125
0 0.734619140625 0.75830078125 0.02978515625 0.0576171875
0 0.7691220375810532 0.7548814425342399 0.03864648379311664 0.0673627625960378
0 0.8192035963336433 0.6500104021007095 0.03876954572460234 0.038673742993820204
0 0.8425407764668781 0.6811008893174452 0.04545833294541102 0.04651611638421049
0 0.9249827299148334 0.7175024817447366 0.059676017498705214 0.059350891763512714
0 0.9374479292016578 0.6718232232225605 0.04160961124870499 0.05787614394086338
0 0.895767399192821 0.5706494802287403 0.05934558441876403 0.04181262481277348
0 0.8286347494047475 0.5705201631807509 0.05579116328044065 0.03860393096794795
0 0.730224609375 0.49560546875 0.02099609375 0.0537109375
0 0.9411629634490222 0.8769113328814309 0.07465354179566086 0.057168522540597344
0 0.7993674202574047 0.850743919145062 0.040768154854043503 0.03980973769086338
0 0.7746189582015208 0.9460086861894145 0.05464470843652869 0.0453202943201656
0 0.730712890625 0.953857421875 0.02197265625 0.04736328125
0 0.951904296875 0.979736328125 0.07177734375 0.04052734375
0 0.98583984375 0.962890625 0.0283203125 0.05859375
0 0.8030193239504997 0.42785241800958 0.06305785372714667 0.027522909756120623
0 0.955238665736029 0.4480607713296864 0.04889769747714667 0.026367026327557663
0 0.8545002651979098 0.5410139326893553 0.05805063301267599 0.03489697121425189