0 0.34228515625 0.014404296875 0.0498046875 0.02880859375
0 0.19985247960697586 0.10424886003390332 0.03667751639860756 0.0532318322047991
0 0.13260750267090718 0.060915672595667214 0.041105302590248305 0.04570372364752373
0 0.12257102234041284 0.13089171866176597 0.040564958849071686 0.03642637989752373
0 0.1850604794658015 0.2513212811088257 0.04283091443606868 0.04191123022461363
0 0.4697061917887094 0.1087736772108423 0.031045654552787183 0.056796812473529634
0 0.290283203125 0.015869140625 0.03173828125 0.03173828125
0 0.26231876902539775 0.1657954652408702 0.057844245014242235 0.05738440290851465
0 0.7045293203419563 0.15036127457585285 0.04962396539969133 0.06663812331161056
0 0.765868131224154 0.12570961168699923 0.041749771313778106 0.0734788766089789
0 0.9672617923010906 0.2498497990017079 0.05844628284133213 0.059365967052787294
0 0.821533203125 0.32373046875 0.04150390625 0.0322265625
0 0.7891909633671894 0.22536623338080752 0.036170427599071686 0.03617042759907174
0 0.07304864432539321 0.7633269601492316 0.05703831737987697 0.060257212119969816
0 0.20669551110403095 0.7686778794298837 0.04064064468715234 0.054435907858978894
0 0.2916853433882407 0.7239922378989253 0.038744397975697176 0.055298713781889
0 0.15319601304829888 0.45168885479226717 0.062499544360062664 0.05376254435123928
0 0.24333333044582262 0.49538211951130867 0.03557756572678117 0.06776651312770943
0 0.39497618907368537 0.4253810831784936 0.0421859900726016 0.06425841114752376
0 0.4211149521396309 0.5232552147379366 0.047613962111146435 0.06554780423452078
0 0.387929723409292 0.6385989861575955 0.03751624333467607 0.09269729602198185
0 0.42431640625 0.990478515625 0.07421875 0.01904296875
0 0.610595703125 0.8046875 0.05810546875 0.056640625
0 0.5345413910986121 0.7245114958908793 0.04721581409133213 0.05871186673452078
0 0.5473995294292596 0.544235949815957 0.05207500324442793 0.05023563482151777
0 0.011474609375 0.59814453125 0.02294921875 0.04296875
0 0.9669730407009351 0.5239037842209027 0.0448361019272453 0.05127389140743088
0 0.994873046875 0.6640625 0.01025390625 0.07421875
0 0.9468234829219909 0.7460910161603759 0.05308482068606868 0.04250845225433508
0 0.982177734375 0.962890625 0.03564453125 0.07421875
0 0.768798828125 0.9755859375 0.04833984375 0.048828125
0 0.7595615389507819 0.6222872827795682 0.042745141363313977 0.0905687203589789
0 0.715087890625 0.373291015625 0.02880859375 0.06689453125
0 0.6709661180611509 0.4463218618017034 0.04529112823560452 0.05908639140743088