0 0.473625 0.5145 0.07625 0.08033333333333334
0 0.354875 0.45316666666666666 0.06125 0.087
0 0.224 0.17433333333333334 0.0285 0.066
0 0.144875 0.19483333333333333 0.02675 0.051666666666666666
0 0.11875 0.19483333333333333 0.037 0.019666666666666666
0 0.155 0.29183333333333333 0.047 0.04766666666666667
0 0.092125 0.5726666666666667 0.03975 0.059333333333333335
0 0.413125 0.19033333333333333 0.03975 0.082
0 0.497125 0.13283333333333333 0.04225 0.051666666666666666
0 0.515625 0.30516666666666664 0.05075 0.08166666666666667
0 0.606875 0.189 0.04425 0.074
0 0.677375 0.19083333333333333 0.04625 0.05433333333333333
0 0.82 0.1975 0.041 0.065
0 0.758875 0.282 0.04625 0.062
0 0.840875 0.436 0.04225 0.074
0 0.888 0.5423333333333333 0.0285 0.062
0 0.8845 0.5918333333333333 0.037 0.034333333333333334
0 0.752625 0.6968333333333333 0.03125 0.065
0 0.958875 0.6353333333333333 0.04425 0.082
0 0.968125 0.119 0.03775 0.06866666666666667
0 0.928375 0.03166666666666667 0.03375 0.06333333333333334
0 0.880625 0.049 0.03975 0.07133333333333333
