0 0.26205677784961556 0.24077672625480434 0.04290876146055589 0.060190218848927834
0 0.13403763135088698 0.17031610414158777 0.05520557405416904 0.03180785109851547
0 0.05609203286567116 0.1583056888770929 0.045449853126818485 0.049547484082164917
0 0.5020613445231519 0.4299435866151343 0.0531526830516853 0.06633374451531959
0 0.5652787894098461 0.44055121338004155 0.03920188229308108 0.03864901371564944
0 0.3303664713139266 0.20038476490278373 0.05025294952829684 0.04871299691536085
0 0.286919827653903 0.07393037138705176 0.05893242253938502 0.04165872129843301
0 0.5131532368422826 0.15406843766418588 0.035136200096037795 0.03658222844909281
0 0.7291222716044647 0.26780333155983516 0.03920188229308108 0.03864901371564944
0 0.8724775882719396 0.29340789122251565 0.05049217841008269 0.02777373329863919
0 0.9328646281437906 0.4125612559377527 0.04088590502090472 0.05331165874896904
0 0.6637028911082199 0.1645785501614434 0.05019320274751626 0.036046099481999994
0 0.7260035202756947 0.18782465929307224 0.03902248077829684 0.04838622364901024
0 0.6458248234109992 0.4587668585459588 0.052614639679775255 0.04780747208195879
0 0.6857248259628029 0.32694366076119596 0.05613229384603785 0.03719315238183507
0 0.620361328125 0.162109375 0.02099609375 0.060546875
0 0.6298828125 0.390869140625 0.0400390625 0.04150390625
0 0.8409989887387935 0.11664109630633007 0.05441831714160261 0.04006600974855673
0 0.07536271470038422 0.6087933127967835 0.0383847519901242 0.04057372364901024
0 0.32947832019177986 0.5889085177895672 0.03787650142238319 0.05224985104905144
0 0.302001953125 0.514892578125 0.04150390625 0.02978515625
0 0.5725924593974274 0.625209706716124 0.05301322017238319 0.05269028458195879
0 0.59521484375 0.78759765625 0.029296875 0.0859375
0 0.4093168939651092 0.7076536213375879 0.047402897540597344 0.07347326533216503
0 0.5145163805204906 0.7730661656681033 0.03951068144207559 0.07226938229905144
0 0.18761659245759882 0.9038453450776289 0.05267438646055589 0.06047436951531959
0 0.15013915504515063 0.7132645998282474 0.06668509517238319 0.05308809551490734
0 0.02490234375 0.607421875 0.0498046875 0.044921875
0 0.25112431772752797 0.5301225552583094 0.043925262596037795 0.03683796404884543
0 0.437118165376286 0.9646884643040621 0.056939439490124144 0.04111360991515456