0 0.01572657910594233 0.09248414756119283 0.02558496155573889 0.05203195656176929
0 0.01611328125 0.251953125 0.0322265625 0.07421875
0 0.27906713661617344 0.2906774376224053 0.031900799270509594 0.07974570396852876
0 0.33482940552725143 0.30704127916669943 0.02725659945998038 0.046808861774473076
0 0.27948560464596195 0.027397413892802813 0.030678720742814525 0.02858717194055682
0 0.24285828209671068 0.05811542491552646 0.028853544422704824 0.030880579227853033
0 0.222900390625 0.010009765625 0.04443359375 0.02001953125
0 0.5546875 0.029541015625 0.0546875 0.05908203125
0 0.6089157338303408 0.042715671538508276 0.03666189188987046 0.049953263097316125
0 0.6459206736200116 0.04726490973781239 0.046273978474002275 0.04776357041083501
0 0.5357869611453114 0.11590744332463165 0.04467910977769496 0.05445150894813122
0 0.46117330923458233 0.04851849947264367 0.046683414249651056 0.055576070410835066
0 0.4929503123580359 0.1029761397727629 0.038512657945958484 0.04814813706001991
0 0.4349983820239042 0.11030879641320035 0.04200324337105843 0.0683526670133997
0 0.4020456001234062 0.25791102488930384 0.043832572224002275 0.047578571707455275
0 0.74609375 0.323486328125 0.05078125 0.03271484375
0 0.7674999014151231 0.28120146756707665 0.04381113502085854 0.02860960243880717
0 0.9037635904277967 0.12184904406767294 0.047397850590619406 0.07848828942015906
0 0.863037109375 0.0224609375 0.06982421875 0.044921875
0 0.988037109375 0.029052734375 0.02392578125 0.05517578125
0 0.9654108240748527 0.13825716997385573 0.03193261780573886 0.0525129531905566
0 0.5325577746907719 0.3068478425728821 0.04280483025204629 0.04652800972610338
0 0.5612273638898233 0.23653476593826983 0.04198180616791447 0.04938369774475149
0 0.5648770419910699 0.11909555237475089 0.038870914249651056 0.05498407456001986
0 0.0921889734558406 0.6377518595658647 0.06097359544595837 0.04985012513111342
0 0.045904613649752804 0.6432199599300794 0.05405881247160718 0.057107629020974215
0 0.12884048401362572 0.7290968764219282 0.06243428666312423 0.06844181237178937
0 0.15670293207141084 0.8211078886101588 0.0764388282308388 0.07582546136071583
0 0.05227090364800818 0.9050054247902186 0.07227668087105837 0.07064665093530831
0 0.3623046875 0.8876953125 0.03515625 0.0791015625
0 0.6846705425279966 0.4012879983071368 0.04802446185259501 0.034764975364214745
0 0.6910271783826378 0.47581003085375706 0.036557456679541245 0.057240482106640234
0 0.7519171012824379 0.4309980018065601 0.04076870724486081 0.07263619904137175
0 0.805419921875 0.354736328125 0.04833984375 0.02978515625
0 0.9364244512509521 0.58418200141322 0.05947693316072922 0.07697187668705774
0 0.4373484852010503 0.3964983676078131 0.04812474453009013 0.0459584443735388
0 0.4964574552649741 0.6170304865122465 0.051337995392265745 0.04231119255827043
0 0.9506454411165224 0.7713490037471364 0.06130626201367306 0.05619778138111342
0 0.5519078202725085 0.5339032368997811 0.05159389275204623 0.04719400505827043
0 0.8167982958063421 0.6961929975262618 0.06477541023562916 0.05743334206584505