0 0.06598414979979728 0.06661750401516874 0.05267881786056128 0.058801755836242614
0 0.07550408426623223 0.20352125271854848 0.03815853758252308 0.05915660736596429
0 0.03513433591571119 0.30390091428614296 0.029027722490624908 0.05458436203379724
0 0.1415433483744497 0.2673296596154072 0.04714282401631931 0.06759810295745539
0 0.20804056989311276 0.3139002237995622 0.04824754373828111 0.06913694618880717
0 0.28019131856762103 0.2116038603380313 0.05153735526631942 0.0679311006235388
0 0.22163519710193835 0.12658464586832957 0.05410691873828111 0.06958094307691853
0 0.2647086423480901 0.040254141328707235 0.03643737938859948 0.05611592064393642
0 0.41918613189236054 0.24973177566147048 0.04725260980214108 0.07439704071677933
0 0.46478465021241244 0.3214788276573949 0.04511067990107054 0.03882650894813122
0 0.472412109375 0.3486328125 0.04443359375 0.0224609375
0 0.5234375 0.309326171875 0.0126953125 0.06396484375
0 0.5132475606447043 0.2293332324796612 0.0303708280513888 0.025583484959204816
0 0.4954516353971352 0.059633355923716866 0.040270143644039136 0.0777482946066402
0 0.7676031348673312 0.09465581119757427 0.08713319124062491 0.0589873311742346
0 0.7310803173307573 0.04237329434151066 0.1122367351261283 0.07980628747668006
0 0.960693359375 0.243896484375 0.07861328125 0.06494140625
0 0.705065506333014 0.1888509613549103 0.1366751452639755 0.08747864976980146
0 0.2411761853502597 0.5087765881672759 0.03770058017207745 0.0760984521532605
0 0.2586790532816251 0.6863629642045722 0.04470141776631931 0.06741310425407554
0 0.380576275330583 0.8717673949592439 0.0434993074929686 0.042584759985427656
0 0.16898271760176414 0.6105846703788069 0.04120442990107054 0.038530511022723646
0 0.03540813613373767 0.5445210092045526 0.04418281267676494 0.050397259985427434
0 0.028442712918720095 0.6615386563782106 0.055541438648726765 0.052713097770974215
0 0.33325416526304913 0.4713252009761426 0.04562928499062491 0.05584235321677933
0 0.050048828125 0.981689453125 0.04150390625 0.03662109375
0 0.035410569687296084 0.8703974629137574 0.04939542536524877 0.03236056885489069
0 0.18924439673718046 0.7859959229720475 0.04047820564328697 0.030229729772723868
0 0.46514986478012066 0.5743799533071564 0.042266430549045 0.03958107300407554
0 0.2109538766795125 0.8487397752797412 0.03127390480682868 0.04699386047785303
0 0.13515253021944382 0.4710993777185485 0.03886041420245939 0.06163501335664012
0 0.850341796875 0.997314453125 0.02294921875 0.00537109375
0 0.6887377440510405 0.9820495710547911 0.0324521102733506 0.027196327671908493
0 0.9009025876242754 0.9182954046853474 0.019988764579427 0.02334164665501004
0 0.8841443153868337 0.7436017164073753 0.02485320564328708 0.029045738071093452
0 0.9549404489281823 0.6089677912238165 0.03109705230917237 0.033884266209204816
0 0.7126648537940962 0.8622720892074749 0.02545127267910874 0.03588167557109356