0 0.019205729166666668 0.2109375 0.038411458333333336 0.0322265625
0 0.7330729166666666 0.022705078125 0.036458333333333336 0.04541015625
0 0.6870290097576733 0.13381211973398965 0.04657746267100175 0.040182399945782654
0 0.5888671875 0.025634765625 0.072265625 0.05126953125
0 0.5081380208333334 0.030029296875 0.054036458333333336 0.06005859375
0 0.4295828562216573 0.09987413199635531 0.05164635517461432 0.07204584313284434
0 0.4232445932204166 0.2235657406676823 0.06818140779133282 0.08451556475521427
0 0.5651716765537499 0.23038706623754235 0.04980698675170414 0.07341681543004808
0 0.6878255208333334 0.26025390625 0.064453125 0.0390625
0 0.8453776041666666 0.2431640625 0.076171875 0.0732421875
0 0.9012281391541647 0.1524387607915758 0.05803659420103339 0.07916339499123293
0 0.9216752553141242 0.09951008539821116 0.0665508968530455 0.06351947100521427
0 0.053104366583482755 0.5039141256344598 0.05992030254613131 0.07001121317829462
0 0.055538809664389434 0.5819576206799102 0.06636772362105359 0.05280857398947969
0 0.19309298960288102 0.6787478581868318 0.08575371924809157 0.04352467275170735
0 0.17126795239152806 0.7325905151116656 0.054250521841280985 0.07217100506990581
0 0.15238253803486992 0.8243124426448882 0.061924188531476666 0.05405438434962173
0 0.10137255984085732 0.7238400490610011 0.041324789415480755 0.04771328558739407
0 0.09998483426273104 0.9604934454019018 0.06674049114819525 0.06596087725521427
0 0.21880197602517834 0.3476931706868318 0.04531971925985623 0.03233860946151723
0 0.3040364583333333 0.952392578125 0.03125 0.07958984375
0 0.5605872239386959 0.3158297274997702 0.06945841439195173 0.06755088294227585
0 0.4886067708333333 0.29248046875 0.06315104166666667 0.025390625
0 0.3346354166666667 0.379638671875 0.029947916666666668 0.06201171875
0 0.9566936253882293 0.4407298682285916 0.0733588508487107 0.025902890769195386
0 0.6620313688581977 0.4652859500276866 0.08086097139339676 0.0807468431905225
0 0.5585735334266174 0.5352994086378747 0.09532332888978405 0.04982211453142327
0 0.357421875 0.545166015625 0.07552083333333333 0.05224609375
0 0.5657187661700599 0.7630509470399603 0.04951005694262234 0.0612410746643135
0 0.4313151041666667 0.962890625 0.087890625 0.07421875
0 0.654349112681102 0.7829940338685873 0.04724716000722514 0.06551044397725181
0 0.6438648519192826 0.9432441553213835 0.06845968193085783 0.07139455197374511
0 0.9380525572955581 0.35259547684224046 0.05796075648297361 0.07818683249123304
0 0.99609375 0.338623046875 0.0078125 0.06884765625
0 0.7408728361962748 0.6533542392776406 0.08825636394406751 0.07575123525170735
0 0.6636695158994758 0.553583351323137 0.06579251967244677 0.05375384600521427