0 0.08515650879215714 0.1392516557336526 0.04599536792349401 0.0518787263489906
0 0.07318913381204262 0.2852585983382576 0.02904756584181778 0.06348896710474672
0 0.06878255505050901 0.20017830273940884 0.050957723757755424 0.05888517541877447
0 0.4670459759159905 0.4508061461419067 0.02465871625855076 0.06382378794194121
0 0.26156808171048096 0.15761415465285222 0.0514460050077552 0.058902226575752836
0 0.887965771726787 0.3824017785769577 0.07769955917309623 0.050057364052586095
0 0.749267578125 0.42333984375 0.01904296875 0.041015625
0 0.4599864008792025 0.6137835536994694 0.04826632417150556 0.037315544633882425
0 0.37853433879692966 0.6187485104840779 0.048448137506959865 0.052940544633882425
0 0.2692896750427537 0.5841843837278964 0.0493337933392326 0.045162146947839266
0 0.155517578125 0.562744140625 0.04150390625 0.02587890625
0 0.093505859375 0.568359375 0.02587890625 0.037109375
0 0.14623417342155842 0.9147120204135143 0.046381379172300896 0.043106715005968965
0 0.2745946413261613 0.8303633895127882 0.0289055241734939 0.05128193585474694
0 0.4704749659104226 0.8440368409611236 0.04053336750576686 0.04387866362222814
0 0.559326171875 0.56298828125 0.05908203125 0.0263671875
0 0.7294921875 0.791015625 0.0205078125 0.048828125
0 0.743896484375 0.700927734375 0.00830078125 0.02685546875
0 0.7698027354938886 0.7629356051460329 0.019531592089033822 0.04265718262215734
0 0.8293119180159614 0.9275452979194831 0.023926123339033767 0.04281064303496285
0 0.8071684696749389 0.870154422012434 0.02887143417309629 0.04835224835474694
0 0.805850665081928 0.7988483083554555 0.02356283875715881 0.05353577937798448
0 0.9212277659283195 0.8990296853383993 0.028349062922698565 0.045405509697768354
0 0.882499800087496 0.8425239138440848 0.02108734250676103 0.050520836093092436
0 0.9422729421447131 0.6523065982803405 0.03142079209102233 0.057714847889638765
0 0.9792803892325538 0.68678856005372 0.026475481256959865 0.05217324256985467
0 0.9695211300773544 0.7708860908501953 0.0254080120892326 0.04432664025589794