0 0.17140197980339106 0.08549004383391495 0.037945531221607154 0.05609243579677703
0 0.20010821460947886 0.08509154392752816 0.026896266889870568 0.049356183713039625
0 0.24314750501816174 0.05240673474036084 0.04858535977769507 0.05501618788051443
0 0.3323190185445083 0.14139381873302792 0.05716970438987068 0.051827382767208774
0 0.3105206633745476 0.2326326004571556 0.04359603580094862 0.07113945378938502
0 0.26024222848946726 0.3014003794361917 0.04082819178248531 0.03688005019086349
0 0.2563933867606747 0.32845513843249563 0.04229303553248531 0.0369996243386459
0 0.21160844004520618 0.2552925058585749 0.07225524366791447 0.05208641979429329
0 0.10083706043747193 0.2259254964878179 0.05174743116791447 0.050412381725340016
0 0.11645930963208195 0.32675066286960386 0.06418061750888271 0.0742783356083383
0 0.018798828125 0.2705078125 0.03759765625 0.046875
0 0.05285620017963594 0.4549492108831166 0.06102477491791447 0.05116968466129501
0 0.38511220354315995 0.2844006393746897 0.046939311609431544 0.06071613068347126
0 0.4164493540831796 0.326572308975695 0.04267480530573886 0.05356132878938502
0 0.23347043228562558 0.807110306898019 0.02982595438987068 0.04959533200860444
0 0.1641794454583304 0.7840811302908339 0.044448802153892464 0.050302792236428084
0 0.3876165196751473 0.6953442268734774 0.030853696361826888 0.050651610607125974
0 0.147216796875 0.984130859375 0.03759765625 0.03173828125
0 0.04065467054041588 0.8403526452575104 0.036224790111826666 0.05109004914899473
0 0.0660791903420623 0.8747416882489061 0.03641222332934141 0.017558075096037795
0 0.011474609375 0.69775390625 0.02294921875 0.033203125
0 0.07628118993163485 0.6429675266959491 0.041546780656287696 0.041314439490124144
0 0.01025390625 0.614501953125 0.0205078125 0.04931640625
0 0.4033203125 0.9912109375 0.04296875 0.017578125
0 0.36333320930992596 0.9360469138057363 0.038666196361826666 0.05128933939529867
0 0.107421875 0.569091796875 0.029296875 0.01904296875
0 0.7265805645082795 0.790897098473093 0.04732523391551935 0.058802863732732025
0 0.8235306832329796 0.8427847921246305 0.05164299595758526 0.05769674242607925
0 0.864013671875 0.966796875 0.03955078125 0.06640625
0 0.456787109375 0.74609375 0.01416015625 0.041015625
0 0.5314437146662645 0.6736092683670609 0.026898343156287696 0.0401186980123005
0 0.779052734375 0.578369140625 0.03857421875 0.03759765625