0 0.16284319261799027 0.20166015625 0.05396218945883252 0.07373046875
0 0.22328492597237382 0.35302734375 0.031160305791514853 0.05908203125
0 0.35190058837189664 0.11376953125 0.03311343079151485 0.05908203125
0 0.291015625 0.016845703125 0.0439453125 0.03369140625
0 0.38400009599476975 0.22412109375 0.0416983338476129 0.0712890625
0 0.44401404676877154 0.18408203125 0.03085345424092889 0.0458984375
0 0.48686669850739994 0.31494140625 0.03164858704151463 0.05908203125
0 0.4401163038455943 0.33056640625 0.0481365008190755 0.05419921875
0 0.42801924700963495 0.5146484375 0.04003987901297745 0.0419921875
0 0.513916015625 0.386962890625 0.01123046875 0.05126953125
0 0.35912245696226064 0.70556640625 0.04483218079151485 0.05908203125
0 0.3025719344272346 0.74365234375 0.04676257604702694 0.05810546875
0 0.3062306067768007 0.62841796875 0.04200518539819886 0.08447265625
0 0.575439453125 0.171142578125 0.029296875 0.052978515625
0 0.565673828125 0.31201171875 0.022216796875 0.052978515625
0 0.54296875 0.33203125 0.02783203125 0.023681640625
0 0.5302734375 0.5927734375 0.021240234375 0.052978515625
0 0.605712890625 0.386962890625 0.025146484375 0.065185546875
0 0.62548828125 0.28369140625 0.026611328125 0.071533203125
0 0.669677734375 0.263671875 0.017822265625 0.074951171875
0 0.6767578125 0.32373046875 0.021484375 0.033447265625
0 0.6806640625 0.16796875 0.01953125 0.044677734375
0 0.66015625 0.1162109375 0.02294921875 0.031982421875
0 0.7431640625 0.345458984375 0.022216796875 0.042724609375
0 0.7841796875 0.270263671875 0.017822265625 0.061279296875
0 0.847900390625 0.1376953125 0.015380859375 0.08642578125
0 0.85693359375 0.345947265625 0.017578125 0.053955078125
0 0.90283203125 0.3515625 0.025146484375 0.061279296875
0 0.80908203125 0.48876953125 0.0302734375 0.064208984375
0 0.814697265625 0.523681640625 0.02294921875 0.052978515625
0 0.81884765625 0.53759765625 0.022216796875 0.062255859375
0 0.847412109375 0.559326171875 0.021728515625 0.046875
0 0.740966796875 0.559814453125 0.031494140625 0.032958984375
0 0.732421875 0.629638671875 0.0205078125 0.053955078125
0 0.703369140625 0.484619140625 0.019287109375 0.08740234375
0 0.6669921875 0.569580078125 0.030029296875 0.06591796875
0 0.63671875 0.687744140625 0.0166015625 0.076171875
0 0.650146484375 0.72314453125 0.01953125 0.078125
0 0.558349609375 0.755126953125 0.02490234375 0.035400390625
0 0.544189453125 0.715576171875 0.02099609375 0.054931640625
0 0.542236328125 0.552001953125 0.02880859375 0.02783203125
0 0.650146484375 0.44091796875 0.025146484375 0.06005859375
0 0.658447265625 0.40869140625 0.017822265625 0.03955078125
0 0.67822265625 0.4267578125 0.020263671875 0.053955078125
0 0.1015625 0.80615234375 0.0361328125 0.033203125
0 0.01961359559168796 0.83740234375 0.025255063046050408 0.0361328125
0 0.1785980389810976 0.95068359375 0.035554428785026015 0.0380859375
0 0.045166015625 0.985107421875 0.03857421875 0.02978515625
0 0.3712304704139753 0.9609375 0.0280487803356122 0.05126953125
0 0.4382954747476341 0.95361328125 0.027753293657269973 0.03857421875
0 0.8102477140132593 0.830078125 0.041981639140733495 0.04150390625
0 0.8942316807567707 0.85107421875 0.044956786129709325 0.04345703125
0 0.8591314386050128 0.890625 0.043446482890733495 0.04150390625
0 0.695068359375 0.7958984375 0.02880859375 0.0126953125