0 0.38800546671893366 0.07541586144358381 0.025319969815177146 0.02595854176230039
0 0.3655640465182247 0.05035400491031944 0.03138636769475167 0.01036341515269068
0 0.357525006339359 0.09404019979701372 0.0196395774145387 0.03573415142117087
0 0.3686202163631881 0.16941491381179785 0.0392585285612056 0.014419112690863378
0 0.3034036033862376 0.18696292366274403 0.029808253855318823 0.031688357955647506
0 0.18739227475347103 0.26391166798533416 0.021927570007942987 0.027144379167474808
0 0.14098603870418003 0.29459350946437024 0.04884269962439691 0.032754540626818374
0 0.18919914670893107 0.36742729298533416 0.029268834719786974 0.02871881240638663
0 0.24209187804042087 0.31616790756664703 0.01732601587836835 0.04285907992486693
0 0.28801341314573975 0.34175798398539325 0.033981187601347385 0.01935176789899451
0 0.32400380630751313 0.3026358177908339 0.031162298853333104 0.025460275853429915
0 0.3929135947614141 0.2725619122958014 0.02219178241652442 0.04228109791747481
0 0.3983636132768734 0.44472590329949746 0.040431119622411194 0.02572929753938502
0 0.21337890625 0.013916015625 0.015625 0.02783203125
0 0.24408650897645 0.23434593247182145 0.02878907645070894 0.029167235607125974
0 0.2257253787002085 0.2749628963929924 0.019349796063191316 0.019132588921170868
0 0.321475807879427 0.40992813398418104 0.036300800780992626 0.040507293846037795
0 0.41162109375 0.092529296875 0.0166015625 0.01806640625
0 0.24700792689581352 0.03753871533143116 0.02441159116255287 0.02978507566377886
0 0.15489877510715705 0.47535725738063284 0.0011956886665244193 0.040567201799260655
0 0.24637424816956882 0.4214373673203431 0.02734127866255287 0.030024223959343566
0 0.1827238991453869 0.16454144128089893 0.037268840300070605 0.04009872869455944
0 0.5650019226847491 0.22012594885481968 0.07069961444751699 0.08378484299503253
0 0.6751852435034711 0.36956030301744536 0.06038604733106312 0.07952985521055589
0 0.9558666751191454 0.28601533359396825 0.01915129616453859 0.0356942933719101
0 0.895462219457372 0.3271304022515673 0.04597872463432573 0.0642138155319929
0 0.8430651833882233 0.29473426172321127 0.05208773741851025 0.05106009517238319
0 0.050481076498293254 0.8287244824633354 0.05572977500992882 0.03624224081646954
0 0.1435546875 0.530029296875 0.0537109375 0.02099609375
0 0.30743053748801175 0.5901551279080723 0.05798725598567289 0.08177197121425195
0 0.2697534496719812 0.8127813433452397 0.053629287996808106 0.0555742005701656
0 0.21001872919701658 0.8362385709043172 0.049757129920495746 0.05720846117607925
0 0.5149159768143238 0.7041023683622117 0.049910543577091626 0.0659975236760792
0 0.5848325859855992 0.8157495995149616 0.028959536069148584 0.038932860607125974
0 0.637727788654536 0.7366183247970137 0.042750732802056324 0.046884823486428084
0 0.7244334659060951 0.8576525697748967 0.04805117136723336 0.07120918522903608
0 0.463623046875 0.548583984375 0.03173828125 0.05810546875
0 0.5498046875 0.991943359375 0.029296875 0.01611328125