0 0.16403487979023812 0.2287406308929234 0.03676238472610338 0.04091937875457363
0 0.07127658816727594 0.2081128192134638 0.03491297432691853 0.048703470420908834
0 0.07813993424828969 0.33037062671565115 0.03819751335664012 0.03410616792150545
0 0.003662109375 0.3603515625 0.00732421875 0.0361328125
0 0.14726613600821004 0.4758336700598552 0.037553948522723646 0.038489335838039596
0 0.24174559802159007 0.22866745340346267 0.03838251206001997 0.03654757417150545
0 0.27703470110725603 0.24667170340843403 0.03411412590908558 0.05747548792071
0 0.3476892132983893 0.15268375758371772 0.04276975868880717 0.04294068375536908
0 0.2368712234120275 0.17045403298553657 0.036473671421908715 0.030671154171306614
0 0.01611328125 0.509521484375 0.0322265625 0.03271484375
0 0.1728515625 0.556884765625 0.033203125 0.00537109375
0 0.33936023520401515 0.488331834669371 0.030740441520974215 0.05158202292031233
0 0.40680976256415424 0.4817860042617854 0.029778448263399593 0.03888671042031233
0 0.20440311514278314 0.024928833396303918 0.03129486099650103 0.026708087503977074
0 0.3572815256643732 0.6082431138108495 0.022039947744751487 0.03977236625258507
0 0.34262465027393574 0.6662292675594574 0.025354201893936334 0.0320053195864487
0 0.3977689865006354 0.7704778275680082 0.04186719567015906 0.04390588292190323
0 0.49367838743304093 0.8204650125815303 0.02445163887528823 0.03297051875298296