0 0.3334887189924922 0.12242743929857708 0.04705241205413069 0.04571227174876291
0 0.09667474894623196 0.4302219856413194 0.06307352738467764 0.037894546631628945
0 0.8376330667050373 0.3136318481959379 0.016980492111791756 0.026807621032907236
0 0.6308647023802119 0.3304122373567628 0.02019359715492608 0.023977386266144318
0 0.7716191309136474 0.4261287482271957 0.009813381034328827 0.01490417309975256
0 0.7765258214308118 0.43332509917731943 0.018988292930895878 0.01370927248282472
0 0.8024968936002648 0.44088708869470095 0.01650247679577177 0.019971683532907125
0 0.5984676476108566 0.2589422342226597 0.011018685258358918 0.02517228688307216
0 0.614321616821253 0.1987894128565566 0.010472382040050299 0.01735978688307216
0 0.6575398678996092 0.12414067955791741 0.01579906590492608 0.023849518466268038
0 0.7486056528696621 0.23695977389358747 0.016980492111791756 0.026807621032907236
0 0.7877092166055817 0.2084225910947421 0.01650247679577177 0.019971683532907236
0 0.8404025278696621 0.23428875762950496 0.01134651268661735 0.015923358199711357
0 0.8679205712609543 0.1870069642803709 0.01688832619233871 0.018521047316226724
0 0.9034044212028465 0.24664455714791733 0.01852388969806018 0.02100507616618552
0 0.9156763942059305 0.22622721496496884 0.02095503001408039 0.027897843799463917
0 0.8586327340906081 0.26409334652995853 0.01818245018661724 0.01612226366618552
0 0.9065284789893662 0.3263054385645152 0.01579906590492608 0.023849518466268038
0 0.8547601730690201 0.40462787621290697 0.018445335861791756 0.026850243632865922
0 0.9809110289603122 0.3544761611332162 0.01461763969806018 0.02089141589962884
0 0.991943359375 0.370361328125 0.01611328125 0.02001953125
0 0.991455078125 0.326416015625 0.01708984375 0.02294921875
0 0.9730440806275744 0.2979491963997729 0.01824047215492608 0.023920556132865922
0 0.99462890625 0.284423828125 0.0107421875 0.02294921875
0 0.6816084622798629 0.30740765629156686 0.019910179611791756 0.02689286623282472
0 0.6600729850963296 0.2723172188410308 0.017899032643483137 0.019037743632865922
0 0.6624871671799607 0.2438690385411545 0.016820038290050188 0.017544484816226724
0 0.5881284952261789 0.22303674225577308 0.022464283649204553 0.021607017682742313
0 0.738778887238515 0.13841220659350495 0.013948372758358918 0.025257532082989753
0 0.00390625 0.713623046875 0.0078125 0.03369140625
0 0.035243477365684894 0.7687241807292575 0.034002047959503234 0.026328322199092757
0 0.11103976890309775 0.7611367117814019 0.021648174970946066 0.030841738832783516
0 0.15671212836917348 0.9804706884655874 0.030607957226667537 0.033538880682536076
0 0.6132077960575771 0.5416884286754637 0.060396459625872145 0.05535901136507215
0 0.555908203125 0.48193359375 0.06201171875 0.0244140625
0 0.7771848224365333 0.5706771413966802 0.05251901787278812 0.07510859948200022
0 0.983642578125 0.52294921875 0.03271484375 0.0888671875