0 0.2621347461807987 0.4961873487393922 0.03982952500894843 0.06750964365485967
0 0.2139877370106852 0.5196281719809389 0.04023826292468713 0.060693602091170584
0 0.21185416703136606 0.36712525449045297 0.05264983417707336 0.07876912549893922
0 0.16644537913750135 0.19722659866831047 0.0391878387571587 0.05430615396854904
0 0.06236829539804062 0.1153122536114998 0.0475170283408235 0.05708579113583173
0 0.09502290159037285 0.5416489282074273 0.051712701255170135 0.04017501081262864
0 0.3642578125 0.403076171875 0.0107421875 0.04638671875
0 0.12378378123011458 0.12709648533665396 0.04224252292528363 0.06516771708641356
0 0.18219640207272775 0.061084830821322156 0.05116192167110778 0.03478402112631773
0 0.1761548716482395 0.11848316302190393 0.04589877958903377 0.0438425095768995
0 0.1474609375 0.011962890625 0.0498046875 0.02392578125
0 0.462519606217189 0.24280589213343673 0.047800769588437264 0.039527562072142475
0 0.40821880164406354 0.16536233883032228 0.028757800838437264 0.038751620556023325
0 0.6084712729004269 0.12662477678141795 0.038682512506959865 0.0528214142822383
0 0.642797999557416 0.19934634669579177 0.025896293339232712 0.044491619938158866
0 0.774145655807416 0.20469835356338278 0.027661923337045202 0.02845792243340184
0 0.9197142561963093 0.41531666601553924 0.0384609275043748 0.0337784455322383
0 0.9310921061923322 0.44509104348699713 0.03975532125238623 0.019189695841170584
0 0.9637347987199729 0.24271131028826348 0.04204366458963049 0.04807787333641356
0 0.8671570391321323 0.2719949358350463 0.03668393417309623 0.04883558053699533
0 0.8019077966114514 0.42175221411464914 0.04391724625536897 0.04132151958165653
0 0.7681535499383552 0.46776257169551827 0.04204366458963049 0.04807787333641356
0 0.6966422182577023 0.5679249006167706 0.030347641256562197 0.04955349586495572
0 0.6793438632837523 0.37523453191434075 0.04207775459002816 0.05100756083641356
0 0.6136578166027018 0.4785652995713221 0.0325220091701135 0.02670375679650938
0 0.4981049261766227 0.5432256920382965 0.030154464587641927 0.0329519333649555
0 0.6368921449564509 0.329050095768995 0.04421803250318168 0.025228134267967217
0 0.7074503249821031 0.14287068310249967 0.040368599170511166 0.029951779277481272
0 0.8207660070715346 0.10254476939028229 0.034662629172300896 0.0428966217917523
0 0.705322265625 0.70751953125 0.03076171875 0.044921875
0 0.966543118684378 0.5051570927739925 0.03264132417150556 0.03695766304650938
0 0.5427480574176743 0.610993982865196 0.0331409687549713 0.03795412148282007
0 0.272216796875 0.749755859375 0.03173828125 0.03955078125
0 0.2723939920084978 0.9100766227417871 0.039812480008749596 0.0660447999048599
0 0.19082898076963362 0.8246829595052709 0.03850069917150545 0.0371964142822383
0 0.064697265625 0.7490234375 0.04052734375 0.0380859375
0 0.046320115347531596 0.8588527207936004 0.05183769792329515 0.05091719831262842
0 0.193359375 0.992919921875 0.0380859375 0.01416015625
0 0.40460491951287253 0.9087328162304251 0.0613306029201135 0.027877617038843283
0 0.65869140625 0.990234375 0.0458984375 0.01953125
0 0.655763295348327 0.9033343274941492 0.0459726412565622 0.0501901658268995
0 0.7876624153604572 0.8193109696754295 0.04860722417548269 0.06689120800845316
0 0.850060145359264 0.8306467120232052 0.036570300838437264 0.03906995553699533