0 0.004150390625 0.416748046875 0.00830078125 0.06591796875
0 0.09887357853553835 0.37537704253857784 0.0596932145389355 0.06367008125795426
0 0.030517578125 0.02978515625 0.05517578125 0.0595703125
0 0.6876550294257475 0.051973165504626606 0.05153979530205621 0.044047924590226994
0 0.7218555965939049 0.19107116550959802 0.028034111454680488 0.0398689545870452
0 0.7689571367727704 0.23459671884942723 0.030552224532978345 0.04429189417071
0 0.6471777145926986 0.1325733196659905 0.04645243125992882 0.0322723579228974
0 0.586303639411921 0.40242774049170105 0.03828801770468049 0.039988269588437264
0 0.7332688816495798 0.3206247834281206 0.055693211748793825 0.058253534174090627
0 0.4046712839925575 0.7887597950648266 0.06037999568758812 0.04707988209142011
0 0.49391459162170537 0.6843080634100249 0.02583134867049597 0.053512421253380515
0 0.46870789189596107 0.7294341363233773 0.0418082622257443 0.045887416255568025
0 0.33576507584468435 0.7073752288052816 0.032025591263900255 0.044797220420908834
0 0.4473145449483703 0.5001347834032639 0.04170598645468049 0.040028041255567914
0 0.19199237114674067 0.6622364242023279 0.051173307122411194 0.023051830840226994
0 0.09995327237489737 0.7310038529399989 0.04428376039943216 0.04786894958923271
0 0.17172950715631657 0.8158404779499416 0.03638603059021239 0.04289523042150556
0 0.3082096136905011 0.831103219635168 0.048490786069148584 0.037177897089829326
0 0.379235826150786 0.9589085946451108 0.05982353059021239 0.04316795042468713
0 0.42443043654028934 0.9438063079845423 0.023741855975744297 0.0456771945864487
0 0.18293576933241695 0.9292751329517314 0.04236472732312013 0.049799347922300896
0 0.06783418172114081 0.9762854666862206 0.03244568866652442 0.040896652087641705
0 0.08316803800092715 0.8812297096047433 0.050333112317162865 0.03085296750676103
0 0.6016955407890094 0.6160619796556501 0.04754831549283667 0.03911965875636336
0 0.5536355930405684 0.4875470804821561 0.028607622513900255 0.04475744875377824
0 0.7608573267588701 0.8987327384279218 0.04958667030205621 0.04402519792329507
0 0.978440533940854 0.6883306834569545 0.03291692395468049 0.0399257712543748
0 0.9123743476094379 0.9478686996986027 0.03392757837836857 0.04189025958784076