0 0.14599609375 0.29638671875 0.076171875 0.06640625
0 0.39453125 0.03369140625 0.0302734375 0.0673828125
0 0.2168407882603035 0.03457151426238192 0.08871979471548563 0.05962213167866426
0 0.43310546875 0.162841796875 0.046875 0.03076171875
0 0.4248046875 0.08740234375 0.0302734375 0.0595703125
0 0.03710946421755269 0.8436373929324424 0.040910843273671366 0.06638954708883493
0 0.042290554124852664 0.8949637408497719 0.04969990577367134 0.06649181709002816
0 0.02559743693299757 0.7111881775143175 0.03408910945973326 0.06875141000457363
0 0.03917524205445956 0.6112552895995731 0.03781071154092855 0.037058582088437264
0 0.11270117772516816 0.5769569712762488 0.02628513167137042 0.07012534708684637
0 0.15116241808773184 0.725831959614686 0.023224770259600902 0.0476303195864487
0 0.17134103062162515 0.7534086579507371 0.024882784140042857 0.08085048958664753
0 0.19101934785561003 0.611069162953521 0.01543499615729993 0.051445662918721435
0 0.27393090084091853 0.6794121771313898 0.027077046252565684 0.03839842917031233
0 0.401123046875 0.65869140625 0.01708984375 0.046875
0 0.39990234375 0.51611328125 0.01953125 0.0498046875
0 0.39404296875 0.42431640625 0.03125 0.0625
0 0.345449086403533 0.46785640172459964 0.03160225141433526 0.060910501670908834
0 0.3053683894969357 0.7120023663022987 0.016908362118937093 0.05292755166892027
0 0.34537937017534126 0.7915641438076678 0.03153975519566288 0.050168314170908834
0 0.3348303528057832 0.8246422721395428 0.043624634745530466 0.029314262089232823
0 0.3787302135103851 0.8173411221455085 0.03886681468287523 0.05074182042190323
0 0.38448797307179833 0.9677885638128381 0.04083414336893709 0.053205953338835155
0 0.357421875 0.9794921875 0.0439453125 0.041015625
0 0.2837713616600288 0.94415720296585 0.04620523711893709 0.0532684516728974
0 0.2225430352795869 0.9102438696242311 0.028138830868937093 0.053058230003778295
0 0.15713290738954414 0.8289218016987485 0.04914912830499901 0.05574394792329507
0 0.878473244959153 0.4591362034034627 0.03838421490729993 0.051712701255170246
0 0.911865234375 0.353759765625 0.03564453125 0.04833984375
0 0.8969401951560987 0.5281940813225818 0.022285137343361905 0.05396661250298285
0 0.52685546875 0.34619140625 0.0458984375 0.033203125
0 0.421875 0.899658203125 0.0244140625 0.02783203125
0 0.416259765625 0.784912109375 0.01318359375 0.02001953125
0 0.9773118927405622 0.8313549234165871 0.03728550070716752 0.030705244171704393
0 0.7589507481881289 0.8117253746369577 0.02626808724809604 0.06719565958684637