0 0.17578125 0.018798828125 0.0693359375 0.03759765625
0 0.03271484375 0.029541015625 0.0654296875 0.05908203125
0 0.04008910618948455 0.16370795782220604 0.0643577203325087 0.06719142163162894
0 0.3905954533339102 0.04297068846558738 0.051548651255418854 0.06486890076531959
0 0.3175899549428891 0.08275630484680385 0.04566565290851465 0.055923555398804226
0 0.25568144989536756 0.20390019204486576 0.05832289466950569 0.07237781744847416
0 0.07884749591734941 0.241326711739835 0.052222014763158464 0.04295307464859777
0 0.2663821177788023 0.07690966956204104 0.04251326805170341 0.04364548648220623
0 0.4814453125 0.181884765625 0.0234375 0.05419921875
0 0.5033014783332861 0.18320474597554626 0.02717265949442793 0.048073657915979395
0 0.5430990359269389 0.15270023064338129 0.0488845476486075 0.0526050393820412
0 0.6429682677428845 0.24663786421270084 0.05744609699442793 0.04895452498179376
0 0.630859375 0.3310546875 0.0439453125 0.0576171875
0 0.533447265625 0.344970703125 0.07275390625 0.02978515625
0 0.793701171875 0.349365234375 0.03857421875 0.02099609375
0 0.8701231739752378 0.2586144637857316 0.0440253584955117 0.06123781901552583
0 0.9375821279532559 0.2243704315543502 0.06320570716950558 0.07251989278167015
0 0.9663154915051124 0.1550591518219378 0.06142803283250853 0.06710617643171135
0 0.8875937251153283 0.09670023695315433 0.06717846705278707 0.05703696811486603
0 0.9736328125 0.025390625 0.041015625 0.05078125
0 0.2814484221280271 0.8432105843813607 0.04886092430170352 0.04383018441536102
0 0.3475037708020212 0.8520489624165357 0.03842675159133213 0.05717528614901024
0 0.448974609375 0.474609375 0.04150390625 0.0302734375
0 0.4463055918498491 0.5077762193198759 0.029073722003251312 0.038867351832577335
0 0.3971033978168763 0.46078609123523684 0.03665389305170352 0.04347499608237115
0 0.20683998502508005 0.4271934915632781 0.0415603288986075 0.052391926382247433
0 0.04627985992802264 0.5340890416752576 0.04820200818606868 0.0408862893820412
0 0.16820914738452986 0.9228064749113813 0.037824713764242235 0.05520795361569064
0 0.8157446000447411 0.5546887923103916 0.07319402952631693 0.0849968671647423
0 0.6129714126506218 0.4490720957048659 0.0574649045439638 0.06601595366515467
0 0.6058641641801902 0.5705778641711339 0.05246351966950569 0.07220732704863919
0 0.7808381196260128 0.7195558965924741 0.07048749502306562 0.04689672213142271
0 0.8128030027503177 0.8232950848265359 0.06282200654179626 0.040824234131628945
0 0.979248046875 0.75439453125 0.04150390625 0.0771484375
0 0.9281472298099139 0.7294537928465977 0.06207295719597594 0.04470206906498975
0 0.939066234892729 0.5726212839804946 0.053682042715790246 0.05128227096523719
0 0.8421748485504664 0.3954485173780617 0.05120738152414939 0.05900952576531959
0 0.9111328125 0.384033203125 0.0498046875 0.04833984375
0 0.9508528616958226 0.40549224626443275 0.038260932523065616 0.045959024932329895
0 0.9489797826913343 0.46570712288094823 0.04521062660015551 0.048111055398804115
0 0.98974609375 0.46533203125 0.0205078125 0.052734375
0 0.5493061227733834 0.8759600654857114 0.043641657867802275 0.029542160365484627
0 0.523251310220443 0.9324765799848866 0.054379029570433945 0.03814129981519576
0 0.6023292493735388 0.9213716895537938 0.05909602300216754 0.02706711393171135
0 0.7736542740376257 0.9237232716419379 0.06578013318606868 0.04139776058154654
0 0.9023002115817427 0.8735147264289689 0.04894142593715256 0.0535816018820412