0 0.0966796875 0.14475776816283586 0.05078125 0.06721905411360296
0 0.018310546875 0.027587890625 0.03662109375 0.05517578125
0 0.376953125 0.03559524406492154 0.04345703125 0.03012860309962173
0 0.579345703125 0.278564453125 0.05029296875 0.04248046875
0 0.08203125 0.6736864633167209 0.04541015625 0.03757798378668342
0 0.482177734375 0.447998046875 0.030029296875 0.023193359375
0 0.425048828125 0.510498046875 0.037353515625 0.030029296875
0 0.371826171875 0.513671875 0.030029296875 0.029052734375
0 0.3623046875 0.460205078125 0.034912109375 0.034912109375
0 0.388671875 0.399658203125 0.02783203125 0.029541015625
0 0.43359375 0.38134765625 0.03369140625 0.02783203125
0 0.621337890625 0.33837890625 0.03369140625 0.026611328125
0 0.55322265625 0.3916015625 0.049560546875 0.0283203125
0 0.700439453125 0.435546875 0.036865234375 0.016845703125
0 0.771728515625 0.470458984375 0.052734375 0.04345703125
0 0.725341796875 0.488525390625 0.0263671875 0.025146484375
0 0.745361328125 0.57177734375 0.028564453125 0.01611328125
0 0.67578125 0.600341796875 0.02587890625 0.0390625
0 0.61669921875 0.551513671875 0.02490234375 0.013427734375
0 0.602783203125 0.580078125 0.028564453125 0.02880859375
0 0.530029296875 0.559814453125 0.022216796875 0.0224609375
0 0.56640625 0.600341796875 0.029541015625 0.037353515625
0 0.549560546875 0.5224609375 0.03857421875 0.033447265625
0 0.52490234375 0.486328125 0.0263671875 0.032958984375
0 0.45361328125 0.537353515625 0.022705078125 0.024169921875
0 0.43505859375 0.545654296875 0.0322265625 0.01953125
0 0.419921875 0.562744140625 0.034912109375 0.0234375
0 0.38623046875 0.619140625 0.035400390625 0.013671875
0 0.317626953125 0.59765625 0.033203125 0.023193359375
0 0.3154296875 0.63671875 0.04052734375 0.027099609375
0 0.32275390625 0.702392578125 0.037353515625 0.026123046875
0 0.388671875 0.73388671875 0.0322265625 0.02001953125
0 0.5126953125 0.71044921875 0.03271484375 0.031005859375
0 0.544921875 0.7880859375 0.03271484375 0.032470703125
0 0.589599609375 0.765380859375 0.037353515625 0.042236328125
0 0.607177734375 0.7333984375 0.035400390625 0.03125
0 0.594970703125 0.688232421875 0.037353515625 0.013916015625
0 0.55810546875 0.68310546875 0.0390625 0.053955078125
0 0.627197265625 0.634033203125 0.025390625 0.0322265625
0 0.66357421875 0.669189453125 0.024169921875 0.029296875
0 0.732177734375 0.6474609375 0.02490234375 0.031494140625
0 0.80322265625 0.55810546875 0.02587890625 0.031494140625
0 0.853271484375 0.800537109375 0.05419921875 0.0244140625
0 0.591796875 0.8212890625 0.0322265625 0.023193359375
0 0.290771484375 0.802734375 0.0654296875 0.047119140625
0 0.258056640625 0.76708984375 0.03955078125 0.0234375
0 0.24365234375 0.6181640625 0.0263671875 0.032958984375
0 0.32763671875 0.5302734375 0.050537109375 0.03515625
0 0.26904296875 0.8544921875 0.03271484375 0.03173828125
0 0.265869140625 0.896240234375 0.04052734375 0.0283203125
0 0.50732421875 0.915283203125 0.044189453125 0.037353515625
0 0.699462890625 0.726806640625 0.0400390625 0.031494140625
0 0.80859375 0.650634765625 0.031005859375 0.020751953125
0 0.78369140625 0.61865234375 0.041748046875 0.015380859375
0 0.380859375 0.362548828125 0.063232421875 0.026611328125
0 0.24951171875 0.51025390625 0.03173828125 0.01806640625
0 0.2939453125 0.519775390625 0.029052734375 0.041259765625
0 0.95263671875 0.79736328125 0.056884765625 0.037353515625
0 0.489013671875 0.6611328125 0.04052734375 0.027099609375
0 0.88232421875 0.45556640625 0.017333984375 0.0322265625