0 0.271728515625 0.4267578125 0.04052734375 0.0263671875
0 0.3452910437777268 0.3857968512849113 0.03353304991851025 0.04935398262528834
0 0.08843337104127424 0.22540670514274397 0.038091989143475 0.03116929253204781
0 0.17267479783779993 0.13475069075171028 0.040326372513900255 0.04743057274475154
0 0.23051494521063776 0.04014356536417557 0.0306289313612762 0.05059682793123266
0 0.3199347641017003 0.1902842067044938 0.05036720424085095 0.036000536048946374
0 0.4065054360273739 0.20513394205413604 0.04834589539347478 0.031946287086242586
0 0.48598669896254965 0.3725639950902594 0.030714161170495746 0.055479640431232546
0 0.07866885500985499 0.30854008610719724 0.02744960607709168 0.06400970474650103
0 0.095703125 0.42138671875 0.0419921875 0.037109375
0 0.744140625 0.008544921875 0.03125 0.01708984375
0 0.7943464947713428 0.3981562829457659 0.03791053520666621 0.048710417791371974
0 0.834381976965315 0.3451119174125453 0.03344782010929037 0.04447117012528823
0 0.7857099903596433 0.12686419127035842 0.03839881645666621 0.0487474175320477
0 0.7298949855404947 0.08606212682397663 0.025144567521843353 0.0716372060431213
0 0.708254725546452 0.10344010724355907 0.030447477424467406 0.06813795319055671
0 0.8625504915778711 0.031258649519185555 0.029337018567162865 0.03245642219988076
0 0.859596344103686 0.11344518310310203 0.028349461748793825 0.05968917297785292
0 0.9102742093640415 0.02756040535542814 0.03735407010929048 0.044767168050695916
0 0.92626953125 0.01025390625 0.0361328125 0.0205078125
0 0.9970703125 0.159423828125 0.005859375 0.05029296875
0 0.9513940746719813 0.39981629319342016 0.030080989244822387 0.04714185944055682
0 0.9263187999660945 0.41595871292827113 0.030055420302056213 0.04567701569055682
0 0.9114245583882234 0.2890201571706965 0.023733332994822387 0.04666086281176951
0 0.9374167347276562 0.26953376816719754 0.026569267704680488 0.04151176750582519
0 0.16004000177254907 0.8294409031468195 0.04393431818163096 0.030636726920159063
0 0.24567314579680477 0.7905797009964619 0.028573530590212393 0.04458945396852887
0 0.37968022549474845 0.7573345981730226 0.03073120713234001 0.056456202931232546
0 0.5455902478179424 0.5124350076689275 0.04133702693758812 0.049457697226103436
0 0.676513671875 0.56298828125 0.02685546875 0.04296875
0 0.09454349279403951 0.7089082806089467 0.044232622513900255 0.04772657067015906
0 0.15740750963623762 0.7624353726747918 0.04650356914546072 0.0381459443735388
0 0.24836913250588344 0.7215397614218694 0.035091646458651926 0.05483607559731607
0 0.7598324464785096 0.4673494111945735 0.02793183568361668 0.03576339172785292
0 0.8295128835214166 0.5482129686392058 0.03394462434021239 0.04499645111596423
0 0.7248758053457429 0.5319942428845535 0.040652717126382854 0.03819022873542749
0 0.7541702090082959 0.5620092588344343 0.028275226257943098 0.02749961021852887
0 0.69970703125 0.591064453125 0.01953125 0.04052734375
0 0.7100019366354582 0.6576523769608955 0.027614014052056213 0.045492016987176975
0 0.764243770290068 0.6642007544259254 0.04207494597177286 0.035859821707455275
0 0.8136734466295008 0.6464903529748718 0.03229227500992882 0.034143264393936446
0 0.806707193078224 0.6664431693647326 0.024599096742836446 0.040387206043121404
0 0.7389405930364493 0.8349063319667205 0.02708311789744644 0.04301361099650114
0 0.7849327833265911 0.8437554013402595 0.03024539721978714 0.028624171681232546
0 0.7955531777562364 0.8655284896444542 0.024857257507943098 0.02724061203379735
0 0.7714459425694277 0.881256627610657 0.036317846742836446 0.04127519981934391
0 0.8657243673865904 0.9186340153204384 0.03486152597375858 0.04165248184731629
0 0.8611800027860227 0.965590299423003 0.01694248173687929 0.0207892411829822
0 0.7404697869275119 0.9783870199853686 0.023117207030992404 0.03929964432109356
0 0.71923828125 0.980712890625 0.0283203125 0.03857421875
0 0.705322265625 0.93994140625 0.03076171875 0.033203125
0 0.7104022633385056 0.8761433787761639 0.02332175857312002 0.05101839432109356