0 0.442138671875 0.488037109375 0.03564453125 0.06298828125
0 0.39599609375 0.503173828125 0.041015625 0.03271484375
0 0.39587509641076357 0.36464619312929647 0.0535420974422961 0.07786483270785594
0 0.3524213312126734 0.19777983573695712 0.03980162495234385 0.05363219990726997
0 0.24924787714945734 0.12258656451940078 0.048159230563563415 0.056266808985416694
0 0.16793016456189216 0.21964251757291647 0.05768619324644103 0.04624020018029518
0 0.045781114469162165 0.1839322466283853 0.06958718945883252 0.07531018599190542
0 0.31055538207682276 0.13043193436666634 0.042981339641710026 0.0644425766407335
0 0.36976365169097214 0.06073150444188331 0.05154269644034293 0.033896790463368104
0 0.3630515030161891 0.11847370553656647 0.04638753526297745 0.04304912061868493
0 0.335693359375 0.0126953125 0.05029296875 0.025390625
0 0.480224609375 0.508544921875 0.04052734375 0.02197265625
0 0.5177546556215492 0.1897238406514105 0.0484652656011719 0.027480944979904498
0 0.5052992302081378 0.11681123444648431 0.04965816893029518 0.057765747352148455
0 0.470703125 0.25439453125 0.021484375 0.0244140625
0 0.015869140625 0.592041015625 0.03173828125 0.06201171875
0 0.0146484375 0.83056640625 0.029296875 0.05859375
0 0.13781052793895354 0.5614592645219831 0.04524131619229599 0.07767162987970921
0 0.33576777711987804 0.6110216153964622 0.04494623777044282 0.08596104625746537
0 0.21755743861792487 0.657694497235004 0.04494582951395398 0.06497631737970933
0 0.430908203125 0.81103515625 0.05810546875 0.0712890625
0 0.450439453125 0.761474609375 0.01904296875 0.07080078125
0 0.39306640625 0.98486328125 0.048828125 0.0302734375
0 0.5135829309950517 0.7439157107846133 0.05591449794585501 0.033022511813563415
0 0.779296875 0.53955078125 0.05859375 0.0400390625
0 0.9058444725981767 0.6645113129894741 0.041368752552539245 0.058060825774001845
0 0.732775752756076 0.7407660081470915 0.05392768658561198 0.05249693745234385
0 0.6722852938608068 0.7607185749330941 0.050066896074587586 0.05435914347439241
0 0.48095492365811576 0.950618196002517 0.03315889028049046 0.06177387294585501