0 0.13332576869332646 0.4044467902181731 0.10529898417607908 0.07420273935020427
0 0.28645858619113906 0.42770107979043537 0.05105999375894843 0.06826040141621981
0 0.28072352368119635 0.5007158466432295 0.060422220420908834 0.03404727396063145
0 0.20712907284375337 0.5275779744351425 0.07275424833903377 0.04535801307864595
0 0.21784661498946073 0.06835548089706883 0.0627616987587496 0.06734136721951373
0 0.12145190324636762 0.6271592222384821 0.04086256208724415 0.03069618512180816
0 0.9149383690971339 0.2553419097624021 0.06134230834261323 0.07117939102535198
0 0.8553122661969059 0.1314054016723295 0.031988616675283854 0.06493205464211715
0 0.6641212353546904 0.18796568393130314 0.04572867167607919 0.07142820745429346
0 0.8094742744967653 0.3759861312269184 0.07038704584559596 0.09356140444032235
0 0.8915506357415952 0.4179154776646965 0.058441029176278025 0.07348434488702837
0 0.6627288849160834 0.3496095197460237 0.05496056209221556 0.06795405668398447
0 0.9404379720321614 0.12120236468371048 0.09954790293303883 0.12517662375883676
0 0.982421875 0.312744140625 0.03515625 0.07470703125
0 0.1638321545293775 0.6913383132978856 0.03160226333744287 0.031728929642117154
0 0.02397917702699126 0.7024122077877997 0.029177902087641705 0.03308006306851419
0 0.20166015625 0.98681640625 0.0341796875 0.0263671875
0 0.17552215410667893 0.7363404586659001 0.02870098417110789 0.03403388350379366
0 0.4832877491198033 0.9335377127257147 0.0553011200071587 0.05528148624870499
0 0.3819411524556554 0.9102526757638341 0.05084409042309623 0.04970571391621981
0 0.40380859375 0.673095703125 0.0537109375 0.04638671875
0 0.3671875 0.72119140625 0.03515625 0.044921875
0 0.7397564308163644 0.7251487426304166 0.04982207458923282 0.04575397978677864
0 0.8814943533179553 0.7200251913993849 0.05665801208923282 0.04607236869286674
0 0.7896730412058544 0.9277774560555186 0.04847654584062466 0.05593965984261695
0 0.5980000949584394 0.8997968558703306 0.0592073700071587 0.05546342276646965
0 0.971923828125 0.9638671875 0.05615234375 0.0576171875