0 0.09473683722657711 0.3154934078073105 0.03136219244847416 0.05610793829019012
0 0.2726485710693196 0.06860128681593955 0.04187705941536102 0.04898382894402925
0 0.4047701270537938 0.11767093277039725 0.03340578776552583 0.04259251571151723
0 0.4423828125 0.152587890625 0.0146484375 0.04736328125
0 0.065673828125 0.648681640625 0.05224609375 0.02197265625
0 0.6258821593762061 0.11814064765019439 0.048645716547814466 0.08060931475521427
0 0.6954677856959379 0.23168964855574092 0.05472342966474231 0.07173874730066454
0 0.6679445628799173 0.25291789067114323 0.023620730115072153 0.05804869679194358
0 0.6374078751820615 0.32727491758374927 0.053135943231999994 0.050680072582133695
0 0.5713223516683914 0.4296837576135111 0.03237615243129899 0.07420563502445576
0 0.550513891487711 0.5227642909456907 0.016358566615484516 0.04296219251222766
0 0.6961121743047626 0.5457920207410492 0.030891876030845422 0.09019375433739407
0 0.7019401986019584 0.4463703886466417 0.019984423248144312 0.0670757166678202
0 0.8651719687342059 0.4181846106727587 0.03372733591474231 0.07039325647725181
0 0.8475361919380409 0.5535389458633271 0.020700025031257674 0.07491950715208562
0 0.8677441784202471 0.5147202122496783 0.020534759748556786 0.05248986013635104
0 0.8726389089725975 0.5986856632636595 0.035069536981999994 0.0495223246643135
0 0.9608324711342471 0.42578238933877965 0.019984423248144534 0.0670757166678202
0 0.9554868568147215 0.3236879511062676 0.018974220564371258 0.08260684521502393
0 0.9499901847458143 0.24359745960802104 0.03283601861465968 0.07326036300872096
0 0.9701787385775669 0.1886341542601067 0.020691042615072153 0.05786095388635115
0 0.988525390625 0.571044921875 0.02294921875 0.04736328125
0 0.120361328125 0.666748046875 0.02978515625 0.01416015625
0 0.18701171875 0.67041015625 0.02734375 0.021484375
0 0.16414821584742245 0.7294425426991056 0.01751084463245367 0.03231387646502393
0 0.1515926891996492 0.8078870050295319 0.013780310149422714 0.02135265557516619
0 0.14873028206719563 0.8390118430924702 0.02170124529884543 0.04232982533914731
0 0.087032596868309 0.8746826042935592 0.03131058743232995 0.03758454127445576
0 0.07334128921785538 0.8576618989998621 0.021701245298845373 0.04232982533914731
0 0.06579873235092754 0.8478839075016156 0.02081515311589688 0.028626659854881886
0 0.04173985818391723 0.8341123520383449 0.022967183582371153 0.03558775929194358
0 0.03077328578696875 0.9420101417900982 0.02083834306540211 0.046173494370616464
0 0.42138671875 0.677001953125 0.0166015625 0.03466796875
0 0.43578364859680385 0.7248361052164097 0.02496293118232984 0.03717776497900527
0 0.4012397903476286 0.7519739368020962 0.016401189215443424 0.04442703626222788
0 0.444580078125 0.779541015625 0.01025390625 0.03564453125
0 0.4301597548832162 0.8340546527950827 0.031704641066226724 0.017627590992986608
0 0.41013499851608226 0.8161388899559353 0.014030820632041419 0.04671199009090077
0 0.4045238445177317 0.874482316081812 0.017178846248969037 0.037653679730758505
0 0.3810242892673193 0.8583006448528068 0.012224996082371153 0.0348993686381045
0 0.35965357453387603 0.8530176135451286 0.02776475088245367 0.032970976634597804
0 0.3432598999165358 0.8279966653458392 0.013865555349340197 0.02428234307516619
0 0.3323808622004739 0.8488239401762655 0.020630455182742313 0.022279003604881886
0 0.3291693135150513 0.774260994849346 0.014178121082371153 0.03502453057516619
0 0.3130650146812369 0.7561072746343219 0.020857775715855675 0.030091503604881886
0 0.24244517406533994 0.7789764853843679 0.017448789382041197 0.046931023480758505
0 0.23172617651484512 0.7606786792462634 0.01812699368232995 0.03673969819928935
0 0.21807520198338115 0.8263339576238935 0.030248779732412467 0.034592272805924695
0 0.25809107453387603 0.8465091928179227 0.020264816615484627 0.04321251638635104
0 0.2796958027356492 0.9109994173126625 0.020900398315814472 0.031556347354881886
0 0.26494938032049453 0.9638655117374965 0.021616000098927834 0.03940013783914731
0 0.24453432761851518 0.8921136494612875 0.02410002894888663 0.04102143401047442
0 0.33214749488733986 0.9745312548161233 0.022478902332371153 0.035556468807678154
0 0.31885399816983473 0.9438386745224264 0.02154496243232995 0.03695873158914731
0 0.33615695491962855 0.9376096227217159 0.020857775715855675 0.030091503604881886
0 0.21272647651999965 0.9429080144368318 0.021990621082371153 0.03552517832341273
0 0.21184789893515432 0.8890406245155047 0.02095200333195879 0.050079744370616464
0 0.14946302701979353 0.9315160327323282 0.023673802949298883 0.026372996510474422
0 0.11002737385443268 0.9754620937096259 0.015600342232412356 0.03365355827796224
0 0.544921875 0.672607421875 0.037109375 0.02587890625
0 0.458251953125 0.907470703125 0.01708984375 0.06396484375
0 0.4781032555183502 0.9372073372900522 0.027038698865072153 0.058267730181801536
0 0.4599609375 0.981689453125 0.0205078125 0.03662109375
0 0.6898894502184739 0.9551819387112415 0.03405933429822683 0.06505345321151723
0 0.79541015625 0.97705078125 0.0458984375 0.0458984375
0 0.8643681861150101 0.843086733204136 0.042289077881628945 0.0631439851940292
0 0.9163338864976699 0.8224464528020043 0.0369800393820412 0.04818264285137519
0 0.90966796875 0.680908203125 0.0244140625 0.04248046875
0 0.7728278683776493 0.693887392038115 0.03806127973241247 0.03509292055417135
0 0.747802734375 0.666015625 0.02978515625 0.0126953125
0 0.736328125 0.680419921875 0.037109375 0.04150390625
0 0.7497702144782267 0.7129558422619061 0.020596814998969037 0.037872713120616464
0 0.7088465276133606 0.7744174472706731 0.043535583514701104 0.07248390991256004
0 0.61669921875 0.68505859375 0.052734375 0.05078125