0 0.17124849403702125 0.18862491431615258 0.043862314492814525 0.02834574713069049
0 0.17233779681301897 0.23289931361310856 0.04057437068912195 0.021373357242366886
0 0.27521020041970645 0.1102323222984336 0.034994406518463306 0.03572614790099937
0 0.288943636223748 0.15489199041265445 0.033324844880638915 0.03175167170683757
0 0.2490608629450063 0.051538252431668374 0.034429356060529104 0.034238562086278956
0 0.5927734375 0.373291015625 0.056640625 0.05322265625
0 0.7269671613533402 0.36788024271344966 0.040335757999651056 0.05399723273348467
0 0.817467939423101 0.3139819835637452 0.038433812471607265 0.05488282697460245
0 0.7083162910591808 0.05457626512333144 0.06220605530573886 0.053067500645910815
0 0.794185326916915 0.08905691222362697 0.03519289560703642 0.06739620295683774
0 0.954345703125 0.01708984375 0.04150390625 0.0341796875
0 0.9700219089217053 0.09840240979477685 0.04724638844116802 0.06503506707485224
0 0.923815720050996 0.2179430403518644 0.03698625339191697 0.09232128877155832
0 0.55029296875 0.21826171875 0.021484375 0.0419921875
0 0.07673630356845978 0.8120571305064292 0.024175449810529215 0.03376097872714667
0 0.11301642568507675 0.7796807251612681 0.016437642752046233 0.04411655112689683
0 0.22615176779590396 0.9258961618605641 0.019987712714770733 0.028207948459382015
0 0.11965942835678212 0.9503396978402094 0.018959970742814525 0.02718590182994074
0 0.013916015625 0.94189453125 0.02783203125 0.01953125
0 0.002685546875 0.684326171875 0.00537109375 0.04541015625
0 0.17118065178422986 0.5806746590686512 0.023766014034880434 0.025948478727146673
0 0.24522027363238352 0.580635833981123 0.02104519695553897 0.0112090729682644
0 0.3393015911221524 0.7930087042514776 0.029546543560529104 0.034011141439073134
0 0.305908203125 0.996826171875 0.02197265625 0.00634765625
0 0.08791491830753079 0.924054126991209 0.020883353474002275 0.04529779220938224
0 0.020483677140964676 0.8258801946345755 0.02633329269835355 0.037758196986029
0 0.985595703125 0.817138671875 0.02880859375 0.05615234375
0 0.6727665935253945 0.7948080923033853 0.035114050132685204 0.07518596089211727
0 0.6502129512250964 0.6117387560749435 0.04012688757899251 0.0686001861040435
0 0.6220703125 0.4111328125 0.0478515625 0.0224609375
0 0.5740078559624229 0.46721289120688336 0.025506116081387642 0.05915160372714667