0 0.09326171875 0.02685546875 0.0341796875 0.0537109375
0 0.09133927300260208 0.1013519528044487 0.03338236534234179 0.0393194855512663
0 0.04146509582161452 0.18173597238610517 0.04533019839281488 0.07241235209117058
0 0.031494140625 0.1201171875 0.06298828125 0.076171875
0 0.0078125 0.03271484375 0.015625 0.0654296875
0 0.10301856788444716 0.22059371910677583 0.03235587954798935 0.06847708899709115
0 0.13873307233276178 0.283863866706673 0.03137939763421049 0.04459109961971264
0 0.03372313312347738 0.413700240850958 0.04927638702829684 0.0492136033268995
0 0.526611328125 0.440185546875 0.04443359375 0.01904296875
0 0.469970703125 0.42822265625 0.04541015625 0.04296875
0 0.5104844398524543 0.24876321573312654 0.036511262502424646 0.06572646492388778
0 0.3654745709164401 0.16512699786207974 0.03425924242607925 0.05006167305126641
0 0.586181640625 0.126708984375 0.00732421875 0.06591796875
0 0.575439453125 0.4140625 0.02880859375 0.060546875
0 0.6181640625 0.43310546875 0.0283203125 0.033203125
0 0.676361891352691 0.41463871661207974 0.02679548021055589 0.05997734838398361
0 0.7559717044204319 0.4230746371208064 0.02839986742607925 0.04982292181553727
0 0.6970278466701952 0.030310802210916143 0.025908699054169038 0.031228442442915894
0 0.7237238832231521 0.031169650713825048 0.023497166194559327 0.037456723075051435
0 0.6387928996997636 0.05214998082296285 0.024423885986428084 0.04284771276136212
0 0.60302734375 0.15869140625 0.0263671875 0.02734375
0 0.834228515625 0.012451171875 0.02490234375 0.02490234375
0 0.790771484375 0.005126953125 0.02001953125 0.01025390625
0 0.7952423511185099 0.09103426996303776 0.021663615342341735 0.03884198307980835
0 0.8249576953426376 0.07279046190701438 0.025908699054169038 0.031228442442915894
0 0.7990790308513012 0.14538353904575507 0.020467793278296842 0.04803974308456538
0 0.758252872611177 0.18646630739168257 0.023586866951951446 0.03259380651136201
0 0.8352618472318748 0.196954832581963 0.03218654327829684 0.048517245556023436
0 0.87420461191165 0.14913560641758916 0.02814083039899451 0.034725994938158866
0 0.8694210818968068 0.04080597388429008 0.03035299242607925 0.04990250556078035
0 0.9521484375 0.007080078125 0.0322265625 0.01416015625
0 0.9568134409879363 0.03140512222097702 0.013881069318953276 0.021005210907768745
0 0.9757369967625962 0.07978641946437193 0.045928149717947786 0.05589037333641356
0 0.9426237336924306 0.13369465470670605 0.0363618955504732 0.034087663355441444
0 0.921159489182614 0.19394142904127143 0.02288923021055589 0.05981818089349766
0 0.977800114182614 0.19163350042922467 0.028399948012300502 0.02597672431078024
0 0.982177734375 0.228271484375 0.03564453125 0.02392578125
0 0.9679252220385868 0.29472053198815695 0.0316285305886459 0.041681308056023436
0 0.988037109375 0.401123046875 0.02392578125 0.03759765625
0 0.96484375 0.4326171875 0.025390625 0.0341796875
0 0.9044488207110292 0.3449993987180682 0.02630719896055589 0.05995745244767292
0 0.8451477716556478 0.40970784764856116 0.024912167236428084 0.04286760869767292
0 0.809814453125 0.425537109375 0.03271484375 0.04833984375
0 0.991943359375 0.367919921875 0.01611328125 0.04541015625
0 0.16581786589189842 0.7974429085082129 0.06593769630907748 0.0625455857888434
0 0.042422414279864123 0.8603830897817244 0.05464748077829684 0.04943245862631773
0 0.3242304269695152 0.8420870929667339 0.0753945221600828 0.02935157794661214
0 0.44111895130694867 0.829051078874776 0.06634626146055589 0.06158891922515419
0 0.542252755665287 0.7645847044215588 0.06537960303320522 0.07955584579360042
0 0.409912109375 0.99267578125 0.04736328125 0.0146484375
0 0.13808592298926686 0.9285103600290889 0.07711840293716732 0.04450819263292294
0 0.580078125 0.490966796875 0.01953125 0.06787109375
0 0.728058023002602 0.6476309707949677 0.04390529327829684 0.04899474802748127
0 0.7998860959091663 0.9123656385233042 0.03163851524751626 0.035841828992334124
0 0.7794974546258429 0.7925054365745705 0.052853787975339905 0.05130599988107476
0 0.7977825563363394 0.6340834562751523 0.04494168314529867 0.037843863022724245
0 0.6224796835136902 0.6592328158517784 0.04808064555047309 0.0345651658268995
0 0.8697700614399468 0.8968649990034888 0.020029274150207055 0.0665148468393224
0 0.7298719268819633 0.7327220626913742 0.04009872869455933 0.03813318490961681
0 0.6458680660815495 0.8675423906379863 0.03258512377090472 0.053400058056023325
0 0.6740290269707275 0.89218774883672 0.017448405020904723 0.05278328403039012
0 0.6679307454338264 0.96689478008672 0.03935132983125378 0.04686255960068442