0 0.014404296875 0.085205078125 0.02880859375 0.03076171875
0 0.02197265625 0.12841796875 0.0439453125 0.025390625
0 0.07349982078675876 0.42410812485228677 0.057580764393936334 0.03656553661056128
0 0.19581246731936353 0.10297887190685873 0.057359342584493156 0.06564881624062491
0 0.3507068928875543 0.1840109830930859 0.062486584026799186 0.08210385008252308
0 0.4853515625 0.0185546875 0.048828125 0.037109375
0 0.4694527834440949 0.3196203656624727 0.04436803215908558 0.06063187031695594
0 0.292590103074055 0.4068803856320036 0.056619347770974215 0.05588319124062491
0 0.2311255191783691 0.4306895192324376 0.052861096733678004 0.05749456364872674
0 0.02978515625 0.615234375 0.0361328125 0.029296875
0 0.55810546875 0.0146484375 0.037109375 0.029296875
0 0.5349867621795223 0.029945851466609108 0.026212480550695916 0.0386716093013888
0 0.514404296875 0.09326171875 0.00927734375 0.044921875
0 0.5244140625 0.300048828125 0.029296875 0.06884765625
0 0.5395112633421265 0.20707618322908017 0.02723390404719689 0.06495335865341412
0 0.6935642860344327 0.17759183182106553 0.039174652491252626 0.06890830392910874
0 0.6604844229604365 0.31969362797447975 0.033093279047196944 0.06546598754126154
0 0.6721874504487864 0.3700844301068873 0.02604991234556664 0.04932835865341412
0 0.7914099361859632 0.3329763835999431 0.034676406640437474 0.06075405133721068
0 0.8771691454691839 0.3662171371342604 0.03068887253787289 0.06574067342132528
0 0.9160562379254664 0.24349408612103707 0.039070937890437474 0.06113852300309608
0 0.8115724883159038 0.1949149708701977 0.042977187890437474 0.06148027559499414
0 0.7850057328700987 0.18705333276348468 0.02409678734556664 0.0491574823574652
0 0.7559897099184685 0.20511331998075888 0.03489782844988076 0.03167077170714694
0 0.786953303152723 0.08453861790133188 0.028817031640437474 0.06024142244936348
0 0.783935546875 0.01904296875 0.02978515625 0.0380859375
0 0.99267578125 0.07275390625 0.0146484375 0.0302734375
0 0.9833984375 0.1103515625 0.033203125 0.0439453125
0 0.951904296875 0.029052734375 0.03466796875 0.05810546875
0 0.08245202812650043 0.8396244018609096 0.044278886800695805 0.04025221503891774
0 0.19771727151518825 0.7587235477137745 0.04214076309731629 0.0376399324929686
0 0.10965737032345879 0.7174383273733808 0.039995354772723646 0.04133258712303234
0 0.36469604304198766 0.6674778157979762 0.0453300254166602 0.07332718281695594
0 0.22788526451053615 0.8598836474427676 0.047978284233678004 0.057067372908854
0 0.3350638638374547 0.8024873600074669 0.04192662590908558 0.06041827494701957
0 0.9208984375 0.97509765625 0.0380859375 0.0498046875
0 0.9378764937646117 0.8528879003881956 0.02894988472610338 0.04279145467132517