0 0.11643500177662341 0.02129558414186508 0.06397883550216754 0.025754239363184717
0 0.13530297550355774 0.06609246670452035 0.05783506905944302 0.02083733801663612
0 0.044412248602782645 0.1432554334411117 0.05957948845479921 0.03402661324106093
0 0.022216796875 0.4794921875 0.04443359375 0.0205078125
0 0.19921367480463698 0.36835243859005273 0.05702432562770943 0.03205928455499896
0 0.3160475396390068 0.0552786096731519 0.05628926803405654 0.06134195586893709
0 0.4726112815058785 0.1495503286686416 0.06113400979504746 0.07747796301663612
0 0.41833819947754713 0.3690300725816939 0.0557204851486075 0.05157633086893709
0 0.357198918245194 0.38793417075881675 0.051927991725697176 0.053506729971237954
0 0.978759765625 0.02880859375 0.04248046875 0.0576171875
0 0.7693011992481389 0.1582987334136326 0.05071428447678117 0.06619067952238855
0 0.8029419099267743 0.3182049985389431 0.056872498311610564 0.046213759330574256
0 0.733154296875 0.463134765625 0.05419921875 0.05322265625
0 0.9753476220732143 0.2913318342646099 0.03425491769814337 0.06853550070716763
0 0.022705078125 0.755615234375 0.04541015625 0.04736328125
0 0.08145556935943848 0.7112029015453165 0.042456389763158464 0.0417368467014152
0 0.047645135095043034 0.6547781725734574 0.0445801496287932 0.04467789715026471
0 0.0107421875 0.5576171875 0.021484375 0.0341796875
0 0.1499942995399351 0.623919543207707 0.04815912164969127 0.06422335083632663
0 0.265725676104797 0.5392903208604967 0.052165136474613405 0.04081709894566282
0 0.344970703125 0.499267578125 0.05029296875 0.01904296875
0 0.46461760376563244 0.5688844966162083 0.057095195668421805 0.05841794984336185
0 0.38294298216888145 0.6889480356597024 0.047851106860062664 0.05055431657353904
0 0.33231700836253664 0.5608681146379757 0.08556251968715234 0.052726178338892316
0 0.3400976203407079 0.7038407765599672 0.0465568979756974 0.053475481861901875
0 0.3008693012724415 0.7152956635497453 0.043380889771981845 0.03246802516305236
0 0.3273743243363728 0.7546788413042148 0.062423858521981845 0.03257881391433515
0 0.42738230299612456 0.7975393177396148 0.060337713755418854 0.06380608801663612
0 0.7123674624905525 0.802486579761464 0.0564883420439638 0.06475992461893709
0 0.6626611728956626 0.6753775397653126 0.04958589466068225 0.08033947282353904
0 0.593505859375 0.689697265625 0.04736328125 0.07470703125
0 0.857839741849225 0.5424507591757584 0.043911601918421916 0.058341249938627576
0 0.913717325751237 0.5636027679219099 0.04494985850433508 0.05102555340026471
0 0.9191423045521631 0.755400714106689 0.03920424008142498 0.05294458955371617
0 0.8762549674674868 0.8464397633720422 0.03425010190077504 0.07683344121995517
0 0.9200209247869902 0.9330697521508041 0.05091335848668832 0.06960864827238855
0 0.9755859375 0.879638671875 0.048828125 0.03466796875
0 0.99609375 0.827880859375 0.0078125 0.06298828125
0 0.6337791715072687 0.9449854896700468 0.0681974604492272 0.08142398333760936
0 0.6770286678304943 0.5376452976815516 0.051610345341332076 0.05643357673402566
0 0.7547708784826597 0.669472387419385 0.047267876582508694 0.06568251311190187
0 0.7767632535620702 0.752812240622704 0.04555189633142498 0.05298151913747717
0 0.7398389608198098 0.7749922706892078 0.03163806078514042 0.0738895500338933
0 0.9266029919462823 0.6440669076322642 0.051008307514242235 0.05447761099681325