0 0.3316420870798039 0.0488898292350306 0.05475707247714667 0.02402376616515456
0 0.11468871019272975 0.09382902291220596 0.059745589975851665 0.07878230383175255
0 0.04492605859497861 0.17066718416014415 0.07096266826901398 0.047413418448061906
0 0.19306394527766801 0.27539109564750497 0.06535480226392543 0.07358170048158774
0 0.12512993809243428 0.1815349499790514 0.048751893480940334 0.052130965665360796
0 0.5050448442650377 0.23325912229527812 0.038975570590072506 0.06208651371564944
0 0.6554395081139925 0.29195672848276266 0.043209561104043503 0.03782873408216503
0 0.7619824479147879 0.21747097098585533 0.04114272578044065 0.03533049769888663
0 0.6678886243780092 0.17082558099993783 0.038883256048205306 0.039165710032288636
0 0.7086246131864375 0.05865022911789661 0.04389182304566086 0.05247717158216497
0 0.8076333428958196 0.07434920242065945 0.028141068548205084 0.03885314429925779
0 0.856201171875 0.017578125 0.05224609375 0.03515625
0 0.9195220141889362 0.13563404749039137 0.0432911777550431 0.07098923648220623
0 0.68408203125 0.01318359375 0.056640625 0.0263671875
0 0.584228515625 0.01708984375 0.05224609375 0.0341796875
0 0.43498243460395225 0.06221191652686581 0.05463266426267599 0.03182205863183507
0 0.8049351872649921 0.3208549708869275 0.04642419755454341 0.05450133424876302
0 0.9061993478576547 0.2695031300731749 0.04025847782230807 0.058222886315608235
0 0.3004095887586084 0.8730107698275669 0.09078021350249865 0.08553675343088663
0 0.07764359491094852 0.7616573409047834 0.07926344951901398 0.04765494651449487
0 0.7068575359261688 0.7826068792480823 0.02071518364845515 0.04692660501614432
0 0.6236570890175364 0.7913840236957318 0.03381850703044065 0.03511738469909287
0 0.48424011101369707 0.8634037171750514 0.021157980769013984 0.04596425004946392
0 0.41290010687930423 0.6019392349567215 0.023018791227146673 0.02310027649938151
0 0.5603409948805536 0.6392092962774844 0.030922259486029002 0.025280722032494873
0 0.5739513027283047 0.5640050013612988 0.023814763492366997 0.040190120249381456
0 0.6926866094122892 0.6148228271812369 0.023860247621808384 0.04116668274938151
0 0.5838868924452285 0.7353348899780204 0.019703834909881812 0.03568192873282472
0 0.4563772600010667 0.7375782124244329 0.028969134486029002 0.025223891899216477
0 0.745849609375 0.993408203125 0.02685546875 0.01318359375
0 0.6027705943691726 0.5528986431121234 0.026028749095161174 0.035378345415979395