0 0.01171875 0.096923828125 0.0234375 0.04345703125
0 0.0234375 0.2886653700593733 0.0380859375 0.033382365342341735
0 0.03125 0.4071682662712006 0.04052734375 0.051648061838645676
0 0.072265625 0.24073425263329407 0.02880859375 0.05362115615638674
0 0.06640625 0.2968766117244236 0.029296875 0.047801639205647506
0 0.17236328125 0.18031725878483162 0.0439453125 0.035325505683471314
0 0.2451171875 0.12555028444497357 0.02978515625 0.04393524725490833
0 0.393798828125 0.08984375 0.01220703125 0.0458984375
0 0.392578125 0.2109375 0.0146484375 0.0498046875
0 0.17041015625 0.1057696597318748 0.04296875 0.05868328958494973
0 0.07275390625 0.07809673833403324 0.03759765625 0.044572976043081025
0 0.2958984375 0.4129089535718512 0.02392578125 0.04345695066377875
0 0.272705078125 0.48974609375 0.03271484375 0.0400390625
0 0.2333984375 0.45121390887723256 0.0283203125 0.034538329357125974
0 0.203125 0.495361328125 0.0400390625 0.02880859375
0 0.61865234375 0.22224929657294512 0.0595703125 0.051249400759816655
0 0.7060546875 0.10964595575526331 0.02490234375 0.05525541676230039
0 0.681640625 0.15704901446830294 0.041015625 0.04875823238790655
0 0.54833984375 0.14742244941649923 0.03125 0.04698450890269068
0 0.41455078125 0.115478515625 0.029296875 0.02685546875
0 0.52294921875 0.27351850547806045 0.0478515625 0.04052718257755772
0 0.59619140625 0.39449292308894157 0.05908203125 0.04730329271055589
0 0.64111328125 0.37520098255694867 0.02294921875 0.04728348456525722
0 0.409912109375 0.3828125 0.02001953125 0.052734375
0 0.8359375 0.33732496465189254 0.04150390625 0.05172777793716721
0 0.9228515625 0.31655835688347156 0.0537109375 0.05565391666868713
0 0.939453125 0.052507870708604604 0.0380859375 0.03973002159234179
0 0.09814453125 0.6793993148585158 0.0458984375 0.06038728163051449
0 0.08740234375 0.5669949419422532 0.04736328125 0.05904201202829684
0 0.071533203125 0.5234375 0.04541015625 0.02734375
0 0.2578125 0.521484375 0.0576171875 0.0234375
0 0.20166015625 0.5400900334152278 0.0419921875 0.05469732348642814
0 0.06298828125 0.8927183131552928 0.0546875 0.08600707026720866
0 0.3583984375 0.9745612246025135 0.0546875 0.04645628901720866
0 0.41064453125 0.5389740080359255 0.01904296875 0.03182790142117087