0 0.21658798268483104 0.11614273719855128 0.05353999025791234 0.07136861742607925
0 0.2729213121245324 0.10712467223429939 0.04571030453915714 0.10519956714160261
0 0.357666015625 0.014892578125 0.07958984375 0.02978515625
0 0.3204307526539908 0.3090041686345655 0.05598139650791234 0.07156790767238319
0 0.212294973342799 0.39885750036233014 0.05688967110562371 0.07067106127090472
0 0.35775928590313977 0.11247611901144311 0.04068422393617066 0.06109482244455944
0 0.3367901888331424 0.21289255906930826 0.05937883338995231 0.08543907291868713
0 0.41404060321384284 0.8089438577502367 0.05770577978388225 0.06151329166868713
0 0.27929885623100725 0.8273087561454762 0.04444697834681821 0.08713316089160261
0 0.2831888304577169 0.580965953777262 0.068321657413285 0.05364096430168541
0 0.33734341183622646 0.6531520238511828 0.05065136649383195 0.04394515132755761
0 0.22385661567026205 0.8701378015075104 0.04571387817472783 0.056650448486428084
0 0.537490285842799 0.7064746878623301 0.036457066292687745 0.04230098664899473
0 0.5088077744770301 0.7878780325605856 0.03500248847666754 0.0353853330504732
0 0.8066017699814538 0.6152666659770256 0.033366924970946066 0.03282435265269068
0 0.6681825147226483 0.6442441930656122 0.031027950574379126 0.03408990615638674
0 0.6177973800531954 0.640008932840213 0.037375606824378904 0.03460806079677703
0 0.868796910624895 0.9077771692898583 0.036228324568657655 0.03208693844825539
0 0.8219159007855844 0.6587038084955058 0.030607957226667537 0.035026610607125974