0 0.16802177957156744 0.09141018917902163 0.04820737584786838 0.05519968605682862
0 0.1696292122900523 0.161954655985098 0.036500992346114924 0.06194420920714694
0 0.10695383588270643 0.1613267079407405 0.052363949721991654 0.05944768864872674
0 0.11472118194559883 0.22949683520865138 0.040194766444029306 0.04381671244701968
0 0.0803007219684389 0.05605960090726253 0.04400058750346081 0.05774490189094322
0 0.203369140625 0.022216796875 0.05029296875 0.04443359375
0 0.3780140075558328 0.11026767224354667 0.044432096795404386 0.07963211999296871
0 0.18178378363787467 0.28343287765098346 0.035461848877584135 0.06088220855917248
0 0.211181640625 0.354736328125 0.03662109375 0.02978515625
0 0.4397403695609552 0.300660174040248 0.03623830197374511 0.05026817828113417
0 0.6172849350313773 0.14305002553639976 0.06412710518180154 0.030858666470370222
0 0.6416480345837953 0.18985153979183952 0.05795482533914731 0.025463225082523022
0 0.8211980061484869 0.19584925309314127 0.056645685533176504 0.06564881624062491
0 0.979248046875 0.30517578125 0.04150390625 0.08203125
0 0.3006441124261736 0.9451931953643224 0.05695859037583073 0.0705316287406248
0 0.4033203125 0.981201171875 0.0556640625 0.03759765625
0 0.564697265625 0.884765625 0.02978515625 0.056640625
0 0.41253282984957573 0.463611978116579 0.043931449047157844 0.07181961999296871
0 0.21846970378829889 0.579672624911863 0.05109921537583073 0.0700189998527776
0 0.2717017326273543 0.7435881534227425 0.057140524270948845 0.05064025471258671
0 0.22098006968669393 0.8916113007483213 0.05427922674995411 0.0741815642967012
0 0.49325062798772623 0.41240862791637634 0.05294610242478792 0.06095525147271402
0 0.5296350825085372 0.6695312036998543 0.04468316914682546 0.04566602786290508
0 0.44094177446128746 0.7326609230682861 0.034654105297157844 0.07100795758721057
0 0.9569044123004348 0.7490369377949355 0.040044123033176615 0.06419636772505788
0 0.942499171517396 0.4787854397388591 0.05429234172549846 0.04407900309265034
0 0.7908998356519937 0.49222711925685714 0.06591066278492996 0.05869069772037028
0 0.986328125 0.411865234375 0.02734375 0.06005859375
0 0.8838158621204786 0.5707600528985526 0.05516266627445554 0.03492981656461214
0 0.8035470003056949 0.7123138057848953 0.04487746954019012 0.03354443476087954