0 0.195068359375 0.0712890625 0.06982421875 0.09309895833333333
0 0.1071368536764884 0.15783962395109283 0.0726121411027485 0.1286514099261764
0 0.21435546875 0.4407552083333333 0.03125 0.109375
0 0.6160569110598602 0.27336692149190106 0.06173080864845515 0.06786758281662042
0 0.7083715407895055 0.12391131671724216 0.02738122880454341 0.07347952403263092
0 0.6818424662704916 0.18692484109563848 0.043130637019014095 0.06469084595570578
0 0.549496851738756 0.17304899670168247 0.03331952788957282 0.06240210287101385
0 0.4069896454988876 0.12970885268845547 0.05182738497714673 0.03507854737373103
0 0.3129172177438446 0.23198374670942315 0.04566301152789631 0.06754167756021208
0 0.3822477701119048 0.3365629652409008 0.03762309088069049 0.060241933092458545
0 0.5183297422997285 0.340978895388548 0.049557217354043503 0.05366275778165678
0 0.5856589929723777 0.5028497805866924 0.06106059088069049 0.06260991649571916
0 0.6313086140434362 0.4774778123971097 0.025064230769013984 0.06286552541569239
0 0.3901552048467301 0.4862726412432335 0.04380085478677864 0.06994851227660703
0 0.273193359375 0.5563151041666666 0.03369140625 0.046223958333333336
0 0.29175250555990584 0.4339352366822264 0.05121469551267599 0.04539654806526183
0 0.8271562257058623 0.42849707535750703 0.04375537065733748 0.0686464289432737
0 0.9147070660180385 0.40148663690374936 0.05609885429566086 0.07378600363247194
0 0.9435438593377108 0.049548898659773265 0.039791592354043726 0.05267609803029819
0 0.09322536910940604 0.9140051963792697 0.033603130557087635 0.05659206085858178
0 0.155517578125 0.9811197916666666 0.02978515625 0.037760416666666664
0 0.195068359375 0.9684244791666666 0.03076171875 0.06315104166666667
0 0.2119140625 0.8424479166666666 0.0361328125 0.057291666666666664
0 0.6451450686284201 0.932611907828362 0.035794374095161174 0.04967726746308809
0 0.7298197832679472 0.7372186298174938 0.038473898883234714 0.04281180705516233
0 0.234619140625 0.974609375 0.00927734375 0.0390625