0 0.23693733727979582 0.08097130848773398 0.035713536996440975 0.04754885658799213
0 0.2829717449902342 0.09962300260194878 0.038609129879709214 0.0463060112820477
0 0.28209664982745203 0.13722065885194878 0.043207820573611166 0.03446897743880717
0 0.1157851298926213 0.1583691530128034 0.045570897487369866 0.09411328942015906
0 0.09774390292604151 0.0298250391637378 0.05233782924092889 0.049783410270974215
0 0.23055109559168802 0.31331918400638215 0.03918873836414938 0.0712083550320477
0 0.218017578125 0.394775390625 0.03369140625 0.05029296875
0 0.07424753728237826 0.13565592531467213 0.02737906938619794 0.06641411125582508
0 0.31770667820423154 0.16241957716196875 0.04278854507005214 0.07927985321677933
0 0.28349044654856737 0.28749300000870825 0.046296616285026015 0.04152691338286285
0 0.37438017305149707 0.22834598380240617 0.03341987408561198 0.05371151413461239
0 0.39722506666885815 0.3396449703175553 0.03555483704151485 0.06167201309731618
0 0.5356611371471569 0.21317514848479202 0.044616248218880106 0.05309766442015906
0 0.540485900516471 0.27908583261357933 0.02103141313619794 0.06593311462703788
0 0.553466796875 0.3779296875 0.05224609375 0.0712890625
0 0.5297822984545788 0.045442966171273164 0.04734218453146699 0.0864487883828629
0 0.444580078125 0.024658203125 0.05322265625 0.04931640625
0 0.9503600699928166 0.3494550913081921 0.04906760383009989 0.055872068336242586
0 0.9921875 0.40625 0.015625 0.02734375
0 0.7468064708994574 0.18435313876159137 0.03305619817380645 0.03808651413461239
0 0.22961591001577636 0.9227978986071972 0.051759445525954906 0.0877583485489466
0 0.33457446553426595 0.8896632183711735 0.06727079680351578 0.08405952775057646
0 0.3075221859571613 0.4967885188111536 0.028968518474392413 0.05093711021852887
0 0.38358932756803354 0.6331535705506567 0.061286408208832466 0.07824443711246531
0 0.35698061995549 0.7886411452388873 0.0452640459367839 0.08092969567015906
0 0.4278487739259761 0.8331426071182513 0.07927366860961382 0.09715455277679919
0 0.44873046875 0.97216796875 0.0537109375 0.0556640625
0 0.18399798632291647 0.5079723966608154 0.06147961103697919 0.08654521836246531
0 0.265869140625 0.43359375 0.04150390625 0.02734375
0 0.19842600042890585 0.7497237610285292 0.05999162928600266 0.06449856263111342
0 0.3798828125 0.966064453125 0.046875 0.06787109375
0 0.6482008126558807 0.5894407892948512 0.044741261813563415 0.05846875817015906
0 0.8289216995171003 0.6006892870949508 0.061797010946831654 0.05829890534381721
0 0.59765625 0.716796875 0.0361328125 0.0517578125
0 0.60107421875 0.93212890625 0.04296875 0.0224609375
0 0.6739493979768441 0.8702030846794635 0.04022130871239149 0.03180557274475149
0 0.722900390625 0.9892578125 0.04248046875 0.021484375
0 0.9628422414061626 0.8573649629282711 0.06394333877497838 0.066747685556521
0 0.589599609375 0.496337890625 0.02001953125 0.04541015625