0 0.17632219907468968 0.07096191753084019 0.02517671801179605 0.05144359715492608
0 0.19212235719670523 0.09275024194193426 0.018579496709493548 0.05780151933890598
0 0.19291444777203282 0.16770654678392422 0.01583737193625584 0.0629677493820402
0 0.16199771285908554 0.21614190260258176 0.024984508732802113 0.07383624675263745
0 0.07138512574310973 0.13285379122228586 0.047144727709564405 0.08074381830413058
0 0.07998353471425754 0.06795679485741007 0.04131789927337942 0.03942089774383195
0 0.060791015625 0.01953125 0.04150390625 0.0390625
0 0.025146484375 0.037841796875 0.05029296875 0.04638671875
0 0.043464727207934276 0.22102091398064472 0.036379286750212625 0.06537835783010038
0 0.09196421297491955 0.3525531295559169 0.0408528714827312 0.05400104734154332
0 0.06408567480621602 0.38372792186885296 0.03334109000596888 0.048117794324379126
0 0.077392578125 0.50634765625 0.02880859375 0.0263671875
0 0.119384765625 0.50390625 0.04052734375 0.03125
0 0.20068359375 0.5087890625 0.037109375 0.021484375
0 0.315185546875 0.50048828125 0.02294921875 0.0380859375
0 0.35671649246873804 0.44266067517655616 0.04008712516884527 0.07391814673811048
0 0.2777715225800207 0.20658494243138448 0.04625186524431468 0.04122718100527489
0 0.19600842384124972 0.330177893163327 0.032500936761795995 0.05195575642209027
0 0.4679857680398686 0.032057435148842045 0.048904087680428754 0.06138328805985205
0 0.343994140625 0.030029296875 0.03076171875 0.06005859375
0 0.32475814332454794 0.10247191202954248 0.04432199370366641 0.05570489874955342
0 0.4790456838236974 0.34302095734734894 0.0472005277327312 0.0544449187064191
0 0.5311538125677285 0.3851635602214768 0.031434471924672414 0.07720980561751323
0 0.4224438076898859 0.37376883652779824 0.03004868165719099 0.0654227677152246
0 0.4036178574283733 0.3409890510247142 0.02313833722690406 0.048865615100348814
0 0.34375 0.505859375 0.037109375 0.02734375
0 0.583740234375 0.49755859375 0.04150390625 0.0439453125
0 0.53759765625 0.009521484375 0.041015625 0.01904296875
0 0.4747209336499464 0.1460523619736676 0.056473224930499555 0.08285739712587215
0 0.20597866272499044 0.5941673296576055 0.05390005597690406 0.05101668402243931
0 0.619140625 0.539794921875 0.0419921875 0.04052734375
0 0.4206751132181711 0.8762785306800868 0.03174603930251507 0.05823512476980186
0 0.09004516959068273 0.7756778436650713 0.04630922101762319 0.05681803705413069
0 0.736572265625 0.582275390625 0.01318359375 0.05322265625
0 0.810791015625 0.533203125 0.05419921875 0.02734375
0 0.8798191716315436 0.7420424781523727 0.05006821290719099 0.06682266971214057
0 0.8033109200442073 0.7848983028785936 0.04439019833157998 0.05765802374955342
0 0.744140625 0.908447265625 0.0283203125 0.07470703125
0 0.7527854373988833 0.7811250550476 0.04152251315712019 0.04528027274383195