0 0.5208333333333334 0.011474609375 0.09244791666666667 0.02294921875
0 0.3406147253445324 0.09026107965760555 0.07370836096499349 0.05101668402243931
0 0.20898290020918164 0.2717715936650713 0.06383406269226051 0.05681803705413069
0 0.7873739531884474 0.0950309668838265 0.10354760435892718 0.05890081807393244
0 0.2626953125 0.459228515625 0.057942708333333336 0.03857421875
0 0.13350977533991792 0.53168094174079 0.056881207587363335 0.05888385984154332
0 0.09889788967331252 0.4633590568411388 0.05395201907222846 0.039772603189254796
0 0.3258463541666667 0.44970703125 0.038411458333333336 0.01953125
0 0.31004299493201826 0.4929944801761096 0.022810692344961286 0.03182018123547303
0 0.3363999421603931 0.5642016426906366 0.023127968846130404 0.02794807518661735
0 0.3653862880367929 0.627913866699442 0.04328502853143856 0.036296612470946066
0 0.37348983458687307 0.669178765291432 0.03524743663867369 0.025667122758358918
0 0.43003927294819944 0.6421800284384458 0.028586626053586823 0.03115091429577177
0 0.56149148030485 0.6269480251061543 0.04685751336594102 0.03259522617781174
0 0.45061154315091906 0.7298760556655599 0.0406808618647719 0.0361600366663688
0 0.4522154122908229 0.6797640726052612 0.029279388365940722 0.031673339496915975
0 0.4164663299341722 0.6899769151193416 0.03916143198597292 0.048718773361791756
0 0.27797782618124994 0.7070493456642202 0.02256036847083805 0.028890493735473033
0 0.22588099809277895 0.5871642460374549 0.043243307885751335 0.035808331220946066
0 0.10918340658453518 0.690887853407159 0.041364880860096154 0.051750892715224595
0 0.47642636039590397 0.46563065328088227 0.029638385512797072 0.02828951469806018
0 0.2218795695751837 0.7163675256637736 0.032951803156146355 0.03672687175263745
0 0.41135593061708137 0.7755865876910831 0.04082251246616231 0.045403236465224595
0 0.864742232158239 0.6245717880956047 0.06001125398363497 0.05758973584726479
0 0.741962169696691 0.6418013263130201 0.040713839193429635 0.05171674876408039
0 0.6080729166666666 0.68408203125 0.036458333333333336 0.041015625
0 0.59375 0.94873046875 0.0078125 0.025390625
0 0.6370705229481994 0.9219651846884458 0.028586626053586823 0.03115091429577177
0 0.76852273030485 0.9067331813561543 0.04685751336594102 0.03259522617781174
0 0.8425591070275028 0.8547843447188392 0.022243091969669077 0.032762599784328716
0 0.847914840370065 0.9633876459257051 0.041281439568721844 0.050774330215224595
0 0.6572265625 0.99560546875 0.041015625 0.0087890625
0 0.659246662290823 0.9595492288552612 0.029279388365940722 0.031673339496915975
0 0.6234975799341722 0.9697620713693416 0.03916143198597292 0.048718773361791756
0 0.6822934241955835 0.5787173055079964 0.03498836944752082 0.037805866106070285
0 0.6891511007828854 0.7048987317148622 0.0426339868647719 0.03626246851980186
0 0.6834576103959039 0.7454158095308823 0.029638385512797072 0.02828951469806018
0 0.8886444086686369 0.7282786647192859 0.0320252056339978 0.041053115100348814
0 0.8318688804448152 0.7832460086268493 0.03325259099298646 0.02507640965492608