0 0.14513846636308947 0.06162732089020573 0.029576718907563415 0.0468191999768332
0 0.059347808101646554 0.05376055591898704 0.04476119369189224 0.06196212102920656
0 0.0205078125 0.02490234375 0.0322265625 0.0498046875
0 0.02928189799861823 0.28553913350603977 0.03098688683845935 0.060019844883811624
0 0.08311846291011685 0.5051478936573328 0.03847155941020092 0.06953590483150895
0 0.09027910917553694 0.40554472095970606 0.0401584525858219 0.03793403283733632
0 0.16155121344314788 0.3729631956634434 0.03076149126363381 0.0707279300698549
0 0.2095286308410127 0.5227136347507797 0.026261182010996365 0.04816468562798448
0 0.231201171875 0.539794921875 0.02978515625 0.06005859375
0 0.2419980021209598 0.4088945057799862 0.018721833620150674 0.0517981171163302
0 0.292724609375 0.0078125 0.01904296875 0.015625
0 0.9631996743049397 0.515129064188453 0.07305762817472794 0.05564392054093181
0 0.828369140625 0.55712890625 0.09619140625 0.025390625
0 0.6416015625 0.547607421875 0.0927734375 0.04443359375
0 0.4165433775813561 0.44343380262848053 0.08032382495641915 0.048104239052586095
0 0.012939453125 0.66064453125 0.02587890625 0.05859375
0 0.23469834384722277 0.6302704460492395 0.0334488249564191 0.0464673279826604
0 0.19363473532652775 0.6838775208572274 0.03183713946786204 0.05128193585474672
0 0.11713191423543101 0.5998621343453605 0.05841945660870773 0.04831349948855834
0 0.11384694765443737 0.650404668147663 0.05326349249955342 0.04423673791877447
0 0.2703321541905104 0.777641481212116 0.04473731567472772 0.05465495343618498
0 0.2753921512582749 0.8917969867702455 0.04019594268617066 0.059367254366401
0 0.22171178407384828 0.9391184076537736 0.037549672729304984 0.05635231108150918
0 0.14077002184762732 0.8612801658221227 0.047803578979304984 0.056710385378055506
0 0.282470703125 0.993896484375 0.04931640625 0.01220703125
0 0.4746718144030556 0.7632053121574036 0.06338082294497627 0.0426416872153208
0 0.44775390625 0.59033203125 0.06640625 0.041015625
0 0.5545078130822072 0.6719850856925791 0.060983826580100486 0.03622582633740712
0 0.3889289121759415 0.7699528823722281 0.07296546225527487 0.04736019044791018