0 0.024843683975866143 0.16766076322890733 0.048457699721991654 0.056482874315402
0 0.07754245643572194 0.2689892497605775 0.043336929846114924 0.06023284144888663
0 0.1435546875 0.36376953125 0.033203125 0.0322265625
0 0.36500689630629246 0.18783152773597966 0.042823167122323924 0.08263694881560824
0 0.3943204498604179 0.08155148051868066 0.022578793471991654 0.05572987504946392
0 0.276611328125 0.020751953125 0.03173828125 0.04150390625
0 0.23104096044435102 0.10272769323989706 0.03159344684962173 0.044295275715855675
0 0.100341796875 0.0068359375 0.02880859375 0.013671875
0 0.5394265465981442 0.0627722326140413 0.06312431273071265 0.08761398893171135
0 0.5078125 0.259033203125 0.015625 0.04736328125
0 0.5952682309373833 0.18375983694558773 0.0494968431905225 0.0574878518820412
0 0.6228797318429299 0.11167368476160833 0.06293656982512019 0.08468430143171135
0 0.611328125 0.37353515625 0.0751953125 0.0126953125
0 0.811767578125 0.342041015625 0.09326171875 0.07568359375
0 0.8753503619532099 0.3323074154207837 0.03252560388981185 0.07405201689921648
0 0.917724609375 0.36865234375 0.05126953125 0.0224609375
0 0.893798828125 0.010498046875 0.06884765625 0.02099609375
0 0.808145740961839 0.15962405383964962 0.06005128778492996 0.05487073011507215
0 0.07665527452473131 0.6883363060002683 0.06952874093876904 0.06586865321482471
0 0.1399703240702277 0.7537735080983714 0.04820737584786827 0.052576624315402
0 0.8619271350648297 0.5234175967020415 0.04273004414682546 0.04315720523220623
0 0.7973284271871536 0.4398429506873404 0.04078347663459769 0.027992071415567032
0 0.6660935663759686 0.4418947067576909 0.03782249865033227 0.02741854496564955
0 0.7181535929828797 0.8509061933388249 0.04882737652270219 0.03943565316536102
0 0.6582507031769089 0.8085602853239177 0.029358707491233038 0.03984391433257728
0 0.9206460470018913 0.523169375700392 0.0417156336747877 0.057748812598927834
0 0.9648081474598558 0.4065591594493611 0.04185971959786827 0.052391926382247433
0 0.84765625 0.388916015625 0.0361328125 0.01806640625
0 0.9330220759793729 0.8415040929328044 0.0397312181905225 0.05720370121564944
0 0.7493831720422653 0.7681630988547631 0.03910540850521427 0.04743807621564944
0 0.7642281553675234 0.8952956966707837 0.031643661319906036 0.037473545749175274
0 0.6539828308185662 0.8827932428572373 0.030823551241233038 0.039886536932536076
0 0.7959190372485223 0.7137492992868868 0.02987827922549846 0.04034640311589688
0 0.6905106227851598 0.595232984090062 0.03919347094753611 0.025996323815608235
0 0.5248414385439728 0.699502254511196 0.02234158457341273 0.021607017682742313
0 0.8510955669758202 0.7535117257185981 0.055926004395072115 0.05133910109851558
0 0.7357579479339685 0.9120781998048868 0.026904934742986386 0.031974584199299105
0 0.8283974205772413 0.7870946968191755 0.03899917055417146 0.03817493999896904
0 0.7330420544827418 0.6414761596887837 0.019505768526209 0.02298661623282472
0 0.80374016136028 0.5153650364536909 0.03137441345976377 0.040877306965855675