0 0.210875 0.4155 0.02725 0.03833333333333333
0 0.21025 0.46316666666666667 0.0155 0.035666666666666666
0 0.235375 0.5298333333333334 0.02425 0.042333333333333334
0 0.24575 0.4855 0.033 0.030333333333333334
0 0.167 0.48483333333333334 0.037 0.045
0 0.188125 0.5265 0.03125 0.027666666666666666
0 0.193375 0.6315 0.02725 0.05566666666666667
0 0.138375 0.7008333333333333 0.02025 0.06233333333333333
0 0.1145 0.7095 0.026 0.03966666666666667
0 0.170875 0.8335 0.02425 0.045
0 0.150375 0.8435 0.03275 0.057
0 0.182875 0.9108333333333334 0.02875 0.035666666666666666
0 0.10325 0.5778333333333333 0.0255 0.03833333333333333
0 0.105375 0.422 0.02475 0.048666666666666664
0 0.166625 0.2906666666666667 0.01175 0.04733333333333333
0 0.219125 0.32166666666666666 0.03725 0.038
0 0.170625 0.4405 0.02225 0.057
0 0.09075 0.16116666666666668 0.028 0.034333333333333334
0 0.091375 0.1135 0.03975 0.037
0 0.18425 0.1485 0.026 0.03833333333333333
0 0.2125 0.2385 0.028 0.051666666666666666
0 0.32875 0.356 0.0405 0.046
0 0.354875 0.44516666666666665 0.01825 0.03166666666666667
0 0.350875 0.5085 0.03525 0.037
0 0.37425 0.5851666666666666 0.026 0.03966666666666667
0 0.3795 0.7006666666666667 0.0235 0.06466666666666666
0 0.3155 0.8091666666666667 0.0345 0.033
0 0.268125 0.8375 0.02475 0.058333333333333334
0 0.2145 0.8058333333333333 0.0255 0.03966666666666667
0 0.356125 0.8685 0.02875 0.033
0 0.378625 0.9101666666666667 0.02925 0.03966666666666667
0 0.447375 0.8896666666666667 0.01825 0.054
0 0.458625 0.8745 0.02025 0.03966666666666667
0 0.46125 0.8475 0.019 0.03833333333333333
0 0.46025 0.7668333333333334 0.03 0.03833333333333333
0 0.51175 0.8315 0.022 0.04633333333333333
0 0.643875 0.899 0.04575 0.051333333333333335
0 0.5915 0.6631666666666667 0.0345 0.045
0 0.461875 0.6155 0.03075 0.042333333333333334
0 0.4265 0.5421666666666667 0.039 0.041
0 0.511 0.5258333333333334 0.03 0.053
0 0.61075 0.5483333333333333 0.026 0.074
0 0.462125 0.45116666666666666 0.03125 0.033
0 0.465375 0.3995 0.02475 0.043666666666666666
0 0.50225 0.33616666666666667 0.028 0.043666666666666666
0 0.36525 0.2971666666666667 0.039 0.03166666666666667
0 0.366625 0.257 0.03775 0.051333333333333335
0 0.400375 0.23983333333333334 0.03275 0.041
0 0.384125 0.20016666666666666 0.03625 0.03833333333333333
0 0.429 0.15716666666666668 0.034 0.042333333333333334
0 0.487 0.13616666666666666 0.0235 0.04766666666666667
0 0.57325 0.26416666666666666 0.028 0.037
0 0.6465 0.22183333333333333 0.0235 0.042333333333333334
0 0.622125 0.2185 0.02525 0.043666666666666666
0 0.665625 0.15783333333333333 0.02675 0.049
0 0.69825 0.3263333333333333 0.033 0.05533333333333333
