0 0.324462890625 0.557373046875 0.08154296875 0.10498046875
0 0.10672905206084449 0.519325021374937 0.09925320223668832 0.07599400797313693
0 0.12026237645898119 0.11713480541190316 0.08756289138096074 0.07566283439567395
0 0.55859375 0.13623046875 0.0625 0.0595703125
0 0.565673828125 0.292724609375 0.04833984375 0.07080078125
0 0.38083256217353445 0.28270230295235793 0.09179160356269422 0.06477380515711684
0 0.195068359375 0.031005859375 0.08837890625 0.06201171875
0 0.3845883517772475 0.14680300777982092 0.12793840781486177 0.09258865068836164
0 0.023681640625 0.030517578125 0.04736328125 0.05908203125
0 0.7884921539527963 0.373479570485431 0.022133659520898075 0.02099943989920461
0 0.6277246901709072 0.32673825511353605 0.03172383385789512 0.027019268720946066
0 0.6638176093721486 0.5456623210184621 0.02399665129071249 0.027937809252637447
0 0.7411694810394868 0.5962965017935389 0.021645378270898075 0.02096529594806018
0 0.7093756884207539 0.442836267339757 0.021157097020898075 0.020931151996915975
0 0.772804092947071 0.5299413539770721 0.022588685829257438 0.02881193989920461
0 0.8260840831255531 0.4845515021086657 0.020232597012074693 0.030106063893483137
0 0.8412746869264792 0.29450074422045747 0.01934616774226039 0.02323598244233871
0 0.8296286295269412 0.11959362486702463 0.024053529579257438 0.028914371752637447
0 0.90380859375 0.0068359375 0.0302734375 0.013671875
0 0.9757183053846831 0.2649985505408593 0.025286044377709427 0.03337719090492608
0 0.6550789830455185 0.21194083169363653 0.02445167759907174 0.03575030925263745
0 0.3372127050928868 0.8329031057829049 0.05135920884024836 0.0468714263644292
0 0.576416015625 0.667724609375 0.02685546875 0.03857421875
0 0.5386804256900974 0.634967531384105 0.03453013318606857 0.04180428202552322
0 0.49231505208731474 0.8909192997899241 0.035620452263158464 0.043825694927811965
0 0.4609375 0.98046875 0.0234375 0.0390625
0 0.902099609375 0.63232421875 0.04345703125 0.044921875
0 0.8888760242052702 0.7500024362037397 0.04402054269814348 0.07115917899383195
0 0.9194045027238475 0.8566901025109543 0.04051244071795779 0.07772196488467764
0 0.8017578125 0.991455078125 0.0419921875 0.01708984375
0 0.715087890625 0.975341796875 0.05322265625 0.04931640625
0 0.7321700866170362 0.8314400819238347 0.03645000324442793 0.04971921387895617