0 0.25055056924251295 0.16857731886450833 0.04817592400204618 0.04372406054796374
0 0.1474768730923639 0.07566435969057222 0.05835098477769496 0.05159337529221142
0 0.041672031180286465 0.2958192224085828 0.058146266889870596 0.04768712529221131
0 0.451416015625 0.381591796875 0.01708984375 0.04736328125
0 0.738037109375 0.0361328125 0.07275390625 0.072265625
0 0.8908491314740496 0.14505841413693765 0.047321081382685204 0.07398329436190187
0 0.8604449944887694 0.24989400528910627 0.0636390805205096 0.07798328868991045
0 0.9345821482090282 0.3450807672175119 0.04981781963747545 0.05642505452238855
0 0.97119140625 0.18505859375 0.0576171875 0.111328125
0 0.6044210252018427 0.3167847191503055 0.08528322273562916 0.05321445958889237
0 0.5755487943813841 0.2619125712315008 0.10971872243877295 0.07239378372508654
0 0.529296875 0.3876953125 0.1337890625 0.0439453125
0 0.013671875 0.5615234375 0.02734375 0.037109375
0 0.07069016988991794 0.4874537080371616 0.04426967400204629 0.04370133465026471
0 0.1484583153136695 0.6158748430749035 0.050406383564970514 0.06765552327238855
0 0.02001953125 0.762451171875 0.0400390625 0.03955078125
0 0.34343820139545334 0.9681904639867137 0.04272390851127783 0.06077697471420285
0 0.3267736763639675 0.8015388394016699 0.037282274352595124 0.03145737381650382
0 0.13239901699051404 0.8570658954144168 0.03072367141551935 0.05533770327110554
0 0.6484700457237007 0.5610588587992874 0.07389506303692661 0.06876844115858283
0 0.5233690885072327 0.683415434656679 0.04434021441072908 0.07298968743862755
0 0.47900390625 0.661376953125 0.0380859375 0.06982421875
0 0.49169921875 0.90576171875 0.0634765625 0.05859375
0 0.522216796875 0.97265625 0.03955078125 0.0546875