0 0.27839117465890706 0.22563947588727307 0.041184647581752554 0.058918003792687745
0 0.32320461450948434 0.24932267584369222 0.028759278214824713 0.06730760481293607
0 0.3110289339622885 0.34828331577195065 0.0677701731986804 0.05151857735562371
0 0.16798865329795853 0.42145767034239445 0.053624224481999994 0.05101668402243931
0 0.5027575537743916 0.19925107406021458 0.04365446889839175 0.06006528604840922
0 0.43681034829486576 0.33016869851488945 0.041891266948680395 0.04970894794497627
0 0.5812488384968452 0.4107243838581771 0.04148300578146391 0.06917191004268775
0 0.08529504985676278 0.13581002042955614 0.041853869465855675 0.031676685646120584
0 0.17836308825742256 0.16580315904926024 0.030234572199092813 0.034275199568657544
0 0.23399351057364937 0.15403642552856528 0.04981742721523719 0.054161501163284886
0 0.4005011741227009 0.13191981871648034 0.05033934864901035 0.03860478906557352
0 0.68701171875 0.388916015625 0.0341796875 0.05615234375
0 0.7797923198327215 0.4258510641605634 0.0656801979826187 0.02993177050219087
0 0.8231461410504327 0.466067538714694 0.05511748329863919 0.052095678375872145
0 0.78515625 0.5048828125 0.0595703125 0.009765625
0 0.9532361952778967 0.26624400855534425 0.05454771414777326 0.08275496527243931
0 0.9129564263743504 0.13719449045235793 0.052505586648804226 0.046065583620150674
0 0.98876953125 0.063720703125 0.0224609375 0.06005859375
0 0.775390625 0.0078125 0.0458984375 0.015625
0 0.7262700130726185 0.06249148781066116 0.03538210271503095 0.06046140137895617
0 0.25049250919655647 0.9014816390320538 0.04244160344909276 0.03512879834726479
0 0.33797634084742245 0.9384234129391708 0.04161609869847416 0.05699902274383195
0 0.28137017769408224 0.8155713631984227 0.03917469244847416 0.05682830298811048
0 0.25847044998694846 0.5600364694774767 0.02461150014839175 0.05873367195378176
0 0.5515424100192371 0.5433451772617635 0.058478621915360796 0.050381561033882194
0 0.65185546875 0.87744140625 0.0361328125 0.0361328125
0 0.5655528008302473 0.9362339439712666 0.02453523736465968 0.07285968425263745
0 0.5220727551384329 0.6313110099488273 0.043370318231999994 0.050299661048409106
0 0.38986072883690714 0.5677563485852912 0.03175624608237104 0.03633075642209038
0 0.3581613128878143 0.5978318421632008 0.03863480618232984 0.03827361548811048
0 0.1360157124244329 0.699234570800558 0.0261952292820824 0.04617493525835892
0 0.3620479547296699 0.9014539598929525 0.021573377498969037 0.03805513969806018
0 0.40944423000824726 0.7354791711425059 0.04583115713245345 0.03439124350527489
0 0.7229955874738968 0.6702717605544931 0.03733522771503095 0.060597977183533325
0 0.8565439435703504 0.5533774890588748 0.03266030309769086 0.08414817497094612
0 0.8742273925759174 0.7527703049638008 0.036648040998556564 0.05372789573238901
0 0.9697742347094019 0.7648336131380822 0.05247194646503095 0.06165643966900636
0 0.773598010813072 0.881751990137231 0.06329937916494854 0.06533729409418076
0 0.7853272110473399 0.9158428578669826 0.047850094681917366 0.05353664410870773
0 0.7937326701477111 0.9296410427375799 0.04664098653167015 0.06222327475527489
0 0.8531945474982885 0.9543485612283278 0.04523819803208262 0.04750654935298626