0 0.24290298816625494 0.11210496259596059 0.038619804538843394 0.06250745553699533
0 0.3877973498821685 0.16908467108011482 0.042996101473306014 0.03831224833641356
0 0.5005654378335376 0.09331902291019667 0.04094349679175213 0.035791258341170584
0 0.41077805240092313 0.047743052686617216 0.0386612580322383 0.03959802865961681
0 0.09200252435917078 0.09485509878860299 0.0441824021149555 0.03153599864534573
0 0.39037142471622 0.3571434189175893 0.03516370553699533 0.037505632105441666
0 0.30387351525797235 0.3265449999535237 0.038722607461944 0.0171768830322383
0 0.5343936449630378 0.19625932737795837 0.04611396955787139 0.05501329051796722
0 0.640380859375 0.01513671875 0.04150390625 0.0302734375
0 0.1132257379994861 0.4968448542304581 0.055740323003696246 0.05199324049418219
0 0.08105306939219642 0.5566522563454137 0.055977412618651856 0.0817386048715607
0 0.020263671875 0.5478515625 0.04052734375 0.0654296875
0 0.31775010002433196 0.5499324147347012 0.03783308424418219 0.05516334085068453
0 0.46960058391201187 0.4720868104099233 0.03379501822700215 0.08765932930126635
0 0.5342684319159815 0.5479345565127294 0.033887042371560705 0.05402761086019858
0 0.615966796875 0.52978515625 0.00732421875 0.0693359375
0 0.4629313129524629 0.719506132605748 0.04379193892573596 0.05784349833641356
0 0.5391885656139278 0.6544901274728252 0.04766751421088311 0.06921323864058881
0 0.4896740525676919 0.8168855011181709 0.05352688921088311 0.06945198987631773
0 0.3533416334614631 0.9326089664220727 0.030060376116803678 0.055821568369712526
0 0.565727404516699 0.9722144941316546 0.0477487595768995 0.04728037426321041
0 0.31756528619428315 0.9014062138316895 0.03398486043234117 0.0803550064875771
0 0.14534127649845835 0.9050115105993833 0.03276209115961681 0.038382714923887784
0 0.7587542990026684 0.7392247106234419 0.04401245584592761 0.03932860270903493
0 0.9626776071297736 0.6036856582949677 0.0419689683221427 0.04899474802748127
0 0.8573986993351124 0.6152875033517784 0.04674318398282007 0.0345651658268995
0 0.62744140625 0.9453125 0.015625 0.0224609375
0 0.6443447745491778 0.7117134850290889 0.03379834146854899 0.03988735054650938
0 0.7943002031379863 0.8957167851007175 0.04232875679650938 0.03389782115010265
0 0.9679848807753928 0.6887767501913742 0.038601570223306236 0.03813318490961681
0 0.8893707904714909 0.8235970781379863 0.030449177685250017 0.053400058056023325
0 0.9185897433470214 0.84824243633672 0.015312458935250017 0.05278328403039012
0 0.915545665091477 0.92294946758672 0.0374948533268995 0.04686255960068442