0 0.22260381452805933 0.09627257464459393 0.05660118022955607 0.07747512227942377
0 0.14892699423456512 0.17055349531273684 0.06911184481075139 0.045810700196945664
0 0.01318359375 0.18896484375 0.0263671875 0.048828125
0 0.16616357966802053 0.3972239433268072 0.034035135452697984 0.059278042117654195
0 0.23345548857722437 0.41324096506211583 0.032107577087609473 0.06366121041880479
0 0.29135991608620426 0.2802725500659643 0.06242930712021999 0.07213811737597231
0 0.22844013807983082 0.18420012922835483 0.04668215542008758 0.0510511200351762
0 0.42018760209584594 0.19325491882420082 0.039718384745530466 0.029038693464202847
0 0.6748030597473527 0.3246234368862758 0.035346579393229494 0.03291937682929147
0 0.716468562467929 0.3810200840365406 0.03237428083504379 0.025578113656017143
0 0.7926716855772651 0.3760921452916719 0.019707375707167518 0.030387066988495137
0 0.6738214668739869 0.1576198864374263 0.03240836968159244 0.03143748865601714
0 0.5129922877051821 0.18842356514455316 0.029421867437344762 0.021654819232742817
0 0.5729362753150986 0.4602658730333131 0.02553834333504379 0.02553834333504379
0 0.009521484375 0.80810546875 0.01904296875 0.0224609375
0 0.06438234290266731 0.9766301158095909 0.02270240016305225 0.04163458016176946
0 0.27121823313607196 0.8435515631632156 0.026032306059468713 0.02651774657225614
0 0.34960993688350617 0.8820948593544088 0.029490045130442066 0.03337356923274282
0 0.005615234375 0.579345703125 0.01123046875 0.03173828125
0 0.29138897455938695 0.6498146956644983 0.0300493448107515 0.04558344121995517
0 0.34387587987138035 0.7765891797706478 0.029473000707167518 0.030443881732742817
0 0.34659819355487664 0.8122507554439221 0.02658024279092852 0.03677449355946849
0 0.29532549601713476 0.8964279750238345 0.03631746041880479 0.03194849580371617
0 0.547119140625 0.576171875 0.06005859375 0.052734375
0 0.447509765625 0.5625 0.06982421875 0.025390625
0 0.5549990044417735 0.6612622734272045 0.08204009776216659 0.08592362186446756
0 0.8187806915414679 0.8957149499835271 0.07276843548659118 0.08684621035743234