0 0.07517145368678713 0.3310934156679948 0.049115947789423554 0.07482174279661713
0 0.0205078125 0.1474609375 0.041015625 0.068359375
0 0.5805663551242946 0.17696238498735345 0.05076259318958254 0.046132507145465906
0 0.6439446360722337 0.19047924382440617 0.05452084422687875 0.04476997033733621
0 0.6477432761149641 0.22807690007440617 0.059797936204347334 0.03273345065712019
0 0.4365234375 0.267333984375 0.054036458333333336 0.09228515625
0 0.4176432291666667 0.14111328125 0.016276041666666668 0.0478515625
0 0.6027467738732945 0.40941836230131023 0.05703682659284315 0.0696723140873362
0 0.5979817708333334 0.483642578125 0.050130208333333336 0.03271484375
0 0.6981896768764221 0.24927605195800512 0.06238344606059654 0.07760417218618498
0 0.6693989199649842 0.37780873225462225 0.0643948480302982 0.03967169509899049
0 0.781879591643314 0.3087704017775764 0.048148713694632285 0.05239490761057386
0 0.8267843475251963 0.4172587416147 0.051542208162385826 0.06027561223848754
0 0.9807942708333334 0.275634765625 0.038411458333333336 0.05126953125
0 0.9957682291666666 0.3408203125 0.008463541666666666 0.0654296875
0 0.9345703125 0.020263671875 0.042317708333333336 0.04052734375
0 0.9634169375912792 0.10916565677125317 0.0689334828865474 0.08459357009899049
0 0.8455282940908949 0.07945181664945025 0.0767459828865474 0.0847981839827312
0 0.12269057573810531 0.7689948646847675 0.06185049602563305 0.06590247334316335
0 0.1452094057847321 0.7140624461846966 0.06699901469696486 0.03973989972690406
0 0.05624086134807197 0.6023220026151253 0.03946841442112673 0.06288132775589805
0 0.009114583333333334 0.623779296875 0.018229166666666668 0.03662109375
0 0.16844726729601098 0.6145600246787986 0.05779624706292926 0.06433532265129305
0 0.2906901041666667 0.51025390625 0.061848958333333336 0.0205078125
0 0.3430989583333333 0.518798828125 0.05078125 0.03759765625
0 0.29065701919965586 0.6676602113296664 0.04828699982905249 0.060190356453595495
0 0.3815104166666667 0.7744140625 0.055989583333333336 0.046875
0 0.3673373188266676 0.8903660590504598 0.07600675691917846 0.10961527194783927
0 0.21591964506987482 0.845374444370598 0.056494163729595925 0.0643012203373362
0 0.1972293623969791 0.9511222151846257 0.04749767202796562 0.052377856453595495
0 0.6727683756992714 0.5390996517196593 0.06939613658507622 0.044185584447839266
0 0.44667160478239953 0.6336340256388591 0.04537712240869466 0.06352306941870345
0 0.5654520862897557 0.8336960196851219 0.08374001660060977 0.09618211314553671
0 0.93575189541177 0.6222934504980864 0.10258954875679265 0.05138579854675884
0 0.6635344452135995 0.9128859287721036 0.09377096334886688 0.05407676984906118
0 0.4670581480146863 0.9258649293365566 0.10080461722221346 0.07227958535488854
0 0.7303486340015115 0.6438289996672152 0.056661588348866886 0.05310485390129305
0 0.7178242059284567 0.7783001084463509 0.053958755707064356 0.052060086773379366
0 0.8233997970395767 0.705526039539089 0.07620332002330017 0.0794270902327312
0 0.9505855432438978 0.9435546129865029 0.07021537171716385 0.06514757588388242
0 0.8538411458333334 0.977783203125 0.061848958333333336 0.04443359375
0 0.7854817708333334 0.97802734375 0.057942708333333336 0.0439453125