0 0.119140625 0.18083886128112303 0.03955078125 0.03941294568606868
0 0.1708984375 0.115982316824003 0.02490234375 0.07762227135789512
0 0.27490234375 0.1254578233040355 0.04833984375 0.05506156903297288
0 0.1884765625 0.18145925101781135 0.068359375 0.04353226144814348
0 0.2060546875 0.27086196646161964 0.0576171875 0.06927378777414939
0 0.3583984375 0.33642578125 0.0576171875 0.046875
0 0.14990234375 0.3330211523702875 0.05029296875 0.043944856860062664
0 0.41162109375 0.1939676587003223 0.03564453125 0.059693245031889
0 0.31396484375 0.1746079548458317 0.03564453125 0.04016199503188911
0 0.07666015625 0.07533731197941962 0.041015625 0.039498263118886046
0 0.408447265625 0.014892578125 0.03759765625 0.02978515625
0 0.468505859375 0.137939453125 0.04248046875 0.03466796875
0 0.45361328125 0.10852280010775323 0.044921875 0.031424995023065616
0 0.42578125 0.0873705188842234 0.04833984375 0.038948287782972824
0 0.4609375 0.30084391852184 0.03564453125 0.075318245031889
0 0.88232421875 0.3069445390301925 0.0322265625 0.051681671021981845
0 0.11865234375 0.6895173566835947 0.04638671875 0.0803384374558831
0 0.19140625 0.8026415079301902 0.052734375 0.07143080258142498
0 0.16455078125 0.8240265737452053 0.02197265625 0.05792038649226039
0 0.13623046875 0.898548978377403 0.0517578125 0.05037783054287992
0 0.0732421875 0.98193359375 0.0302734375 0.0361328125
0 0.203857421875 0.99169921875 0.01806640625 0.0166015625
0 0.365966796875 0.976318359375 0.03173828125 0.04736328125
0 0.461669921875 0.980712890625 0.01806640625 0.03857421875
0 0.45361328125 0.8931086409044974 0.0166015625 0.08250989965526334
0 0.44580078125 0.8130637708461381 0.03076171875 0.07308072858916459
0 0.46435546875 0.7579921145784914 0.01904296875 0.057749751626625656
0 0.481689453125 0.498291015625 0.01611328125 0.07470703125
0 0.400390625 0.4520204929288 0.02783203125 0.0636327499735298
0 0.38525390625 0.548795129456354 0.02734375 0.04260821707925733
0 0.27490234375 0.5238131953507796 0.02978515625 0.02956681905061964
0 0.248046875 0.43533497991579473 0.0302734375 0.04229057069489206
0 0.2822265625 0.3967983762648664 0.0224609375 0.046230075636532836
0 0.546875 0.4532850919910234 0.0595703125 0.05376254435123928
0 0.52978515625 0.5860787844414875 0.044921875 0.052909370023065616
0 0.500732421875 0.602294921875 0.02197265625 0.02587890625
0 0.61474609375 0.6623162580448944 0.05078125 0.06496938975433508
0 0.6533203125 0.5664184191924181 0.0537109375 0.07099939961996982
0 0.7451171875 0.5527220095656392 0.03564453125 0.073365120031889
0 0.76123046875 0.6107894075766302 0.0439453125 0.03429780423452078
0 0.765625 0.46309614112508224 0.03955078125 0.04478403943606868
0 0.72216796875 0.411248651034834 0.046875 0.03300359535015546
0 0.89990234375 0.6393739370500068 0.04541015625 0.043172184167338035
0 0.982666015625 0.57275390625 0.03466796875 0.060546875
0 0.89990234375 0.8429872183000069 0.06494140625 0.03503240618823611
0 0.8837890625 0.9084549765390159 0.04150390625 0.053686858513158464
0 0.8203125 0.767062575283597 0.0380859375 0.08522606575325131
0 0.74609375 0.8433062316041842 0.06103515625 0.06605489303405654
0 0.68603515625 0.9521129043586725 0.03271484375 0.07417104766625426
0 0.71435546875 0.974365234375 0.0390625 0.05126953125
0 0.524169921875 0.994140625 0.05126953125 0.01171875
0 0.50244140625 0.96728515625 0.025390625 0.0546875
0 0.5029296875 0.811279296875 0.0263671875 0.02978515625
0 0.70849609375 0.7190461049952053 0.05078125 0.06008657725433508
0 0.72509765625 0.6892513171504686 0.0361328125 0.03970215292616153
0 0.7666015625 0.7087584881636272 0.041015625 0.053658419368886046