0 0.16362985136927677 0.3746161170907866 0.04794468547549857 0.05379122463432573
0 0.16549341697235936 0.2445100595285171 0.04850791419227585 0.06550997463432573
0 0.3020789505929299 0.12232388934572909 0.052013196907299886 0.08770221117380557
0 0.3640157218761524 0.13258805060171097 0.03854217978843666 0.0509711424509689
0 0.538818359375 0.22200520833333334 0.04150390625 0.07682291666666667
0 0.07939084043927469 0.5137927807129133 0.04000702353843688 0.05100523437465684
0 0.7747352005929299 0.5368501579439283 0.030229032040190118 0.040372652191300006
0 0.8573223733446373 0.4523382663726763 0.02745579696151723 0.043559676677257464
0 0.9529432449127899 0.39093431953910773 0.022873522805924695 0.039551150906193655
0 0.9873046875 0.4417317708333333 0.025390625 0.044921875
0 0.955730343444305 0.4851649015873349 0.03165602781815258 0.05991526616586255
0 0.987548828125 0.12630208333333334 0.02490234375 0.04296875
0 0.8074935225175339 0.08867211986232089 0.0260848246643135 0.045478709753569456
0 0.7971676627099477 0.3035158698623209 0.02939655546327069 0.0331998298834039
0 0.9321275881033124 0.3166327266005732 0.021408679055924695 0.03951705898250565
0 0.8378776888323636 0.3799557065104538 0.02939655546327069 0.03319982988340383
0 0.8253592496943051 0.4881990827955602 0.02265448941606696 0.03499385923952699
0 0.9257269022817449 0.5411398258295094 0.023474599494739845 0.0317613788553189
0 0.8910261460928839 0.44114884943575006 0.02560310090208573 0.025307782061465407
0 0.9335916833760146 0.26587420454969846 0.021458893526209 0.030413839623734933
0 0.9642522247081483 0.19622740530752383 0.01963093046327069 0.03297255039215111
0 0.8207179581487627 0.31077153510875144 0.01975609240033227 0.035576717058817785
0 0.8442223511731723 0.17691025433239235 0.02207233671327069 0.033029370264964296
0 0.0947265625 0.6031901041666666 0.0380859375 0.047526041666666664
0 0.29320763466108246 0.7075161407659651 0.04696812297549835 0.05376849668520034
0 0.3753814736295673 0.6113082271438386 0.06242430405592492 0.04047163284576764
0 0.07035127525724338 0.7270096658586338 0.04671779910137519 0.048560163351867004
0 0.025390625 0.8186848958333334 0.05078125 0.07486979166666667
0 0.158203125 0.6048177083333334 0.033203125 0.05078125
0 0.38086611129568015 0.6697087895762737 0.03620701148947969 0.06327275027025969
0 0.44091796875 0.5914713541666666 0.0380859375 0.024088541666666668
0 0.689208984375 0.59765625 0.03955078125 0.036458333333333336
0 0.6787781881402256 0.7373112141548998 0.05503750433739385 0.03899908989399462
0 0.85205078125 0.6110026041666666 0.052734375 0.06315104166666667
0 0.6405577161141085 0.9541047940383036 0.03307065709786827 0.06905257744832127
0 0.573486328125 0.6214192708333334 0.02783203125 0.043619791666666664
0 0.795166015625 0.5989583333333334 0.05224609375 0.0390625