0 0.23792843670215857 0.151426607032758 0.030594440804998957 0.05552804458744309
0 0.08318305077313193 0.16006363288710368 0.03444103532353904 0.045319591671306725
0 0.013427734375 0.02294921875 0.02685546875 0.0400390625
0 0.007080078125 0.333740234375 0.01416015625 0.02197265625
0 0.40380859375 0.152587890625 0.0283203125 0.04443359375
0 0.5463113210473836 0.3195437645458824 0.07015658500384858 0.05794138459281206
0 0.561732439069151 0.45218581454389384 0.08775743590154761 0.062052174595198295
0 0.593994140625 0.592041015625 0.04052734375 0.05517578125
0 0.650707900133751 0.5536964953652297 0.06708201990601714 0.03300495084241417
0 0.7103744721484424 0.4856148378570766 0.0661878387851762 0.04715374375894843
0 0.7070584443875587 0.4192426778574743 0.06275850708632658 0.04516084709181778
0 0.671192335634993 0.38157150202897977 0.050148416702697984 0.05966156125676103
0 0.7603173791202608 0.25699091910011673 0.05163314561318466 0.06309657500695987
0 0.8470868895729587 0.3150672953383843 0.04426631580499896 0.055687131255965694
0 0.9735119630019855 0.3067598061545499 0.04974251683185704 0.07381603584002816
0 0.9765625 0.5107421875 0.046875 0.0556640625
0 0.11572265625 0.634521484375 0.041015625 0.02978515625
0 0.2236328125 0.635009765625 0.0380859375 0.03076171875
0 0.2257942879680921 0.7152781595371328 0.030594440804998957 0.05552804458744298
0 0.25969022729738356 0.7500423745325592 0.05651311737597231 0.06266511042428946
0 0.14761531396105693 0.7069098824644051 0.05450601836893709 0.053365040007357645
0 0.1562399392532683 0.7624773566299449 0.05549678455499896 0.0558178095908235
0 0.08998741461326629 0.8736073074723593 0.03942327362597231 0.0624662520886361
0 0.042908207084504324 0.9229865541454555 0.04482277474809615 0.06741156292269856
0 0.0068359375 0.762451171875 0.013671875 0.08740234375
0 0.302001953125 0.986572265625 0.05126953125 0.02685546875
0 0.35940438402371216 0.6829596641023041 0.02962640051663612 0.05698152500397713
0 0.984478894292293 0.720549928240402 0.027573849714202847 0.0398689545870452
0 0.60764256506853 0.8289457628749735 0.033424702502565684 0.03847229083784054
0 0.5811497340301264 0.639788084545087 0.04170275785486666 0.034662629172300896
0 0.4273528287795053 0.7275209912326996 0.053918311316503764 0.03626951459062466
0 0.6636468649329568 0.7189116895339511 0.03936645888172474 0.0527006270886361
0 0.6686265880487072 0.8194464920333546 0.042702046252565684 0.03858024250576664
0 0.9084600935512321 0.6638133990840095 0.04608308541880479 0.0322723579228974
0 0.495361328125 0.625 0.04541015625 0.0107421875
0 0.8538815182168908 0.934974603258299 0.03782775596420285 0.039988269588437264
0 0.71533203125 0.9873046875 0.0361328125 0.025390625
0 0.7462456112743739 0.6476333061893493 0.0480901844258399 0.041572428339829215
0 0.985595703125 0.849609375 0.02880859375 0.05859375
0 0.57275390625 0.99560546875 0.0439453125 0.0087890625
0 0.42774233532813094 0.8784055791494326 0.04918037641433515 0.06111504167329507