0 0.2020079269998225 0.08858237205322321 0.05717858778568896 0.05872439655353956
0 0.2148927062596983 0.03522286558716137 0.04399499403568896 0.05821292535403444
0 0.2806811162030455 0.03854382796739501 0.02322806392238319 0.06909816673261855
0 0.26513583230156706 0.04045209938903079 0.020956074528296842 0.06381405988824736
0 0.25139422586191595 0.03184898725520258 0.021783189490124144 0.05345422335485909
0 0.4507623428138674 0.06653251435147738 0.03038286581646954 0.07457170735458425
0 0.42520230095795375 0.07274484670606156 0.04260986638421049 0.05945817855408938
0 0.509521484375 0.15234375 0.02001953125 0.046875
0 0.4855695326845061 0.17938503348585533 0.039759894982732025 0.060646601620865916
0 0.5126953125 0.3056640625 0.013671875 0.07747395833333333
0 0.43817581394056754 0.3965777623280271 0.05644117358125367 0.06259275979802048
0 0.504150390625 0.4778645833333333 0.03076171875 0.07291666666666667
0 0.48193359375 0.5393880208333334 0.052734375 0.020182291666666668
0 0.3280837719849792 0.22921825305762175 0.046197251990124144 0.05440139224283177
0 0.22119140625 0.5423177083333334 0.0498046875 0.014322916666666666
0 0.14927266555138957 0.44237322380599303 0.05026293418716732 0.05715710593157386
0 0.08605514007847412 0.4650560413369072 0.039600462785688906 0.05804243495419925
0 0.059718390072412655 0.2507237625364123 0.038444579357125946 0.039162226620865916
0 0.05668917832859245 0.20124459586974566 0.032904068751212295 0.044143239421085965
0 0.2424752822103784 0.16597554714345 0.027951524811561157 0.03485816568791759
0 0.696866560990065 0.022826068169374342 0.06457261856156116 0.03627891901987631
0 0.722017876522058 0.08188839288129184 0.058314663068953276 0.029541181820096202
0 0.6418498090060023 0.18745491241138126 0.06036739289899473 0.04715719357561513
0 0.8282728358137491 0.48237068212879697 0.057766554451951446 0.04445831002015129
0 0.542236328125 0.2721354166666667 0.04541015625 0.03125
0 0.901396496786842 0.0618774531547213 0.057716631157599174 0.08342609313135396
0 0.981201171875 0.5032552083333334 0.03759765625 0.07291666666666667
0 0.5434757111882021 0.33940891385179367 0.04634669952829684 0.06479911553173896
0 0.537841796875 0.09016927083333333 0.03662109375 0.07356770833333333
0 0.23757266156507972 0.825533437418254 0.03880322121425195 0.07684686977649487
0 0.2090632046500886 0.7515918712618004 0.04991419640269068 0.04350417430933332
0 0.3298380902560023 0.7416855802441233 0.031060533240124144 0.053814147532288636
0 0.33907541478429915 0.804628244755436 0.026237548107125974 0.03868864217687973
0 0.393155139972738 0.7685955896464326 0.04441354384603802 0.04913622877622004
0 0.48927721771419275 0.5958461416282057 0.04042757774751626 0.04768259842081098
0 0.2184106021846245 0.6324582130846458 0.04114502263421049 0.05940134842081098
0 0.4925351095773801 0.8489238927388586 0.02931660255907742 0.08102529388797253