0 0.03867306786085484 0.23984682424353498 0.01200283333664759 0.024823290267481424
0 0.1337408724538658 0.16526688844670523 0.019974420005170135 0.038767983779135706
0 0.3227849174490932 0.193807289539089 0.0283376995892326 0.044428947197768354
0 0.2954588966273598 0.10934703789383571 0.020831667503778295 0.028548179843092436
0 0.3583984375 0.478271484375 0.0341796875 0.02294921875
0 0.179443359375 0.486572265625 0.02880859375 0.00634765625
0 0.05995187659136711 0.3826001073655505 0.024715190836846423 0.026731464098919577
0 0.005859375 0.44091796875 0.01171875 0.01953125
0 0.133056640625 0.01123046875 0.02490234375 0.0224609375
0 0.6033090324634107 0.17902555428354533 0.04031780625894843 0.06729911246524978
0 0.7203314220391214 0.23106856920175278 0.03312960542150534 0.036786958767552225
0 0.8371155237010818 0.26164426027693855 0.04124323375835193 0.06293868352920651
0 0.7278424516132411 0.2986497932831201 0.051900196257357534 0.0559895902327312
0 0.8273399037237512 0.09506130054441997 0.05343322000815309 0.06190011870366641
0 0.6139418999393493 0.3558283179521071 0.05425069583963038 0.04826234601762314
0 0.7404148199793191 0.05709783264355223 0.025209495842613228 0.06921193284891963
0 0.9003033474648028 0.15840454459068273 0.04669387084261323 0.06996218375596891
0 0.20768053660588348 0.5297324056325359 0.06247193375536908 0.041716278186255895
0 0.1938605961817929 0.5848802868709524 0.03743357209281206 0.07110305552337948
0 0.18399769866926508 0.6774723639465635 0.044053606256959865 0.05278708422107692
0 0.14118871951585538 0.5813507180746188 0.0288543891728974 0.04688740460474672
0 0.15113978698383979 0.8167472317431805 0.04711965375855076 0.06460814116294733
0 0.17207235613267585 0.9473105347721746 0.03901773084420401 0.08140811524431468
0 0.316394752819692 0.792429253184484 0.04532561542707336 0.07821181153503365
0 0.35019876613724954 0.9074125073820397 0.038915460843010896 0.07261905274431468
0 0.5021582153336118 0.6834448533466516 0.04329294709281206 0.07130766940712019
0 0.5390625 0.85888671875 0.021484375 0.083984375
0 0.542236328125 0.791259765625 0.01513671875 0.04736328125
0 0.8184826612229558 0.6116659745447035 0.0733905950131244 0.09920325873280211
0 0.972412109375 0.845703125 0.05517578125 0.1279296875