0 0.039170788897841535 0.5947265625 0.07549805585232305 0.072265625
0 0.05974166240356682 0.4365234375 0.041916046021981845 0.0322265625
0 0.11110087124381507 0.47998046875 0.03290383052523316 0.0703125
0 0.1309743022549592 0.38525390625 0.03544500160015529 0.046875
0 0.00927734375 0.047607421875 0.0185546875 0.04833984375
0 0.0977113057287955 0.19140625 0.051681671021981845 0.0322265625
0 0.18462055243142717 0.19970703125 0.049501032867802275 0.0283203125
0 0.27069406543560903 0.361328125 0.0328850229756974 0.05322265625
0 0.25332373476037806 0.44873046875 0.03576746378188922 0.03564453125
0 0.20952452249923392 0.54345703125 0.05637940126424246 0.05419921875
0 0.8598635406479948 0.47021484375 0.059536601918421805 0.05810546875
0 0.8734200327530981 0.12451171875 0.06465655916733815 0.04541015625
0 0.9577933798181132 0.09765625 0.07642691601857732 0.10498046875
0 0.98779296875 0.229736328125 0.0244140625 0.07373046875
0 0.987060546875 0.60205078125 0.02587890625 0.0380859375
0 0.9306640625 0.67333984375 0.052734375 0.0126953125
0 0.495361328125 0.0888671875 0.01123046875 0.0498046875
0 0.5172095868023275 0.36328125 0.04628649828514042 0.07373046875
0 0.44911234681796 0.89794921875 0.04279765949442793 0.04736328125
0 0.3445584652320468 0.9052734375 0.047315578916254264 0.03271484375
0 0.139892578125 0.98681640625 0.03466796875 0.0263671875
0 0.462646484375 0.982421875 0.03955078125 0.03515625
0 0.8741147414080551 0.96484375 0.06867656574442793 0.04736328125
0 0.5748430442541819 0.7392578125 0.04112411013978412 0.060546875
0 0.8301327250888582 0.830078125 0.033942087111146435 0.06298828125
0 0.9350948419292596 0.7626953125 0.06229565455278707 0.05517578125