0 0.13374190211632286 0.4118143027098553 0.05371673141622191 0.06214766706262864
0 0.155517578125 0.4599609375 0.04052734375 0.01953125
0 0.250732421875 0.44677734375 0.03369140625 0.0458984375
0 0.30541628113244196 0.38580775625109376 0.0445007370959275 0.03934849864534584
0 0.404052734375 0.450927734375 0.04052734375 0.03759765625
0 0.4490049665888416 0.4389409025441804 0.021591310218548987 0.039389952138740636
0 0.5288343706284723 0.29822140772494676 0.029324226473306014 0.037755162119712526
0 0.5315733633562619 0.1352946377154327 0.05036011209592761 0.03958724988107476
0 0.5256874459368577 0.040477712691647655 0.04780844738583179 0.048745218013210245
0 0.6046190621678296 0.02946196694561737 0.040015843322142475 0.0489151642822383
0 0.672607421875 0.006103515625 0.02880859375 0.01220703125
0 0.06023190677354462 0.14621333094161465 0.04192917644952099 0.04801818552748127
0 0.5534739349109841 0.38739947466892344 0.04204855206738545 0.05094787302748127
0 0.523193359375 0.451904296875 0.03955078125 0.03564453125
0 0.70849609375 0.46142578125 0.017578125 0.0166015625
0 0.138427734375 0.51953125 0.08056640625 0.099609375
0 0.3316964293502037 0.684309238166255 0.049681988640588814 0.04687167675845316
0 0.015625 0.580322265625 0.03125 0.09716796875
0 0.02001953125 0.662109375 0.0400390625 0.103515625
0 0.95361328125 0.47509765625 0.0390625 0.0107421875
0 0.9028884393303553 0.5176843381905869 0.03822354743340184 0.028855841159616813
0 0.8594297899725517 0.782689240923407 0.03187422956262842 0.0524831833649555
0 0.8505371154955494 0.8693338774728252 0.025537352091170584 0.04052568212922658
0 0.7953770978864116 0.9549389404717644 0.028326106416221908 0.061113078374469554
0 0.8317594404006827 0.9593061202484583 0.035622973692915894 0.02485011147806304
0 0.7592376389033182 0.8608672822492457 0.03236417243340184 0.028617089923887784
0 0.7720688997159466 0.8091600404004092 0.036279539591170584 0.04096339272806304
0 0.7813130980764187 0.905302537620019 0.04541761178699533 0.03792344676796722
0 0.9519321399011966 0.7496718258332972 0.04932386178699533 0.03808261425845316
0 0.977294921875 0.97705078125 0.03466796875 0.0458984375
0 0.99365234375 0.700927734375 0.0126953125 0.04931640625