0 0.530029296875 0.398193359375 0.09130859375 0.02294921875
0 0.41287612877469637 0.13812021009729197 0.05635813621985686 0.0720955063177866
0 0.34361811235444895 0.05716178211198347 0.08521218945883247 0.07421623481331707
0 0.11889508863200973 0.050972230494288395 0.034623734030490516 0.061228326380441844
0 0.0789847140350915 0.24504966090796176 0.07546888594683165 0.054142729556281854
0 0.7510886445059249 0.31168982801096534 0.07385589060117193 0.026793298081857042
0 0.8671063791777782 0.3040651422175119 0.06289858704151485 0.05943996413875996
0 0.9618885412695316 0.24407789244835087 0.060877681064539946 0.07749216670269798
0 0.18624707256718787 0.6974995421030036 0.03130764087419702 0.04460971945716752
0 0.22722901120694478 0.7172665732916311 0.02674263654053821 0.03725993407225614
0 0.2362445546388458 0.6850968255358787 0.028184750546050408 0.0362918937838933
0 0.09081629624455329 0.6876682545965893 0.030626156796050408 0.03630609746995517
0 0.06049780751206629 0.7065322569022094 0.03163681391278217 0.03777662269437998
0 0.07002681147738754 0.8013014304603951 0.02112192385766065 0.0474797514757076
0 0.03901629030748743 0.853360035554378 0.02889992098444011 0.025067106508318115
0 0.09766645641221833 0.835149077257076 0.021712488957855935 0.05187712346292006
0 0.12604277676046047 0.7957687402398189 0.019816188319075556 0.054307166764070436
0 0.15040205618168456 0.8984356359143759 0.027253647535026015 0.03823933730946871
0 0.1465311255678825 0.9628575128050398 0.02217804046336802 0.05090340170013219
0 0.3295432258009987 0.8340570211829568 0.03133037061868493 0.04558628195716752
0 0.09205098475425366 0.5309583807187132 0.025334617151757832 0.03969281811061903
0 0.056520918739670356 0.5776203254277846 0.023279208301562493 0.03528692391176946
0 0.003662109375 0.58642578125 0.00732421875 0.03515625
0 0.007568359375 0.547607421875 0.01513671875 0.03759765625
0 0.013427734375 0.64794921875 0.02685546875 0.03515625
0 0.010498046875 0.728515625 0.02099609375 0.0361328125
0 0.03316583064079898 0.7278547098811037 0.02121243457912325 0.03039274846292006
0 0.0977041590279081 0.43823039501411126 0.02762828006258683 0.03335936554668095
0 0.275377285154753 0.7932200370768073 0.02073551820136721 0.03087818897570771
0 0.12236219117938402 0.7215386272909693 0.027231326047026938 0.05825602782225614
0 0.33749652877986125 0.48356482801096534 0.024744052051562493 0.035295446123406626
0 0.2722040362597658 0.5310300502500815 0.01531896496239149 0.02889381586637141
0 0.2885218852101564 0.5399128570780901 0.021643891467903686 0.027954182950132356
0 0.6157949280483509 0.5261939917475975 0.026277085035026015 0.03823365583504379
0 0.5814001244886937 0.558704302418306 0.020258601823611055 0.03136362948849519
0 0.6100159236670357 0.5715643776766242 0.018793758073611055 0.031355107276858085
0 0.5921666747591365 0.6437163731881289 0.01764672248995236 0.024025207052433384
0 0.21719267055553426 0.8104572736113216 0.01998625314624569 0.04063813250128279
0 0.63916015625 0.916748046875 0.0185546875 0.05517578125
0 0.6865234375 0.993408203125 0.041015625 0.01318359375
0 0.9664210840124137 0.9291670832066281 0.03949558991473534 0.08176170551535344
0 0.9863931144909943 0.8223641633683977 0.020327199313563415 0.05528657000128279
0 0.9464648429180124 0.680061264327469 0.04331051268029529 0.05688492840026471
0 0.9789970321991321 0.6304525876951234 0.034214598629709325 0.0436502013804419
0 0.994384765625 0.60888671875 0.01123046875 0.0595703125
0 0.9715457585720053 0.5200726178229995 0.03882506245234385 0.05295311176535328
0 0.8633109201047964 0.7572036948025149 0.029116261813563415 0.055337703271105765
0 0.8253743589699223 0.8473027856010997 0.029820067379709325 0.043624634745530466
0 0.6857579748042104 0.7429889134444208 0.02721955291829431 0.03677449355946849