0 0.14208984375 0.00732421875 0.0380859375 0.0146484375
0 0.10118038842761712 0.07810961887230938 0.032908818250787286 0.0773534134568794
0 0.14646703676430406 0.16616016859670174 0.04970022295612608 0.0704269652354167
0 0.22205779731584385 0.2661571740224613 0.044578659220397165 0.06445394151297767
0 0.20672126663586476 0.11477821339372873 0.058521621791752354 0.03550937755253902
0 0.23226773588480398 0.06356591476143703 0.029402148597775568 0.06312506797341588
0 0.2849324968642013 0.21043751193070792 0.046799548550205516 0.08304272362970933
0 0.30289115884175044 0.3814272766651481 0.04522610796088311 0.06837155638522141
0 0.10728767533408456 0.3480386394008468 0.05054663105971957 0.07922739260766054
0 0.01025390625 0.2802734375 0.0205078125 0.07421875
0 0.01953125 0.4013671875 0.0390625 0.056640625
0 0.408203125 0.024169921875 0.06640625 0.04833984375
0 0.4101297946065354 0.18451559573066467 0.04998954484301876 0.06555551760766054
0 0.42843248141758916 0.28708916110388516 0.050707460170978935 0.059230591102148455
0 0.35542158961632286 0.3156919623840283 0.05975516984301876 0.06578281505253902
0 0.435546875 0.3525390625 0.048828125 0.05078125
0 0.47607421875 0.38525390625 0.0322265625 0.0361328125
0 0.6079201694876101 0.3931793047689024 0.020435684291752354 0.03462291751751301
0 0.53515625 0.42236328125 0.0419921875 0.0146484375
0 0.05092802060414037 0.5694833388921229 0.056667976473306014 0.037905324313563415
0 0.07519948830841838 0.5255725292653434 0.03221412210068442 0.03636051820136721
0 0.04150390625 0.445556640625 0.0419921875 0.03173828125
0 0.20837590907823378 0.45975929390447107 0.039588911501847956 0.025800168657269973
0 0.3229081323911357 0.5396466656152568 0.060744172742334124 0.0301951081637587
0 0.3328652612172478 0.571158057676867 0.049743338070294296 0.023597424724392413
0 0.42919921875 0.57958984375 0.0615234375 0.0537109375
0 0.39511905444452355 0.6146390434408211 0.039357615803114365 0.05603951154053821
0 0.42820361288056086 0.48638059115872473 0.055960839923887784 0.03252286569131946
0 0.4032490368586239 0.45109891930755286 0.04953359992864481 0.030421997352148455
0 0.3678954891162898 0.47911197200047817 0.043614537119712526 0.02882077513522141
0 0.24750972823257966 0.6268432168953999 0.05773323987631773 0.05207684543580737
0 0.24576220907878066 0.7177089888843757 0.05268048110728962 0.059764331841124174
0 0.12976433296197687 0.7697484736515414 0.04822792366913076 0.034294152735416694
0 0.18376459234886944 0.7758927869706169 0.038413389638740636 0.02089462641278217
0 0.11466493540992329 0.876432040212175 0.0494034455322383 0.0391996949799045
0 0.05731385061895833 0.8325764219206602 0.047171777423888006 0.03231829799092889
0 0.01025390625 0.893798828125 0.0205078125 0.02880859375
0 0.07984112241098407 0.9274284062718321 0.04714110270903493 0.04353740186868493
0 0.2001572692740915 0.9253413523438374 0.06267574018525002 0.0536553379082465
0 0.36351923569479694 0.7424433090896492 0.04933464056553749 0.025539184852148455
0 0.4003567140695401 0.8459370208581388 0.054883136121560705 0.05396178120234385
0 0.3309809846969185 0.8452997714995016 0.05601886611204687 0.057890760946831765
0 0.10996114282375014 0.5840534470558816 0.03553261116913076 0.03399866605707458
0 0.10005956951112172 0.6351411403499788 0.04047511147806304 0.03557715852951393
0 0.07274483260520115 0.6217980301320751 0.03623063056078024 0.027185458301562493
0 0.07896148189192298 0.45723588400983123 0.02906557930126641 0.030921235217903686
0 0.6391858896155025 0.6470295469206602 0.0410628724096167 0.03802992965175783
0 0.6937092372626964 0.5803631296285161 0.0280061098144766 0.07675148348444011
0 0.7975738719585211 0.5862018161664719 0.05046870893525002 0.053371216102148455
0 0.7086610986696777 0.6452253900292975 0.06997094584117058 0.04114186336414938
0 0.7226380591974324 0.7340134316800787 0.06030313890195105 0.06725902367478298
0 0.8725545049675212 0.797129584320183 0.05958688519476407 0.04968089867478298
0 0.6638196599817923 0.7981361588720275 0.05196422740010265 0.042186206841124174
0 0.5402853562986639 0.9511703082834857 0.0641389223144766 0.07759248403049046
0 0.484375 0.931640625 0.048828125 0.0595703125
0 0.9218543385227573 0.8466627396557951 0.04281537642573596 0.05709562814624569
0 0.9318255258559884 0.6499308553947707 0.03799225173466825 0.05844682317380645
0 0.8347263620726894 0.6339860059459859 0.0371964142822383 0.03891557317380645
0 0.6009034634270702 0.5430134592854388 0.0425277161596167 0.03806402426848965
0 0.8779296875 0.44384765625 0.0517578125 0.0283203125
0 0.704345703125 0.445556640625 0.05517578125 0.03173828125
0 0.9365159819630047 0.46285094741130717 0.03940818645427813 0.045308688912782155
0 0.984619140625 0.591552734375 0.03076171875 0.03271484375
0 0.97705078125 0.562744140625 0.0458984375 0.02978515625
0 0.9503627880943528 0.5428385616898446 0.04981214303699533 0.037257934852148455
0 0.9769040976717993 0.7550826137414071 0.03862892169661203 0.07407182317380645