0 0.42206248723730444 0.09262828604355806 0.05982115620234385 0.0757755321830867
0 0.40053142797886254 0.18108336370611275 0.04668261368483084 0.0492012502100847
0 0.349624347871202 0.2488779827284031 0.03513433676848976 0.05787426877346732
0 0.23004981644348915 0.42447206349305083 0.038881886813563415 0.07707315398414731
0 0.1526180736503685 0.39204256473716653 0.031159897535026015 0.05360381662792809
0 0.07398165439939192 0.4286234826479489 0.05656188740726997 0.05662217224059907
0 0.021240234375 0.5276692708333334 0.04248046875 0.068359375
0 0.34144007313906233 0.04749663083168713 0.06473765506258689 0.05023464346653639
0 0.13110974413641446 0.47919555906638794 0.04306048549092889 0.06511308973121228
0 0.2914827432220265 0.39599494663566887 0.03691739694131946 0.0762400112447111
0 0.9272054670294485 0.2902759593181882 0.06191106792575951 0.11171939965433057
0 0.8043980708595484 0.23217791910572183 0.03881369758009989 0.07316690398414731
0 0.6581418098174043 0.17691613343315682 0.0767746214854167 0.06955641656982037
0 0.6045980793491533 0.39575241912211395 0.040675903602148455 0.06814067172358367
0 0.551025390625 0.3857421875 0.04248046875 0.076171875
0 0.553955078125 0.060872395833333336 0.04833984375 0.048828125
0 0.615966796875 0.019205729166666668 0.05712890625 0.038411458333333336
0 0.7816213664756508 0.08480564971839273 0.043355972169270895 0.08204017306454547
0 0.8906509294869571 0.40158117002651456 0.06313684110214846 0.07023483406043358
0 0.668007677385156 0.3098925850616803 0.04443441026297745 0.060041332202456076
0 0.67724609375 0.5794270833333334 0.0615234375 0.08072916666666667
0 0.13463122150607598 0.6950182539901016 0.02999054046336813 0.0703943241566843
0 0.10761664454466102 0.7066367270740165 0.03143265446888033 0.06922881662792808
0 0.27005478432675734 0.7285406624977583 0.045558716102148455 0.06859592440550759
0 0.025146484375 0.8899739583333334 0.05029296875 0.06770833333333333
0 0.464599609375 0.6637369791666666 0.07861328125 0.087890625
0 0.33758534016592834 0.7137946338205419 0.06763406445883247 0.10445320287263933
0 0.20413436603782498 0.9023821720945766 0.026890379879709214 0.060355547547530065
0 0.4207149002087017 0.9224880110822967 0.03907468138522141 0.06019159591900625
0 0.1279296875 0.9915364583333334 0.068359375 0.016927083333333332
0 0.3733284809577251 0.9561553118287659 0.07156222769034293 0.05022095555456296
0 0.429443359375 0.9827473958333334 0.05029296875 0.034505208333333336
0 0.4479799126159717 0.8685973549332409 0.05040702572892797 0.03914878568895711
0 0.7531122756594397 0.7240875026491397 0.03215918977951393 0.05499695049764627