0 0.14880402198340004 0.3676264030176277 0.02179193120242995 0.020509158782985093
0 0.406109153850991 0.24801365216344717 0.022877090541752354 0.03518033834770562
0 0.45250085746331115 0.3220879444502258 0.018712193369712526 0.02865074557994096
0 0.00341796875 0.32421875 0.0068359375 0.0263671875
0 0.0087890625 0.542724609375 0.017578125 0.02783203125
0 0.0622439540415449 0.43893282245040843 0.020815368702429893 0.020463674653543817
0 0.11745539486871787 0.5246696827168781 0.02211026618340184 0.02832165878298487
0 0.17561722818610337 0.47796861390974477 0.019728547742334124 0.029672792209382237
0 0.20980351865622704 0.2873021541546562 0.01896172338398361 0.02281411264466149
0 0.2154614201054746 0.1124292404604944 0.02357510993340184 0.028389884977146673
0 0.48310255615595366 0.17136957893625482 0.03243297740010265 0.042448375077396516
0 0.3481139435610868 0.2546074322764187 0.024730735860198583 0.03282990035658795
0 0.03051973129866392 0.20899514526387963 0.023853653041752354 0.03522582247714667
0 0.86022477485811 0.3320260819870957 0.03616928113107476 0.05042006953044065
0 0.6901387475053039 0.25610429732601026 0.018412092704278016 0.045206823950499686
0 0.7091112931807995 0.5348580553386862 0.022877090541752354 0.03518033834770562
0 0.11264794679257267 0.781841366055747 0.037894433673887784 0.032955654854043503
0 0.07884462046170349 0.7470008123958651 0.04013688056078035 0.02818655267764636
0 0.02646257839907501 0.7959279109796453 0.034924954301266325 0.03184263996572001
0 0.058235666659376364 0.7245157865481596 0.041692086834565406 0.0185118959365288
0 0.10665343253384596 0.7008428605760559 0.03134781806078035 0.02777719551267599
0 0.01611328125 0.6005859375 0.0322265625 0.025390625
0 0.0766610088168716 0.5844820802308948 0.03681839149233407 0.03046876447460234
0 0.3287584337463368 0.9528562788183317 0.03404787148282007 0.03423856208627907
0 0.19336853567073853 0.7097737605963192 0.04266698771379196 0.04243767718652869
0 0.664358468369986 0.6310347972218755 0.06275366230971957 0.08089953189591081
0 0.67041015625 0.728759765625 0.0810546875 0.08935546875
0 0.924072265625 0.964599609375 0.07568359375 0.07080078125