0 0.03662214137087527 0.1341966931209524 0.032375929451951446 0.032778401825682035
0 0.10031788284869908 0.11736570752771819 0.03846446808864579 0.04175502705244427
0 0.15459673711099953 0.0906388899810302 0.03744804753938502 0.04123264348848743
0 0.12908637679077473 0.04527524064973376 0.03242577216008269 0.02742435923266029
0 0.21857132376120647 0.02267478239362311 0.036023061838645676 0.04166977126755228
0 0.4127181168462153 0.07188730525341736 0.03794631344825561 0.03540737080244427
0 0.3751802879632171 0.08439661077679683 0.03290406875121232 0.03328373423266029
0 0.3355099325654347 0.08724259824204661 0.04104541780416904 0.03162047890129305
0 0.3088039113536074 0.0803849630328366 0.03340233466008269 0.02745846154661713
0 0.3603426254620048 0.11704945220125662 0.044642788068953276 0.022008314314098554
0 0.44719702176744536 0.15053313306723237 0.04666556392238319 0.05275298190712019
0 0.3739549148536665 0.17694838323607776 0.03111037594825561 0.03516865460474672
0 0.377422806898019 0.20604064435233704 0.04115500729308108 0.03892764649431468
0 0.5302734375 0.335205078125 0.041015625 0.02685546875
0 0.599321753962064 0.3194444053478565 0.030970832482732025 0.04538845854078999
0 0.6509500882416323 0.33711707923721174 0.032525376990124144 0.04057385066870356
0 0.6752147837896808 0.36791754685340017 0.02911739289899473 0.03461216872683326
0 0.7043520654201952 0.32113244919052375 0.02763257983125378 0.04624566294194121
0 0.7298523604953283 0.3367961980567121 0.03778688125121232 0.03345424580244427
0 0.716987792311857 0.3810654825393016 0.04065674138421049 0.04475291918035784
0 0.752685546875 0.399658203125 0.05126953125 0.02001953125
0 0.99267578125 0.0986328125 0.0146484375 0.0341796875
0 0.99365234375 0.06396484375 0.0126953125 0.0400390625
0 0.9727664841786814 0.0868163193175868 0.04230098664899451 0.03507254996524978
0 0.8311352094607334 0.14580691317851507 0.057338019982732025 0.04630922101762314
0 0.8110759813339149 0.19470944510880206 0.03960046278568896 0.043742254366401
0 0.75604980879453 0.23655593024851163 0.03319305975490838 0.030859379139638765
0 0.609944125555618 0.24896139377807258 0.05911182405416915 0.03225137170949355
0 0.5503337938339149 0.20381476293526357 0.04608766250121227 0.03374411547107692
0 0.51953125 0.2236328125 0.01953125 0.0439453125
0 0.7673595907119457 0.11589930802757645 0.04945578854308097 0.039217516162947275
0 0.8368846726269368 0.05747916039945025 0.037487905588645676 0.041720924738487486
0 0.6765988638202839 0.05869445979534138 0.046167298013512714 0.05857825459316335
0 0.58984375 0.01318359375 0.0380859375 0.0263671875
0 0.801025390625 0.00732421875 0.02783203125 0.0146484375
0 0.009765625 0.659912109375 0.01953125 0.07080078125
0 0.02960793056318764 0.8073644902492203 0.026815449528296842 0.04816468562798448
0 0.04739541105458328 0.8340091428131062 0.030990640628030697 0.08141896409891958
0 0.07954177393873463 0.6907148692200138 0.01932181392238319 0.0517981171163302
0 0.15656089439074528 0.7552160361906655 0.029964396592341735 0.039023751133811624
0 0.47028562281052644 0.46089091028852197 0.019949638637906553 0.041595364337265295
0 0.4405703591726199 0.5028272977653552 0.04339704271055589 0.06042907265129305
0 0.496826171875 0.450927734375 0.02587890625 0.04345703125
0 0.50244140625 0.49072265625 0.0146484375 0.0498046875
0 0.50244140625 0.62841796875 0.0146484375 0.048828125
0 0.49560546875 0.665771484375 0.0283203125 0.04931640625
0 0.47203027876756365 0.6959975542884511 0.03634184564651077 0.06943359788963877
0 0.4464004248857778 0.6759563253292411 0.023497166194559327 0.037337242343092436
0 0.4219663124818156 0.6412666588700311 0.0379960755701656 0.053910904831509066
0 0.4290317359633946 0.7276862378176576 0.0271044405319929 0.04574033053496285
0 0.4837697233612953 0.9219911638057907 0.0438554505701656 0.05411551871524978
0 0.42558453851277367 0.9249968139862195 0.03685009621425195 0.05776600136057386
0 0.4294405428735366 0.8002184790269385 0.05259467036203436 0.059776482133882425
0 0.38159872327374345 0.7361590863875833 0.052694436364518094 0.025210820325752836
0 0.34181845604216454 0.650881934957509 0.04553955388421049 0.04492343075014171
0 0.29165528785748096 0.7285884140855643 0.032146685229035965 0.04786396710474694
0 0.29987586949163225 0.5861296471844131 0.028479583524600782 0.05065724534891958
0 0.30395121400266123 0.49445213028326185 0.045589316006120595 0.06342696477920651
0 0.33999440633149036 0.5121821599459256 0.03169826202829684 0.048335197197768354
0 0.24665305206918997 0.540273070050885 0.0361923981083383 0.06163814904661713
0 0.18518026313953295 0.7863513246440483 0.0209062318201656 0.053314114337265295
0 0.21827404040928466 0.8640717434287986 0.03531552102460078 0.05089596154661713
0 0.20482150555955075 0.8976499938823232 0.04580865615638674 0.03032614672107692
0 0.2494045468477234 0.8883028897542679 0.04267959782386166 0.05164001015129305
0 0.28947356332433494 0.9044316664111045 0.020198691006120706 0.0625403046163302
0 0.32680219788837983 0.9123790199167899 0.029336491290597344 0.07308408053496285
0 0.3619780948612361 0.8274056778120431 0.05006356335464224 0.06455698769201224
0 0.3260345879486696 0.8203837333354226 0.023905731346037795 0.0363777310000708
0 0.084716796875 0.980712890625 0.03173828125 0.03857421875
0 0.026611328125 0.909912109375 0.05322265625 0.05712890625
0 0.6301129431713484 0.5788643606560571 0.04944580388421049 0.045059840005968854
0 0.53466796875 0.489990234375 0.0498046875 0.05322265625
0 0.7768176253562686 0.8931407510857061 0.05146866032386166 0.05194693097690406
0 0.774169921875 0.97900390625 0.04931640625 0.0419921875
0 0.9354693347294503 0.9358025595619014 0.036630836650207055 0.06700924279661713
0 0.988037109375 0.982666015625 0.02392578125 0.03466796875
0 0.916259765625 0.98828125 0.05126953125 0.0234375
0 0.9536446051923715 0.7131463095619014 0.04724354592977531 0.04790427172107692
0 0.9239084052020698 0.45710712988765423 0.05700917092977531 0.04824529486064477
0 0.8462129872921645 0.7826279701203854 0.06099513702829684 0.04935826661647191
0 0.92138671875 0.417724609375 0.04296875 0.01611328125