0 0.23706811003141903 0.20550336021663443 0.03877341917468713 0.08232701258567306
0 0.11373112793900464 0.1277374941995909 0.05308663833744298 0.04528131229811142
0 0.036469057104345615 0.12190965324065513 0.0420663912565622 0.06832277279635313
0 0.464111328125 0.4108072916666667 0.04833984375 0.057291666666666664
0 0.526611328125 0.4231770833333333 0.03662109375 0.032552083333333336
0 0.30835114877565223 0.14217052079235315 0.046937840423096344 0.06747594214494364
0 0.4947606108519593 0.0557239264080013 0.03264132417150556 0.0505307093673644
0 0.747435649616078 0.049166467897367484 0.05045807917428946 0.07951336902229045
0 0.2749856500636334 0.9549255229572616 0.03039309459042583 0.07243849969306915
0 0.4234608691965611 0.6094324814842874 0.03223258625576686 0.059599767432505356
0 0.37353515625 0.4671223958333333 0.0361328125 0.055338541666666664
0 0.3699594691876127 0.5264585854490655 0.041453113338437264 0.05395433086149407
0 0.564208984375 0.697265625 0.01123046875 0.06380208333333333
0 0.39190008797141795 0.8567143499895623 0.0391367037565622 0.06804962118719882
0 0.3147118788042873 0.8593500506972932 0.03226667625616453 0.06350601743250521
0 0.13132061627247055 0.5636943999284774 0.031136708754374798 0.04583684189612051
0 0.672607421875 0.4527994791666667 0.04833984375 0.026692708333333332
0 0.59814453125 0.4580078125 0.056640625 0.037109375
0 0.59716796875 0.5787760416666666 0.0546875 0.06901041666666667
0 0.7149430750467307 0.5962976833228956 0.09087178958963049 0.07027113294892533
0 0.7664348754773835 0.7289783723657463 0.03295381584181767 0.08633800103403111
0 0.8019998633931222 0.7165404444543685 0.03242576292468713 0.08173518409917187
0 0.8499082425604517 0.7185893848381809 0.05608450583823843 0.053366963907265884
0 0.9600662863024976 0.6301301489585085 0.0676161029250848 0.08891925340902403
0 0.8630510383762197 0.5446975851257426 0.06465232542468713 0.08473985179986965
0 0.925537109375 0.4615885416666667 0.05126953125 0.044270833333333336