0 0.04627873202998911 0.3355322127627294 0.027019268720946066 0.03128813025184818
0 0.14130255164267402 0.3900870876916477 0.031017684640399112 0.039728183056023325
0 0.3119550616998885 0.3587890312281291 0.038625320933533214 0.03711683053699533
0 0.32036496710173057 0.3151131446787109 0.027517815904925857 0.024491984624469554
0 0.20552001513386853 0.36994238690756126 0.035422481824378904 0.03309120491913087
0 0.2610742710229279 0.202136127639594 0.036296612470946066 0.031666153041752354
0 0.3394210929621826 0.1609663200114282 0.025212985459503123 0.026345629942915894
0 0.26775956566243386 0.078680555134837 0.035808331220946066 0.03164625710544158
0 0.30509076260168855 0.03918200615677393 0.023611565904925857 0.024332817133983636
0 0.044970086007061205 0.06876982115147003 0.024441286666369022 0.02923552557029438
0 0.411376953125 0.181884765625 0.01708984375 0.03759765625
0 0.3830724944987023 0.07982459322918987 0.03198063505721471 0.025647610551266325
0 0.5681520750893946 0.23846120950663813 0.036525354194976156 0.041900163355441555
0 0.47527955188516624 0.2227698752146124 0.034630251163284886 0.049613183673887784
0 0.4828568453490932 0.34418362181635775 0.03800046387895617 0.03514380960068464
0 0.5528283608103827 0.4854519382613951 0.037331196939254685 0.03949854897806304
0 0.6458570817416831 0.2343211931332293 0.03817118363467764 0.03758521585068464
0 0.6812489932504886 0.2504071229099233 0.03377999853388225 0.0583425583649555
0 0.7513494822724813 0.15309408868952612 0.04252130499955342 0.044092039591170584
0 0.6406428681778539 0.17659374717313353 0.036296612470946066 0.031666153041752354
0 0.4287109375 0.526123046875 0.017578125 0.03369140625
0 0.578857421875 0.56591796875 0.03271484375 0.0078125
0 0.7449824315863526 0.48784694966864994 0.030440583620150674 0.05236380774709115
0 0.8123891221035169 0.4777969876440775 0.02955284089039889 0.03966849524709115
0 0.6073265904177088 0.03334495425479002 0.031140648361791756 0.02756094367864484
0 0.17659225878441287 0.8349228507611217 0.048291860229304984 0.056986311454277905
0 0.2724902090436649 0.8909027775674185 0.052583959625872145 0.05570053113107476
0 0.310546875 0.9921875 0.041015625 0.015625
0 0.2330170716844685 0.6198527899247082 0.039659905401842055 0.044949226473306014
0 0.5224453441858082 0.9224363055380891 0.06281398785870773 0.04881402297991122
0 0.6172227813829754 0.8134061829384653 0.02862403442472794 0.05423734900184818
0 0.5896333314265563 0.8598111360040027 0.0441910124564191 0.04708141490010287
0 0.45776659612461645 0.8447349141168368 0.03435709955413058 0.045706933673887784
0 0.5802562195132293 0.6318418184421616 0.043781285042687745 0.04122203990010276
0 0.434326171875 0.969482421875 0.02880859375 0.03857421875
0 0.8532844470722302 0.7658099878819281 0.04064673383582185 0.0381729767822383
0 0.944322780389548 0.6058087730769656 0.03857399126363381 0.07119703835544156