0 0.18346140883364326 0.039682858290649825 0.03838293062435261 0.029721826804171347
0 0.16302728003275668 0.3054511957364324 0.03217307304566086 0.05317825079019012
0 0.16168153173829936 0.39222117231335196 0.025767888492366886 0.04108401497900527
0 0.11381261230551876 0.47903405739548577 0.02867618021063123 0.06171698941606696
0 0.15070661083216574 0.48254664607557984 0.03575958785658795 0.025659124382844123
0 0.06931610512028485 0.38589675210524965 0.03252355562435261 0.029346340992986386
0 0.077670375824624 0.3339388302014106 0.036510075992366886 0.041772405632844345
0 0.09535689838929895 0.4297736746262444 0.04562822528932298 0.038948956083887154
0 0.31948330489822685 0.3208914467400311 0.03652212016621981 0.05248330264857892
0 0.25297134989952186 0.27030300017880027 0.04953447528932298 0.039199279958010425
0 0.41739914159104796 0.4674151666666644 0.05889208940733748 0.05196953992478792
0 0.3501741772611071 0.45409254752676054 0.04863818315733748 0.05131243975521427
0 0.2988391123829153 0.4980305540616905 0.03487533989845515 0.048483181195782654
0 0.3006155412510667 0.22072465203372815 0.03252490190733748 0.05027985377445554
0 0.4914547306620609 0.35843703394933546 0.034964961874352496 0.0295027934143135
0 0.481201171875 0.243896484375 0.02294921875 0.02099609375
0 0.8294416366798711 0.24421724822928104 0.028994569116719493 0.06855292691606696
0 0.3033217745798039 0.6319867597187606 0.031399842845161174 0.03657668829019012
0 0.21223656262805485 0.5795448686208003 0.02564213399491133 0.027931711713270635
0 0.18801782710265724 0.6168477955368672 0.028696229709382015 0.02033824510312854
0 0.22129321714577388 0.6793609105124117 0.03271619003298487 0.02302997522725181
0 0.28349367620147514 0.9633412370858703 0.028470155345161174 0.036388945384597804
0 0.34025055934502424 0.6467611076331201 0.02289438301267599 0.031650218807678154
0 0.2414465082181274 0.6388903387204681 0.024620087365470167 0.026892568244739845
0 0.6664934254781678 0.7485469530788568 0.048753239763925316 0.07468735878668342
0 0.6844755948842103 0.8507294537536907 0.048263612230940334 0.053722555520948845
0 0.7692118043029743 0.8825194464285704 0.07105363652789631 0.05177523953142327
0 0.557861328125 0.568359375 0.05126953125 0.037109375
0 0.5331471600987265 0.7561126927833145 0.06124387368144013 0.07110638012758419
0 0.7148492798779635 0.6406441027939268 0.04576602396063145 0.06281215636535631
0 0.907958984375 0.563720703125 0.04638671875 0.02783203125
0 0.67919921875 0.98828125 0.0673828125 0.0234375
0 0.8056640625 0.981689453125 0.0576171875 0.03662109375