0 0.56298828125 0.336669921875 0.013671875 0.05712890625
0 0.508433484281416 0.38617420052633245 0.0441981677778962 0.05029966104840922
0 0.35475730407078465 0.3155651258727461 0.04466505324616066 0.07077332959726479
0 0.242597074284006 0.25856633061528034 0.03021994804566086 0.053215736465224595
0 0.20458984375 0.011474609375 0.0576171875 0.02294921875
0 0.07373330606199363 0.10221100758537538 0.06518221735404356 0.04105980739875803
0 0.5301679496203306 0.2154054190461342 0.03790803983119018 0.06154039573238901
0 0.6483935068995675 0.020752829997320532 0.018375443548205306 0.03924683183890587
0 0.8747339713843015 0.11542403421911773 0.01839683932994096 0.018807307241194504
0 0.8606875254579045 0.11687526588593328 0.021644915736029002 0.025848108448060292
0 0.923376121017582 0.05214876179041272 0.032455329430190805 0.0280641191232347
0 0.588623046875 0.009521484375 0.02880859375 0.01904296875
0 0.6086206901343015 0.09681558084547853 0.02004496588069049 0.04374379494233882
0 0.9149429262282134 0.111422044664094 0.028209294742366886 0.041394554611791756
0 0.94287109375 0.016845703125 0.0283203125 0.03369140625
0 0.586181640625 0.1748046875 0.03271484375 0.0654296875
0 0.6598701718855509 0.141768026161052 0.023666266930190805 0.027449528002637447
0 0.167724609375 0.439208984375 0.03759765625 0.03857421875
0 0.103515625 0.429443359375 0.0283203125 0.01904296875
0 0.12405425726263031 0.4926509932873708 0.023564600780440648 0.03571616530149313
0 0.09397480045424775 0.5051483618652803 0.037122765456837736 0.034230789683533325
0 0.1303872491458195 0.618173418488515 0.025893642989822663 0.05437328465492608
0 0.17502686776128967 0.6466028551403571 0.04114272578044065 0.036945347542687745
0 0.24454608806203926 0.676285352050558 0.03542114945174912 0.06039311347666754
0 0.2622445824275551 0.6069527606997625 0.03828261075758732 0.059133133433533325
0 0.2226322340253063 0.5297190770650849 0.03236705373727844 0.06796660581865754
0 0.24970173296567444 0.5048439574814538 0.03363926307864595 0.07438254997094612
0 0.235107421875 0.436279296875 0.03564453125 0.03271484375
0 0.328880873267719 0.48069255317026205 0.01940953435149928 0.05099972579005019
0 0.3490154611243068 0.5054616672648895 0.022771321081190177 0.060481933246915975
0 0.3515625 0.432373046875 0.0302734375 0.02490234375
0 0.4527103300761016 0.4747508232120566 0.03810067423982266 0.055226883433533325
0 0.44873046875 0.430419921875 0.0263671875 0.02099609375
0 0.45173114738314357 0.6104691326948921 0.04542489298982266 0.05573904270069774
0 0.560302734375 0.682861328125 0.01904296875 0.04345703125
0 0.4930050127929797 0.7442751534272812 0.0358291603337344 0.04825437012895617
0 0.4868246286939335 0.872816085898674 0.03828261075758732 0.059133133433533214
0 0.44061984646169816 0.8734786605399661 0.029845377119263716 0.05562299876408039
0 0.3479841352599947 0.713206594089715 0.04316542325758732 0.05947457294497627
0 0.36556091397700974 0.6935079704831981 0.026438106260131766 0.0451642288072146
0 0.3547090550023617 0.7530988148511579 0.023747883581190177 0.06055022114920461
0 0.30773373513559654 0.779015438687873 0.04059960879311664 0.06708220923811048
0 0.26753420427257935 0.9295120691768767 0.039553473815969964 0.04462127173811048
0 0.362548828125 0.97900390625 0.04736328125 0.0419921875
0 0.133655519796682 0.9391313074110521 0.03474023379311664 0.06667248182437913
0 0.06418844266728652 0.8374221931588612 0.03821438456342563 0.057668289683533325
0 0.08468690355940367 0.8700038072534886 0.037918737722058005 0.051320633433533214
0 0.041675361995932414 0.9078781887482137 0.0355923880786459 0.07451912577552333
0 0.6956618534147422 0.8520766404981717 0.03496630815733748 0.05062748847666754
0 0.6220424024223752 0.8075066984299607 0.055416592354043503 0.040376928375872145
0 0.667357551564538 0.7459455433432456 0.035557601840072506 0.06332280097666754
0 0.6940283188577916 0.5244193898802119 0.037974919742367 0.04207743363467764
0 0.8496361559136755 0.43796235585553966 0.02591503877155832 0.0339337600572146
0 0.9514675942143794 0.5657824642309652 0.03928056903932298 0.03876189673811048
0 0.9051410963336433 0.616079006616536 0.03838293062435261 0.029938690286966274
0 0.8847069675327567 0.8774632368898685 0.03217307304566086 0.05335231226980186
0 0.8833612192382994 0.9635134346772812 0.025767888492366886 0.041223834856070285
0 0.7909957926202849 0.9448873406121543 0.03252355562435261 0.0295289628732347
0 0.799350063324624 0.8943689762873287 0.036510075992366886 0.0419750017812448
0 0.81689453125 0.986083984375 0.0458984375 0.02783203125
0 0.9746510373995219 0.8545512807538511 0.04953447528932298 0.03947891971214057
0 0.5751953125 0.611572265625 0.0107421875 0.04248046875
0 0.6212824179326895 0.46725656716543373 0.03518033834770562 0.02387445158010043
0 0.9472375701763515 0.47496215173096523 0.044437632598954835 0.06589051709726484
0 0.7990208317816443 0.5424683829250904 0.035397061104043503 0.03897702637895617
0 0.71484375 0.42626953125 0.0439453125 0.0126953125