0 0.4040272507814038 0.19380149262023472 0.04290830342460161 0.057067310646120584
0 0.07996040544406749 0.1787729880766119 0.03382472470373726 0.0759156816232347
0 0.041015625 0.015380859375 0.0390625 0.03076171875
0 0.479248046875 0.26611328125 0.01904296875 0.046875
0 0.5473742335955731 0.12859248962765846 0.04282924994208298 0.06875191669497616
0 0.5540474175783043 0.17952058136621551 0.05161831244208298 0.06936650781557363
0 0.53173828125 0.01611328125 0.0361328125 0.0322265625
0 0.65771484375 0.012939453125 0.0244140625 0.02587890625
0 0.6787109375 0.0341796875 0.02734375 0.068359375
0 0.8540241517000364 0.05134945000446578 0.032989218011795995 0.0519899003732347
0 0.844441442874567 0.0853037419296403 0.04446304951172508 0.03184740540184183
0 0.8881139368629127 0.07441828632665393 0.04033048791877447 0.05299034089039911
0 0.930231684764135 0.08909417547938903 0.017302215686255895 0.06307018123547303
0 0.9686415942467244 0.09570829104013434 0.025961071232802002 0.07390453465492586
0 0.985107421875 0.021240234375 0.02978515625 0.04248046875
0 0.956787109375 0.01123046875 0.02197265625 0.0224609375
0 0.8982485057122577 0.2244674718152111 0.042368868703666296 0.055568322944976156
0 0.8718534182006743 0.23952898287814706 0.04492343075014171 0.045030999151842055
0 0.90185546875 0.27490234375 0.0302734375 0.029296875
0 0.7968782149912517 0.20904018825093518 0.04773996245366641 0.055943906407563526
0 0.7346835800667209 0.18010505714397174 0.029673556203666407 0.054680580215224595
0 0.6669287329152862 0.1040797963961626 0.05075490573855834 0.0585901763644292
0 0.024658203125 0.422607421875 0.04931640625 0.06884765625
0 0.08307917002458431 0.5443695619423808 0.04981864785488854 0.07362446326099636
0 0.01953125 0.5400390625 0.0390625 0.068359375
0 0.033203125 0.616943359375 0.06640625 0.05224609375
0 0.07574872827401735 0.37650324379581374 0.028526482133882425 0.04972947981293607
0 0.2711976582280381 0.520936090550684 0.0650623200989906 0.04984886989875803
0 0.3624132588388246 0.6100050230947115 0.055400557791002614 0.09398543402243931
0 0.22109382865313576 0.7261028078345663 0.03933222770956435 0.08019751508582185
0 0.2819631405837771 0.8432358595018283 0.07465743352920662 0.04564893642164369
0 0.4033777717642766 0.9140404418737653 0.06098555852920651 0.04469290578960372
0 0.2969944615898168 0.9092426480220768 0.05631976451769405 0.07846286587587215
0 0.3374845915255765 0.8212428988702347 0.03044085826769405 0.0766532364652246
0 0.7913086682634971 0.7951519816422274 0.03653739371524978 0.04200914573238901
0 0.8477555282343613 0.7716258893583452 0.02896360991294733 0.04829878001408039
0 0.9414497282111944 0.7915057261409297 0.03758216084316324 0.04403055863467764
0 0.9106337030935886 0.3996343581809799 0.04549696778503365 0.047506549352986316
0 0.4951947680251513 0.8236898599868128 0.03618552172107692 0.0458812517812448
0 0.6633076646353 0.7179553331351662 0.061808660616401 0.04036666244189224