0 0.07420035598636678 0.32390298311610244 0.08785209862105359 0.05127075601946629
0 0.11754768705674967 0.269409094200738 0.08445163591475824 0.04097139028049046
0 0.20149739583333334 0.40576171875 0.08138020833333333 0.0283203125
0 0.4214774173960674 0.053682150217621794 0.055875219236327066 0.04973731477951393
0 0.4499984745857449 0.19010623005225713 0.0655014034066063 0.08160060962419724
0 0.4886067708333333 0.3896484375 0.043619791666666664 0.060546875
0 0.5299479166666666 0.397216796875 0.028645833333333332 0.04541015625
0 0.6278606633289832 0.30909060463626337 0.05036934857399548 0.08767550894034293
0 0.7282715403919365 0.20816535399490066 0.04569248678699781 0.044195747945855235
0 0.7734781105946195 0.23046799979646315 0.04768995170918533 0.03642870743483062
0 0.8039067378222763 0.25837999340865936 0.06108355256966055 0.04982823375746537
0 0.8316541456253735 0.1865007740649527 0.04155230256966025 0.049487287590147755
0 0.7463624812687154 0.2774221456456819 0.04592642100433508 0.03883601906809897
0 0.7215855865962686 0.32783971973387627 0.033626045992570575 0.04788606537322049
0 0.7942708333333334 0.4013671875 0.05078125 0.037109375
0 0.8773619046183527 0.3618513836891498 0.046204087623943714 0.07589993457912336
0 0.9677734375 0.394287109375 0.064453125 0.05126953125
0 0.16528536215169817 0.5337332577400177 0.05934509859752465 0.06930265939624569
0 0.525390625 0.432373046875 0.07942708333333333 0.02490234375
0 0.8789432154751206 0.5345543863370014 0.06827008763570792 0.06702036135766065
0 0.5934218340509695 0.6518059930055775 0.06689858764747274 0.057731652735416805
0 0.39033935141340775 0.5050005437873266 0.059231342020434674 0.06783781564624569
0 0.9283854166666666 0.9716796875 0.07942708333333333 0.056640625
0 0.9703776041666666 0.709228515625 0.059244791666666664 0.08056640625
0 0.3863932291666667 0.99462890625 0.068359375 0.0107421875