0 0.33504573263062043 0.2310230193071548 0.030523872945855013 0.03260494078249487
0 0.3978866787979381 0.21819314607206203 0.03609953439624569 0.04155028614901035
0 0.4507123810323782 0.19481100838725796 0.035111607024001845 0.04103358983237115
0 0.42249516889555105 0.14757183763808268 0.030887140601171925 0.027248054565814472
0 0.3961405710372612 0.08328544573886615 0.03683743457912336 0.03132479496564955
0 0.35593226022306845 0.026413742906701204 0.027094539323611055 0.032017206799257736
0 0.5108403887853079 0.1305979436356085 0.03365812814624558 0.041479248482412356
0 0.6125059891484808 0.08713797674944357 0.03989213567380645 0.03678113391556703
0 0.6718490042036023 0.09863692081443329 0.06617976906809897 0.03413037196482477
0 0.6905522515557507 0.05080854826393846 0.03745072942380645 0.03671009624896909
0 0.7419127017837022 0.048394089262495193 0.027242282662782058 0.038364863049257736
0 0.798828125 0.01220703125 0.025390625 0.0244140625
0 0.8136782724049695 0.07198117919379418 0.040437241285026015 0.03923674769888663
0 0.7834608427532117 0.11067950844461893 0.04567195656809897 0.03353365556540211
0 0.7082638972272568 0.19253275344668075 0.0359517910570748 0.03520262989901024
0 0.6713814114156464 0.20269765719771166 0.03102351906809897 0.03310742956581447
0 0.6317965355489147 0.20301169074882502 0.03927884082912336 0.031395832632247433
0 0.6046346235048174 0.1944035688829281 0.031863703101171925 0.02727646963245367
0 0.6584242985975475 0.23456903136472196 0.04344607463424488 0.021758075432123714
0 0.7470703125 0.263427734375 0.0439453125 0.03271484375
0 0.9107532808945744 0.18376623474099008 0.02637936888522141 0.04321926048261848
0 0.18123632236764298 0.6329405433075672 0.05328029712419702 0.04595379981519587
0 0.18737736963480867 0.7469658101573198 0.053586740418294365 0.03815550734851547
0 0.16124761968246482 0.7989756009580208 0.03965388161317285 0.047509113882247433
0 0.49650730991271674 0.6011005198433609 0.0481937334367839 0.0789864344153608
0 0.5667268496523217 0.7121041610579795 0.05432545711414938 0.06989378859851547
0 0.5393372319068572 0.7342719654754022 0.023290981430295177 0.05727996399938151
0 0.5092439993368051 0.8096198035428661 0.05286020510766065 0.048869279781876385
0 0.4437781759376297 0.9142323442446393 0.03195543859210076 0.07314649206581447
0 0.423095703125 0.9931640625 0.01611328125 0.013671875
0 0.56884765625 0.990478515625 0.0302734375 0.01904296875
0 0.574444348109483 0.9263407444242888 0.019600664002929813 0.06644364748282472
0 0.737451548016753 0.8924834267363919 0.03332936336414938 0.06928286466577305
0 0.740234375 0.9814453125 0.0205078125 0.037109375
0 0.8331205784000212 0.8967329470170312 0.019600664002929813 0.06644364748282472
0 0.8271836905767573 0.7949289189505981 0.01849949616473534 0.08202602488286592
0 0.821223664752517 0.7151117546674848 0.0324209900976129 0.07218413709913407
0 0.8410853125605682 0.6594992971836291 0.020361293930295066 0.05719471879946392
0 0.9639608979639319 0.7124244168968045 0.02933219438619794 0.06526295439921648
0 0.991455078125 0.713134765625 0.01708984375 0.05712890625
0 0.9015278624279293 0.770707068981856 0.024971757752929813 0.06659993034934031
0 0.980864412936653 0.9518474946795055 0.033669901274978375 0.06294941594909287
0 0.967279032402669 0.5908565931801241 0.019998026274978375 0.06255160501614432
0 0.9311579930314016 0.5683066531811549 0.029082167196831765 0.05452076689921648
0 0.8774389567110676 0.39914969549944357 0.043185907342100815 0.07347326533216497
0 0.7841553247295572 0.3553920165687631 0.029275370024978375 0.06282154814921648
0 0.7667456315307724 0.4526078330358559 0.02829839926848965 0.04181124686589688
0 0.6568259341760415 0.43084224300562907 0.030432953967903686 0.028698690782494873
0 0.63199341268546 0.34314676617305173 0.03121672189624569 0.041408210815814445
0 0.6671163845817056 0.3036139497554229 0.023506505746440975 0.04557542153270104