0 0.012451171875 0.02392578125 0.02490234375 0.0478515625
0 0.025408054305792627 0.04667696440342908 0.022237555701749123 0.058560063639756965
0 0.09285108767505645 0.10189942991187098 0.03864648379311664 0.06528276067380645
0 0.14045114118014512 0.0766687296362634 0.04291526054566097 0.05221281564624569
0 0.24827302173723265 0.11917396941319491 0.035898732810881295 0.06912082144034293
0 0.2546608493577459 0.21443427265217058 0.041532033446660455 0.08534775141278217
0 0.28955078125 0.190673828125 0.0205078125 0.06005859375
0 0.2542542571317572 0.4256213915850482 0.048355926772807756 0.07477603699644098
0 0.17267515586019888 0.39153099003704467 0.03926051954057219 0.07846635442380645
0 0.12292665038050787 0.38110579419040835 0.049373934553293974 0.012855237224392413
0 0.11153564089447887 0.3564530693732859 0.047740544742367 0.04061907924092889
0 0.06562650550361104 0.3656273127601132 0.04555199377026331 0.0878800766407335
0 0.168701171875 0.566650390625 0.04150390625 0.06591796875
0 0.200606233066991 0.5199720967880213 0.03669335879311664 0.06523730118483062
0 0.6370225469122892 0.31713931741445345 0.02329169600379366 0.02883173175097653
0 0.600465640507496 0.25483170372962266 0.019203509486029002 0.024834562773025204
0 0.5652973463336433 0.24328261030030401 0.030421934062176303 0.014365132206879405
0 0.5466516905747609 0.2408976201550349 0.016592210892117154 0.03160231103956168
0 0.5496469117029528 0.20048392512747415 0.02451842121572001 0.034225555245464445
0 0.5691888595938206 0.19069597863947507 0.015388227744911331 0.026696768795073766
0 0.5372445534783503 0.16458936668810784 0.033580388492367 0.04028949794585507
0 0.560645920956792 0.13294241267254797 0.01987372725379366 0.028752177645269106
0 0.5939976148919802 0.3254051875347441 0.03513620050124944 0.042276717562586885
0 0.6193347504376412 0.37720886778020857 0.027458806606587838 0.024051203101171925
0 0.5921274528259646 0.37950212243454884 0.021553947477146673 0.02293826213424477
0 0.5748570188411849 0.39617146591152363 0.007439275356587949 0.023585243339171003
0 0.5639890768437292 0.38274920984440125 0.022099757030440648 0.03465701213424477
0 0.5400525977028614 0.39243487248220504 0.026027402812176192 0.01426284835668401
0 0.533399943003611 0.4171553782763022 0.02932096334770551 0.022143537590147533
0 0.5230216285391404 0.42471785108693594 0.023676964821058577 0.016159148995464445
0 0.509579866752316 0.4712291751751304 0.02274588645049974 0.01711298175097653
0 0.5313157507472274 0.4980736873093752 0.030024621071058577 0.016306892334635448
0 0.5696745930238744 0.5048195223444012 0.027094933571058633 0.016238703101171925
0 0.5540054551774182 0.5244526479381079 0.02092921383882318 0.019997209762000923
0 0.5218471188715799 0.5251674101200088 0.02338266426267599 0.03078485675097653
0 0.551032976113947 0.5653546242156686 0.01761425752155832 0.032601603284049485
0 0.6517419755454327 0.5389212887646487 0.03150150899491133 0.027071809579123363
0 0.6577337640848013 0.4790672627150393 0.02509767072460234 0.0361900451177084
0 0.6346226583157873 0.43316841695855063 0.027357140456837792 0.03234061947892797
0 0.590915464353861 0.42678584957884136 0.02329169600379366 0.02883173175097653
0 0.672399558517582 0.39600303411030846 0.021951260468264344 0.020996502006488726
0 0.6564186908069506 0.3356375888097225 0.019941953447955463 0.03021702139526905
0 0.6609456355963192 0.27574946814338136 0.01898813301267599 0.030682572900781246
0 0.6838159302612896 0.2850613147666019 0.012413056115470167 0.025652017061610355
0 0.7031893320912306 0.30307130491187095 0.027754453447955463 0.030398859351171925
0 0.7325316912206717 0.3047297597465064 0.018181462856587838 0.0238352705285374
0 0.7255379055506126 0.32212604679060364 0.01929447774491133 0.026787687773025204
0 0.7232596602295998 0.2103778297740672 0.023155243615470278 0.025902044250976586
0 0.7453339826293499 0.2025998326472877 0.025369229218264344 0.021076056112196206
0 0.7220195445608356 0.17327981964631112 0.024483634977146673 0.023006451367708347
0 0.8169467467943659 0.11695904409509592 0.017875118124352607 0.027730155656293443
0 0.8405782274859834 0.13214163059056033 0.032432587365470056 0.026117976823611166
0 0.7911066656318941 0.19049590176046047 0.01822829326901404 0.045785197034049485
0 0.7781077009656288 0.23604202822089884 0.02515385274491133 0.026924066239952305
0 0.8191928984427754 0.2594348852449006 0.018477109697955463 0.03018292677853729
0 0.8285371221039523 0.24014229756202302 0.02173588399491133 0.026844512134244825
0 0.843853084805747 0.20245413059056033 0.02141749508882329 0.02000857463424477
0 0.8342907921052471 0.1856480003901697 0.022848898883234714 0.029796929378732684
0 0.9481726873958651 0.16976405786749188 0.029514944039322977 0.036780610217903686
0 0.9122124598057471 0.2040452127047097 0.030570430624352607 0.028025642334635448
0 0.8764020750607899 0.2729602416751958 0.02387094551267599 0.030796221623220488
0 0.9207580910087454 0.3037455066826611 0.021644915736029002 0.02489138713424488
0 0.9188410985303037 0.3358925150769536 0.023949869597705398 0.022018523995464445
0 0.8463360087092451 0.3185968788570968 0.02492643209770562 0.02204125373995225
0 0.8242871209401854 0.3688098852449006 0.01840888350379366 0.02871808302853729
0 0.8444551487523617 0.38293635513465757 0.02728891426267599 0.030875775728927968
0 0.8389422898551102 0.4740176514397791 0.014411665244911331 0.026674039050585963
0 0.8184144278563596 0.5149987735665587 0.02933300752155832 0.032874360217903575
0 0.8049084063513166 0.4449358924994362 0.021690399865470056 0.02586794963424488
0 0.7577578090086997 0.3960387617529951 0.024086321986029002 0.024948211495464445
0 0.7402238218551559 0.37563282484670174 0.02200878877155832 0.03270388713424477
0 0.8907228444198309 0.475710609147635 0.03135435871572012 0.034384663456879405
0 0.9116921572561554 0.4127909253875873 0.02492643209770562 0.02204125373995236
0 0.9570394724439335 0.4962764707783209 0.026438106260131544 0.044025274862196206
0 0.9951171875 0.2939453125 0.009765625 0.0400390625
0 0.98974609375 0.28515625 0.0205078125 0.0283203125
0 0.9816434044135841 0.2705322415798834 0.023018791227146673 0.02297235675097653
0 0.99365234375 0.09716796875 0.0126953125 0.0419921875
0 0.23602858405570126 0.817104814541233 0.03858760920683779 0.03260201154053821
0 0.26261511450499736 0.6967611461093319 0.053213304642117154 0.032454676457855935
0 0.23317774826771898 0.63022947425816 0.04266509783373462 0.04684172189624569
0 0.1888859920379823 0.7160184144060115 0.058585744675102136 0.05355305405805122
0 0.4175033555607443 0.8439249639050349 0.08059184088069049 0.04431021318127182
0 0.6689132912004084 0.7019877625720707 0.0643661955900725 0.06246713015273442
0 0.6163568862422301 0.8197759677750438 0.04909302445174912 0.05918513161317285
0 0.7412739233082456 0.7685429806807079 0.03847524516621981 0.05113396929605041
0 0.9316354569870957 0.9495398905276916 0.07123557304566086 0.052871978236393335
0 0.9510690073132886 0.8431745403898878 0.055064763492366886 0.04078955232458781
0 0.9422986480290543 0.7805381619229608 0.052512339484734216 0.08023804972439241
0 0.817138671875 0.63623046875 0.05810546875 0.0732421875