0 0.19783222884744966 0.2924435826472877 0.03439881366652453 0.04131151993483073
0 0.1039348668343289 0.27071891230421036 0.03209377511127609 0.049067195573611166
0 0.2754859935592936 0.2932740348340716 0.036275231838226674 0.03696244817380645
0 0.3118002599961023 0.3117045252523659 0.030782345017871915 0.057822163456879405
0 0.3769302807949666 0.21845539614407603 0.04029228059021239 0.04340102340175783
0 0.26722288453900933 0.23495263351143708 0.034708112317162865 0.03106897855707469
0 0.22629717862283782 0.08892162863172781 0.029757115969786918 0.027049079834635448
0 0.977783203125 0.177490234375 0.04443359375 0.06884765625
0 0.34634754464432826 0.45357680340377643 0.043477657517871804 0.05811765013522141
0 0.02783203125 0.439697265625 0.0556640625 0.08349609375
0 0.1455078125 0.3955078125 0.037109375 0.0517578125
0 0.48861798676284174 0.7543722760714415 0.06174009232907718 0.06976861915824673
0 0.429696529781493 0.631857917040951 0.032357987519857634 0.06420391432361106
0 0.23812476283794753 0.6928553043658207 0.04613213829092133 0.07038150574644098
0 0.38242367441589253 0.8774398395334857 0.07091268897056646 0.09194584310863707
0 0.4642784131539779 0.9174464404427088 0.05885301973368717 0.07214183617478298
0 0.23579193740277177 0.8544877629880645 0.055341298193545496 0.0666911883190755
0 0.4819654677365264 0.40788538314309947 0.04148191761326192 0.05563078439624569
0 0.5149046337282305 0.6196752485613938 0.10024970753772933 0.12288980807102878
0 0.5716648338614237 0.8100379715973964 0.06717084694553122 0.07331160150292959
0 0.9210570472317754 0.6133028212844622 0.04174860135929048 0.04294683676848965