0 0.10295216902187787 0.24862191690146596 0.04218886075758732 0.05687072471420285
0 0.19485340273759794 0.21440497426717564 0.02673375310149917 0.049946724360618866
0 0.2141050165460262 0.32510278115655655 0.04798000956342552 0.0554399698107515
0 0.30924228249398156 0.29477220336177945 0.036217121716969336 0.0753856418932295
0 0.34087081989632173 0.4122320885836386 0.03292356118144024 0.06755609746995517
0 0.4059794259242636 0.46066819184832997 0.047672318548205306 0.03835296679796363
0 0.4023768280905291 0.5065751515599672 0.032115544742366886 0.03972690695716752
0 0.40770251008409975 0.32934610223324146 0.03969261877026331 0.08712143631650382
0 0.3721918110294653 0.19043024938350617 0.04242697929566086 0.0515024717014152
0 0.384620950167743 0.09126370383810811 0.027416015043116637 0.06459516186061909
0 0.357421875 0.0234375 0.0380859375 0.046875
0 0.32958984375 0.004150390625 0.0361328125 0.00830078125
0 0.2877579798669935 0.11672283208173473 0.04450585879311664 0.06469458766305225
0 0.717529296875 0.009521484375 0.03076171875 0.01904296875
0 0.7273997727996828 0.15510704698903466 0.020885075992366997 0.03966157000128279
0 0.7144395608479338 0.2132721712204947 0.02442745295683768 0.031871795898981814
0 0.7726065243771707 0.31642134112009757 0.040598262510131655 0.043681449489778146
0 0.8699416929051127 0.3646699557287719 0.023496374586278845 0.03284267692455711
0 0.6617226875267382 0.6286297218388107 0.05498583940733748 0.04864664336893709
0 0.6386798079518861 0.672697186038943 0.05057926398348467 0.037881729971238065
0 0.6262828348592235 0.6244425644053145 0.033920173180190805 0.026069235643229494
0 0.5775256286193552 0.5812809698254021 0.027323700501249326 0.04165162458504379
0 0.4924469419467974 0.647187901177082 0.04207515043398444 0.05442931846420285
0 0.482177734375 0.9541015625 0.02490234375 0.037109375
0 0.6170575619075658 0.8749166419692527 0.05632492865988181 0.035474412567786606
0 0.5587996301194464 0.7737205970696497 0.05117055766621981 0.050577042471238065
0 0.6467450908567705 0.8034741796597841 0.043527950010131655 0.04369849391305236
0 0.6899773940255346 0.7661233419967317 0.05325878877155832 0.03252768064451228
0 0.8495276136029768 0.8306070640050089 0.04482290141621981 0.05054011288747717
0 0.8861125748314185 0.8626120490024433 0.03403522978677875 0.04950105416880479
0 0.9296418711245351 0.7979231428138157 0.04221160282230785 0.05735900596420285
0 0.990478515625 0.66064453125 0.01904296875 0.0400390625
0 0.744596595458361 0.9454443868963346 0.052805293760131655 0.04375246792008758