0 0.18536714611776678 0.10571362710368365 0.03981262906461214 0.05445033955244427
0 0.2140048635718177 0.10666073384195851 0.028557812676764938 0.04821583909891958
0 0.25807191426105375 0.07591451049879516 0.05038394026866311 0.052872340005968965
0 0.3438518188615748 0.1693033247019654 0.05883125017676494 0.04927301083157998
0 0.31890166549791754 0.25974386519620907 0.045977013784230136 0.06926928862222814
0 0.266345028657611 0.32632218251613476 0.0420101161051214 0.03505549880827141
0 0.26155407333831127 0.3532629070510267 0.0434749598551214 0.03510665227920651
0 0.21947556202829954 0.27781958524886596 0.07388253077879048 0.04882503419791018
0 0.11005740012329365 0.24318418376087464 0.05337471827879042 0.04810888560481763
0 0.12208248833596747 0.3449900465108038 0.06661298350619199 0.07145028096532058
0 0.023193359375 0.283935546875 0.04638671875 0.04541015625
0 0.053955078125 0.468017578125 0.06298828125 0.04345703125
0 0.3914548144434327 0.3151381999866447 0.04894344415651031 0.058663510378055284
0 0.41943359375 0.358642578125 0.041015625 0.05126953125
0 0.6080409704580734 0.08901591856779942 0.04418281267676494 0.0487614761222282
0 0.6782954797650762 0.35429678392794806 0.03184164800309608 0.03567398701172508
0 0.696533203125 0.461669921875 0.03271484375 0.05615234375
0 0.6586163726139185 0.2342602056606084 0.05314275147271408 0.051021521947839266
0 0.6778284463357933 0.07586951793384608 0.04515339897505788 0.03759921200014177
0 0.5024197155982644 0.10000613606815378 0.04827233420714694 0.03430060134899049
0 0.791748046875 0.469482421875 0.03271484375 0.04052734375
0 0.7482538319387451 0.3391972582939947 0.020415512488280996 0.06642950345935184
0 0.6093541950103015 0.17415821649218832 0.040313305549045 0.03791698168035773
0 0.5245778575337393 0.3085518275389472 0.03289125341663768 0.05323506085474672
0 0.5525871841124141 0.3333735620562869 0.017754534666637678 0.05270647498841652
0 0.5460511657923621 0.4080805933062869 0.0396174051308158 0.046654890709422636
0 0.14501953125 0.4970703125 0.044921875 0.0146484375
0 0.03643715999013397 0.5544239538946154 0.04397519350853574 0.05751643630827141
0 0.020751953125 0.4970703125 0.04150390625 0.0146484375
0 0.17327764817937008 0.5204380107255574 0.017828020411197798 0.0312903046163302
0 0.18209194397925443 0.5921750498592273 0.01797454906929974 0.027401105773308565
0 0.19398843213894784 0.6565026144580051 0.03326377267910874 0.0352368592326604
0 0.1937752796000301 0.6978871626091564 0.02699557837537614 0.024795390255897942
0 0.23981382672540624 0.6724267772311011 0.02213711351322334 0.030467202529135706
0 0.33966114473318976 0.6606646111144874 0.03585170758721068 0.03143291617453059
0 0.4024413639839419 0.6107669097770803 0.01742517730917248 0.032249815959351835
0 0.3900280420587686 0.7192676542189507 0.03210393864872674 0.049800040947768354
0 0.2418472993337108 0.7604646603415333 0.03131064767910874 0.03516865460474694
0 0.25059917613041205 0.7105065124287278 0.02266811383721068 0.030972534936114293
0 0.22252920187262853 0.7197621584695177 0.030468218602777708 0.04779576247683304
0 0.11718263289288322 0.7331767310628936 0.017571705967274198 0.0283606171163302
0 0.09661240138970006 0.6121976926095107 0.03322105360512151 0.0347485779826604
0 0.005126953125 0.71240234375 0.01025390625 0.05078125
0 0.300537109375 0.50048828125 0.02294921875 0.021484375
0 0.40530309911007034 0.539108924125929 0.0254880155513888 0.024255955534962848
0 0.07414681618104871 0.7410078379700138 0.025536710827083253 0.03594060322100612
0 0.20581873924884397 0.8050470679521071 0.03163402883486688 0.044428947197768354
0 0.60693359375 0.514892578125 0.05859375 0.05029296875
0 0.578447718926274 0.5292239824234676 0.026928068832523078 0.05740792706402764
0 0.5434632308842603 0.6063848245282143 0.05590156267676494 0.049170703889709566
0 0.47116219150503597 0.715029736278427 0.03659586045011565 0.0733227967326604
0 0.447021484375 0.809814453125 0.01416015625 0.04248046875
0 0.5896509636538498 0.8184724894000881 0.036052464891695446 0.08936787335474672
0 0.6012953422472525 0.7187608074582177 0.023833481238281218 0.06654886155820039
0 0.7667795240922466 0.6745256045913914 0.03771895160821748 0.0694677002035955
0 0.7411890274497989 0.8112335057367865 0.025005267672077336 0.07437841271517875
0 0.7637349602667549 0.7705294481146292 0.023528471518663108 0.05193452637215712
0 0.7637542173649321 0.8537697745099533 0.03783515642676494 0.048539811081508955
0 0.8623544918702848 0.6726484215736266 0.023833481238280996 0.06654886155820039
0 0.8629392780096364 0.5713757912422592 0.023735647855873676 0.0821227080872653
0 0.86181640625 0.5087890625 0.037109375 0.0380859375
0 0.9389765767549489 0.5424338790385219 0.029204574988280996 0.06673642428496285
0 0.993896484375 0.718017578125 0.01220703125 0.06298828125
0 0.9779447860206902 0.8370410751603958 0.02945491323049776 0.05846974534891958
0 0.8825099278680281 0.8150606815560743 0.026964811704803138 0.04669984187798448