0 0.01708984375 0.339111328125 0.0341796875 0.06591796875
0 0.01123046875 0.5625 0.0224609375 0.0556640625
0 0.08901764637826948 0.5853838240507854 0.046853722770974215 0.05302037364534584
0 0.5009055995688262 0.3155383278522923 0.0233937922727237 0.038921566825051546
0 0.5669071589598402 0.18969524299024554 0.04077963394813122 0.04352417459592761
0 0.5696025853118086 0.05134170297121754 0.03217557015151096 0.045607453992334124
0 0.5721555674184489 0.01765029672121754 0.03136886047785292 0.02853750617864481
0 0.495849609375 0.00634765625 0.03173828125 0.0126953125
0 0.633544921875 0.00927734375 0.02490234375 0.0185546875
0 0.6964447110897808 0.04763360328042321 0.03327041649475149 0.04078432930126641
0 0.661332168817057 0.08703267257693248 0.026945190743002057 0.053669484006605206
0 0.5947593141696412 0.3039257040169394 0.03480925972610338 0.04182057961019847
0 0.7414898480157845 0.18550218529099793 0.032094286048946374 0.050958651806023436
0 0.7755955360344327 0.1850860322492457 0.032582567298946374 0.050978547742334124
0 0.796799058986063 0.16864529886050506 0.022328661048946374 0.05056073307980835
0 0.8389919677010929 0.11289419707826676 0.031828003243002057 0.05386844336971264
0 0.8639665810286076 0.20728419028175749 0.02748504097610338 0.04152214056553749
0 0.8184224184237169 0.25587024080448173 0.018399980550695805 0.03725776371194378
0 0.8126676996650086 0.6080420592931195 0.04316218659381721 0.06211865396854899
0 0.886092790958687 0.30714475691680176 0.022039947744751487 0.04032672276611926
0 0.415283203125 0.671142578125 0.04443359375 0.02294921875
0 0.525146484375 0.66845703125 0.03369140625 0.017578125
0 0.49658203125 0.69140625 0.033203125 0.0361328125
0 0.5243371798455863 0.7322618984556122 0.041815050052445374 0.025068966777481272
0 0.5400338727884887 0.8591569972674533 0.030725295643936446 0.032892245556023325
0 0.580931213945248 0.8526228220536614 0.035756107106640234 0.03504432991913076
0 0.5900538507459441 0.8157430811316216 0.030096300052445346 0.024591464306023325
0 0.7301894162267193 0.8742871130473296 0.03150957481934391 0.036818391492334124
0 0.7831827894114509 0.8687203831757689 0.015817859959204816 0.02887739871670092
0 0.7696516287529419 0.8609965840787807 0.027432895358389775 0.021562297124469554
0 0.7570824613520075 0.8405774724817923 0.024725206302445346 0.024372609006605206
0 0.9135768902943138 0.8181372834849747 0.026819045643936334 0.03273307806553738
0 0.9536523759003774 0.8481446182759396 0.026486047977853033 0.02833854681553738
0 0.9757954616113316 0.8321523742645776 0.02542820137528823 0.033649952756605095
0 0.9643065713112124 0.8039008667312784 0.02884617012528823 0.03378922431078035
0 0.8343564673164608 0.8486245914220727 0.020064392246501028 0.027103337143497663
0 0.8431522378030611 0.8867213077006149 0.01761570137528834 0.033331617775633204
0 0.964955114227892 0.9430916976961312 0.026212480550695805 0.037576098692915894
0 0.8714641124126237 0.9434937487177947 0.014131017765149134 0.025888023407768745
0 0.83447265625 0.9892578125 0.0322265625 0.021484375
0 0.6895717738491048 0.960640766089082 0.03776080108974156 0.022956674286995327
0 0.7156732551777729 0.9245295111461661 0.02884617012528834 0.03378922431078035