0 0.196 0.15916666666666668 0.026 0.06766666666666667
0 0.172125 0.1485 0.04225 0.043666666666666666
0 0.10125 0.13016666666666668 0.0295 0.025
0 0.10125 0.16783333333333333 0.033 0.037
0 0.222625 0.24833333333333332 0.03375 0.029333333333333333
0 0.2255 0.3295 0.0345 0.035666666666666666
0 0.178625 0.30516666666666664 0.02025 0.03966666666666667
0 0.22625 0.4206666666666667 0.023 0.07266666666666667
0 0.263 0.44116666666666665 0.034 0.021
0 0.2605 0.4935 0.039 0.043666666666666666
0 0.24875 0.5376666666666666 0.0285 0.04733333333333333
0 0.220125 0.4735 0.02075 0.03833333333333333
0 0.18 0.4505 0.0385 0.045
0 0.1855 0.5078333333333334 0.0285 0.035666666666666666
0 0.20175 0.5441666666666667 0.0325 0.023666666666666666
0 0.182625 0.5766666666666667 0.03075 0.046
0 0.202875 0.648 0.02925 0.054
0 0.213875 0.7213333333333334 0.03575 0.058
0 0.266 0.6995 0.024 0.049
0 0.229875 0.8013333333333333 0.02475 0.07266666666666667
0 0.18425 0.8335 0.0235 0.034333333333333334
0 0.165125 0.86 0.03325 0.02666666666666667
0 0.154 0.9155 0.0215 0.053
0 0.152625 0.7285 0.02275 0.05433333333333333
0 0.130875 0.726 0.01425 0.06466666666666666
0 0.114875 0.5845 0.02275 0.057
0 0.201875 0.9208333333333333 0.03525 0.037
0 0.292 0.8468333333333333 0.0345 0.04766666666666667
0 0.33075 0.8255 0.0155 0.037
0 0.35125 0.8468333333333333 0.0305 0.037
0 0.36875 0.8805 0.024 0.033
0 0.38975 0.9115 0.0345 0.053
0 0.3675 0.4625 0.0305 0.037
0 0.375 0.30783333333333335 0.035 0.023666666666666666
0 0.394125 0.2015 0.02675 0.041
0 0.4095 0.2405 0.0275 0.04766666666666667
0 0.433875 0.16316666666666665 0.03075 0.03833333333333333
0 0.501625 0.12683333333333333 0.02775 0.042333333333333334
0 0.656875 0.22183333333333333 0.02875 0.029
0 0.67775 0.1585 0.0285 0.042333333333333334
0 0.632875 0.22516666666666665 0.02875 0.051666666666666666
0 0.584625 0.2663333333333333 0.02475 0.07266666666666667
0 0.507875 0.3368333333333333 0.02725 0.034333333333333334
0 0.479125 0.3988333333333333 0.02225 0.042333333333333334
0 0.475625 0.45966666666666667 0.02525 0.04466666666666667
0 0.447625 0.5416666666666666 0.02675 0.05533333333333333
0 0.389625 0.5958333333333333 0.03825 0.045
0 0.39125 0.7186666666666667 0.0285 0.07666666666666666
0 0.471375 0.7775 0.03125 0.051666666666666666
0 0.66275 0.9075 0.043 0.05566666666666667
0 0.53125 0.8513333333333334 0.0245 0.051333333333333335
0 0.482125 0.8541666666666666 0.01875 0.03833333333333333
0 0.475 0.8831666666666667 0.0255 0.030333333333333334
0 0.466375 0.8988333333333334 0.02675 0.035666666666666666
0 0.62625 0.5528333333333333 0.0195 0.05433333333333333
0 0.60225 0.671 0.034 0.06333333333333334
0 0.522125 0.5271666666666667 0.02075 0.04766666666666667
0 0.477875 0.6116666666666667 0.03375 0.05533333333333333
0 0.71775 0.3355 0.041 0.053
0 0.373 0.26416666666666666 0.03 0.034333333333333334
