0 0.05109740183549347 0.5123542539022032 0.022405137476833203 0.027367838347705398
0 0.0807213396201728 0.5743793631090408 0.020509368250141713 0.04287912802410254
0 0.113037109375 0.66357421875 0.02978515625 0.0126953125
0 0.11515523872470695 0.6107075025836433 0.024790743703666407 0.0538032520418672
0 0.1354181948192169 0.17050523573084908 0.02134952149431457 0.03901836215354382
0 0.029836289022741547 0.15482802018648312 0.028560584447839266 0.05007893855963197
0 0.01313086383072945 0.19904489118014512 0.02536892729078999 0.028480853236029002
0 0.0126953125 0.23681640625 0.025390625 0.03125
0 0.32747083303425406 0.20292585129547833 0.033471296959422636 0.03714550752155832
0 0.36380979446994294 0.31074773185256593 0.02173549580244427 0.036111416718264344
0 0.4130440564353345 0.23136525925102105 0.028782249488558342 0.056426594809631914
0 0.45015187568519277 0.2751540698639469 0.02641989672107714 0.04461687655074964
0 0.39993020236519616 0.34079644127133 0.023842081215249777 0.04059691622714667
0 0.37397533343476747 0.3977875488500216 0.026368743250141713 0.04315203280074964
0 0.47288716674879505 0.3803860476088583 0.018993371029206507 0.04134605807994096
0 0.529144928940949 0.2959508701634015 0.030053328209422636 0.03698631306851419
0 0.5559647396268504 0.34023865991719515 0.03070591872683326 0.027754453447955463
0 0.5600290965918876 0.363903580564401 0.02511936223848754 0.035294048671308476
0 0.5345113554405236 0.42238227395781314 0.029786712000141602 0.04331122725379366
0 0.5135989617252739 0.4610233726189899 0.029889018942012235 0.04624091475379366
0 0.6138717967954832 0.3346214423042237 0.03570344277345017 0.05918638996572001
0 0.6166123451203854 0.5362481585986353 0.02707248723848754 0.035385016930190805
0 0.189697265625 0.64990234375 0.02197265625 0.0400390625
0 0.25862469113800857 0.46577631939956754 0.03273965295949344 0.058073375077396516
0 0.2940863062134779 0.500685099253611 0.0276692777327312 0.052474860680190805
0 0.280394268556216 0.5846574300797582 0.02641989672107692 0.04461687655074975
0 0.95849609375 0.593505859375 0.0830078125 0.08740234375
0 0.7490233754054192 0.46592205102276196 0.07873419509899049 0.049003402475851665
0 0.3172587043579515 0.8438772455264644 0.04142020621524978 0.041415630557087635
0 0.045654296875 0.9912109375 0.03662109375 0.017578125
0 0.13811995288154358 0.7357623383209673 0.03904080229078999 0.029117631048205306
0 0.15199953256737417 0.8004776702067464 0.028912456442012124 0.04619543062435261
0 0.64599609375 0.8984375 0.0126953125 0.0390625
0 0.7336742640209697 0.7234295525735116 0.039626743930428754 0.05985660773348478
0 0.7754122192182419 0.8447079316572461 0.035891005500212625 0.06455748371572012
0 0.7990605354043561 0.8257572774491134 0.0235134626804287 0.05910611959770562
0 0.8459324446022661 0.7580025865886862 0.05091456845373721 0.07598193315733748
0 0.8464300189567294 0.8137803594122892 0.027027536069925695 0.048057587365470056
0 0.8536317681075971 0.9016602865214214 0.045867446686326696 0.08500911419541124
0 0.98779296875 0.974609375 0.0244140625 0.05078125