0 0.146728515625 0.008056640625 0.03857421875 0.01611328125
0 0.024658203125 0.057861328125 0.04931640625 0.05322265625
0 0.13876363762744312 0.12279840961540722 0.06462214758175261 0.060925310297196944
0 0.11495903124210294 0.053470333371232304 0.040824234131628945 0.06350685425407554
0 0.225830078125 0.009765625 0.06103515625 0.01953125
0 0.25822205347760807 0.1195928481498007 0.05278973731519587 0.056131066520974215
0 0.0688406122994018 0.3156706566346319 0.06721085428208251 0.049428558741252626
0 0.034866523201092486 0.3781712332692444 0.04451737113183507 0.05647863342948334
0 0.024169921875 0.457275390625 0.04833984375 0.04541015625
0 0.2643445031677729 0.3612696364015502 0.05761571968191759 0.054547938927733686
0 0.29770995781430903 0.23596577722031753 0.05308809551490723 0.06638497277097422
0 0.01123046875 0.11376953125 0.0224609375 0.05859375
0 0.07470703125 0.023193359375 0.046875 0.04638671875
0 0.3640944856828864 0.2986569072756853 0.04669405936589688 0.030821725623538798
0 0.6108208817470513 0.18366523131415435 0.04185762676490734 0.06553397873542743
0 0.6670599385150513 0.22666254316439283 0.04174919161548463 0.04506316597610338
0 0.769234830265876 0.24815247288176845 0.04929174848241247 0.03637781807691853
0 0.91015625 0.0107421875 0.0322265625 0.021484375
0 0.7698344823014636 0.32800859943771277 0.03585617643171135 0.06020716934731607
0 0.05432902501546366 0.7389970844114313 0.061871932897773235 0.08361553086246531
0 0.026611328125 0.987060546875 0.03759765625 0.02587890625
0 0.32856426085463886 0.9252787645134388 0.053624224481999994 0.05132225350232611
0 0.19061861337971114 0.6429216554662224 0.049403940930886625 0.09046603760489069
0 0.186279296875 0.49658203125 0.05126953125 0.033203125
0 0.735800627433711 0.929212999729065 0.07339177743129899 0.07766758713868782
0 0.6497053767491132 0.8909140783100591 0.050296726049051554 0.03742838005827043
0 0.7701890244792575 0.7687528905478324 0.04097675969909287 0.035260541235427434
0 0.8177526790138142 0.8085099477302378 0.030854478548020703 0.07249548469988076
0 0.8458995654778143 0.7118593987150887 0.03407876694868062 0.04935398262528834
0 0.5956110113571751 0.590022982357256 0.038421693182536076 0.031169292532047754
0 0.68408203125 0.494873046875 0.041015625 0.02978515625
0 0.8295672999556907 0.5196767307955061 0.050742384699092646 0.036000536048946374
0 0.9157515531392576 0.521428557945864 0.048675599432536076 0.031946287086242586
0 0.98583984375 0.677001953125 0.0283203125 0.05517578125
0 0.9627049298962678 0.7663450242308341 0.03472855618232984 0.038197513356640234
0 0.9106322621822678 0.8648085605391045 0.05479969244847416 0.058232190483678004
0 0.5819368468762061 0.6748583513928028 0.028171544231587742 0.06400970474650103
0 0.5934364370963916 0.7987113594318485 0.042763151598309346 0.06316657196677933