0 0.234125 0.3745 0.05525 0.059666666666666666
0 0.0915 0.4036666666666667 0.058 0.08333333333333333
0 0.305625 0.693 0.06175 0.07266666666666667
0 0.475625 0.4503333333333333 0.03825 0.074
0 0.491875 0.2733333333333333 0.04375 0.066
0 0.541625 0.23583333333333334 0.04425 0.09366666666666666
0 0.6715 0.033666666666666664 0.032 0.043333333333333335
0 0.76075 0.12016666666666667 0.0725 0.034333333333333334
0 0.687875 0.3825 0.04225 0.107
0 0.72725 0.7668333333333334 0.035 0.091
0 0.8005 0.9438333333333333 0.0475 0.08833333333333333
0 0.595 0.7788333333333334 0.0405 0.027666666666666666
0 0.586875 0.8038333333333333 0.02675 0.065
0 0.514625 0.6533333333333333 0.05775 0.07266666666666667
