0 0.0440294911867836 0.24232496616256494 0.049636307962655536 0.057728763356640234
0 0.11922530267164877 0.26573390431232646 0.052173522002276464 0.06467570007866796
0 0.015299479166666666 0.1025390625 0.030598958333333332 0.0546875
0 0.017903645833333332 0.54443359375 0.035807291666666664 0.05078125
0 0.2985026041666667 0.552978515625 0.048828125 0.03369140625
0 0.5371233465762254 0.45875876337115384 0.05920981839854811 0.06361785347610338
0 0.60546875 0.4384765625 0.048177083333333336 0.048828125
0 0.605970634128521 0.28848989809725734 0.03564715646148642 0.06082101906176951
0 0.5122088969023002 0.1531384085984302 0.05479417733327215 0.07259919930069592
0 0.42174332909591356 0.30844040794866867 0.05227444992771021 0.03552682404137175
0 0.39086781693736805 0.2639989529428436 0.04147355413282897 0.045603016209204705
0 0.37391649959240675 0.29394667739797287 0.051030575904392826 0.04371660606934391
0 0.3900431453103837 0.3272462323775752 0.0291707150932079 0.03810108337703788
0 0.3324944073920249 0.3882510968734997 0.06130459399993882 0.07296919670745527
0 0.21432784996769896 0.2858583034323663 0.07388298889504148 0.07611359803029827
0 0.22563514291866524 0.19180502088574602 0.058066872300664464 0.04265875946677933
0 0.16537057115171572 0.13146442181815154 0.05780005976221251 0.031953571707455275
0 0.19330615553863595 0.10312225545451337 0.04499557500461441 0.056493202671908604
0 0.3014322916666667 0.037109375 0.028645833333333332 0.07421875
0 0.33803626748031207 0.05541313719984153 0.03351840556170815 0.07381961410838966
0 0.4736328125 0.005859375 0.051432291666666664 0.01171875
0 0.16048177083333334 0.021240234375 0.044921875 0.04248046875
0 0.07356770833333333 0.024169921875 0.055989583333333336 0.04833984375
0 0.16080729166666666 0.604736328125 0.11197916666666667 0.06982421875
0 0.4128520801264282 0.7765445365763027 0.06764038273655733 0.048547849586242586
0 0.013346354166666666 0.71533203125 0.026692708333333332 0.1064453125
0 0.699938740233173 0.6077253691753683 0.05569554287406205 0.07556588654137181