0 0.01025390625 0.29736328125 0.0205078125 0.0703125
0 0.09548273183204792 0.49989167232228593 0.06139917309219811 0.05341609284381721
0 0.10962251521446165 0.24555599467660005 0.0596932145389355 0.06742825013111342
0 0.525634765625 0.09765625 0.03173828125 0.048828125
0 0.5373551790778711 0.053628288499462565 0.033842348569148584 0.03913707611596426
0 0.602294921875 0.0166015625 0.05810546875 0.033203125
0 0.5765441614228346 0.16995693320809074 0.062435396458651926 0.0569080610751691
0 0.5842579659577987 0.21973190558862754 0.0583160719356024 0.04440503189976153
0 0.7232416109458841 0.17106404225530725 0.03657353617049597 0.05592363731934402
0 0.95166015625 0.510986328125 0.072265625 0.03759765625
0 0.7896547681576542 0.4745445434208142 0.042884629159360976 0.08224654045745527
0 0.731201171875 0.521728515625 0.05224609375 0.01611328125
0 0.6217371560431861 0.4902021417133392 0.0471793559757443 0.048925131614214745
0 0.7815623721560951 0.34705885280892546 0.06032638646460908 0.07576603112178937
0 0.15218488686793916 0.8839038865355664 0.03164205712241114 0.0248289209032605
0 0.19353563286162903 0.6759100666433794 0.025226217025035302 0.020441674274473187
0 0.055718273890988684 0.9034368664394035 0.023982970779006796 0.03302598755244546
0 0.05120467430836648 0.7008741471707554 0.023965924817162837 0.032049425052445346
0 0.14645113864460732 0.7234813537296221 0.02104476029808483 0.032315707858389664
0 0.18178389990652186 0.75894030964163 0.012513858563191316 0.018503118516898676
0 0.22226615741446487 0.7812969559062024 0.02244142020070905 0.028520457080417505
0 0.29540001749992617 0.7415303075641347 0.04050782645070905 0.029889447485427434
0 0.2622895363214872 0.6653220094580712 0.023503212509928817 0.0334772690617694
0 0.23508462535368602 0.647337463945248 0.01889560673687929 0.020937240145685876
0 0.26667196428453743 0.6082743873106358 0.013797248376382631 0.036155242998250514
0 0.2003944145666624 0.9007857244493237 0.029833822798084775 0.0329817031905566
0 0.13463591111673295 0.9429270641812523 0.03822835683822656 0.0389817925320477
0 0.061811349681910016 0.972402806532644 0.0279403586645387 0.03625167297785281
0 0.473612788400138 0.8395015261801186 0.03125358030602765 0.058446327671908604
0 0.43528462712829463 0.7724892877214904 0.024085246550070494 0.038885362552445346
0 0.3719774152781535 0.7029695047873354 0.017266355011914536 0.03934392868298214
0 0.3672469074661684 0.6280331904720671 0.01659909116255287 0.02905302269230614
0 0.017333984375 0.86181640625 0.03466796875 0.0361328125
0 0.4250037895666624 0.8837658437383891 0.026046894530992626 0.039521642765149134
0 0.4939163027582959 0.6301690076369972 0.019733330204680488 0.04099377113636182
0 0.4390072052543244 0.6216176660927031 0.0196395774145387 0.03562267738636182
0 0.457275390625 0.979248046875 0.02197265625 0.04150390625
0 0.163818359375 0.993408203125 0.03076171875 0.01318359375
0 0.20741700207865071 0.6308547619231011 0.023477643567162865 0.0320124253117694
0 0.3730133852443218 0.9023732534907152 0.028712369622411194 0.024606922459204816
0 0.31347988940574234 0.6849115364277729 0.021010668374396912 0.030362582858389664
0 0.0078125 0.76318359375 0.015625 0.0263671875
0 0.2572777701390767 0.5742724138928028 0.026622876927659522 0.016646423496501028
0 0.3590981775038977 0.7494156537762618 0.016564999238865008 0.027099897692306252
0 0.6082227818063807 0.7386387730740354 0.048019550780992626 0.04118663109556664
0 0.5517344614943955 0.6676244312704172 0.028976582030992515 0.039743641209204816
0 0.7506232865758854 0.6056165373339557 0.038980850496807995 0.0541555110227237
0 0.7870238917904946 0.6742416185052876 0.026149170302056324 0.045381017765149134
0 0.9183715480404947 0.6642886882634584 0.02782103693163096 0.029415735477852922
0 0.9524121431080104 0.8778150168415498 0.04414739270468049 0.04284375817015906
0 0.9200357472574425 0.9276942804575141 0.04231358943758812 0.049531696707455275
0 0.828640814729642 0.845635045241888 0.04236472732312002 0.052461384207455275
0 0.7660371765897119 0.9564760422611127 0.0326697575079431 0.02783260788461228
0 0.7848964734657417 0.8044574286713712 0.044354415584255014 0.02676747666083501
0 0.849957454848935 0.6103126212267389 0.04053339539347478 0.03135429123542749
0 0.9619663093541126 0.5568438061305956 0.03490414087836835 0.04409388809731615