0 0.26114728869698 0.40762735097706804 0.07052256371442511 0.09263441211009615
0 0.38900471115386337 0.48046632576019865 0.09172064348094033 0.056507408620570576
0 0.34562398379593484 0.34986458059939196 0.0577897724098817 0.0387546556905225
0 0.2941431872945486 0.09875779562915366 0.05474772086926383 0.05705901931639912
0 0.13756275421460767 0.10635425614848698 0.06286656560149922 0.05368470754891119
0 0.091064453125 0.022216796875 0.09423828125 0.04443359375
0 0.17333984375 0.034912109375 0.0654296875 0.06982421875
0 0.390625 0.01953125 0.044921875 0.0390625
0 0.40290280526410793 0.14000913257313696 0.03888460233119018 0.06139752708564061
0 0.43406573110815677 0.43829801337555496 0.08546530177280764 0.07898727010658946
0 0.19687213373880164 0.284012186727114 0.11032216139336648 0.07960652230412546
0 0.13216877365386337 0.4640075310365914 0.0607448945405723 0.08129770540905312
0 0.34016199416006443 0.17271891578996035 0.04341693225249865 0.08554234172549835
0 0.671142578125 0.009033203125 0.04443359375 0.01806640625
0 0.6788740260559752 0.18476874614133554 0.03858895548982266 0.05504987083564061
0 0.6370463457679473 0.27317969135289877 0.03335566041113114 0.07856887579019012
0 0.681826383247684 0.36322280227944 0.05010437319032235 0.07233982398947958
0 0.7568450719888473 0.46646768246470227 0.04494865591367547 0.06616754414682546
0 0.7423879949875066 0.3142119949070241 0.05872085078044065 0.037840674159053345
0 0.7682361538478881 0.26395612565176396 0.029766453034234308 0.06422097663459769
0 0.8200527685611552 0.41321879626361346 0.04727769812305738 0.08481610309962173
0 0.836669921875 0.57470703125 0.04541015625 0.0498046875
0 0.6415825697921869 0.5438061083021881 0.05100201160529283 0.08116017697374511
0 0.54248046875 0.4716796875 0.025390625 0.076171875
0 0.552490234375 0.582275390625 0.04150390625 0.03466796875
0 0.9530700918896642 0.05982608776878176 0.05264744559007273 0.06422678564507212
0 0.9446461763351666 0.20914627881598552 0.0668209922969103 0.09677861948597288
0 0.9454179878796695 0.3923579855170283 0.05036523379311664 0.06748830197374511
0 0.9631258338530682 0.4958481290432373 0.05104614945174912 0.06120322669227596
0 0.8899384820903922 0.5215218653562217 0.06013085879311664 0.06811411165905334
0 0.9717971471805104 0.5620287881656072 0.05212437810149928 0.052996316895072226
0 0.544189453125 0.171875 0.02880859375 0.0556640625
0 0.6850357793122676 0.07350320210986633 0.050375931683984465 0.057265686208010425
0 0.021066867764107933 0.6676425513738935 0.03046876447460234 0.037490669821659384
0 0.07396043721715201 0.667603954924558 0.01499091475379366 0.029196446059431613
0 0.06018689606740191 0.6583957496308611 0.026834072968264344 0.022166208166066848
0 0.047004648600386834 0.6364922318371642 0.024040837856587838 0.024908152760474422
0 0.20302857423616594 0.6303293245835654 0.02589229670683757 0.03330280546327069
0 0.24403080877932826 0.6647898779646564 0.025687618124352607 0.02890827421327069
0 0.26573190653566625 0.6509986500380691 0.024472937086278845 0.03418549651047442
0 0.25340181335418044 0.6213139227286375 0.027890905836279067 0.03440452990033238
0 0.1246065811118135 0.6527291780696302 0.01929447774491133 0.027524935417820195
0 0.1345287079988876 0.6920543684420001 0.016660437086278845 0.03368484876222788
0 0.3123433533669022 0.691205782980345 0.03712276545683757 0.03402248660137519
0 0.42478718582119557 0.6533555574243283 0.026278911807087635 0.04160358671327069
0 0.42214910631360825 0.7099961824243283 0.03460108883882329 0.0216902934143135
0 0.4067046965483879 0.7261473116463659 0.028855424162426146 0.02375621385312854
0 0.40029816571210897 0.7585492505537117 0.025857510468264344 0.022103627197536002
0 0.4377714137476383 0.7531148273578832 0.02013458785658795 0.02465782888635104
0 0.46898797379204993 0.7453205028666041 0.02777719551267599 0.03196312365033238
0 0.44393444091390377 0.7995452030903951 0.034340228236029 0.026541815430048077
0 0.41855182123880164 0.8503206440799207 0.03020790387180816 0.04234219183739407
0 0.3913472161930951 0.803521340023996 0.021293086874352607 0.028626659854881886
0 0.38360428867024177 0.7804971738072185 0.03193226194161758 0.016651028492986386
0 0.30693208824638885 0.7863580457618141 0.032614523883234714 0.031299465992986386
0 0.33171802910681614 0.8325126161464118 0.02818655267764636 0.04075218615033238
0 0.25812805159409447 0.761682041366742 0.025143154854043503 0.038123036994739845
0 0.16453724604713854 0.7522562996377827 0.013389618615470167 0.026172887106635345
0 0.12919636696340397 0.7960269842077347 0.03131957247714667 0.02440094752445554
0 0.06816921603830184 0.8445182198458852 0.025404015456837792 0.03327151497900527
0 0.0107421875 0.716552734375 0.021484375 0.03466796875
0 0.03358413784927444 0.9666955187742258 0.023064275356587838 0.024845571791943577
0 0.08146113497996493 0.9271563555451746 0.03296635274491133 0.02840106897725181
0 0.12170352977946519 0.9463863187234693 0.018454367633234825 0.03039204194928935
0 0.22413292080481717 0.8922227025136135 0.023450890456837792 0.03314635304194358
0 0.19991949803834763 0.9494396712059353 0.025290305133234714 0.030830108729005268
0 0.349365234375 0.988037109375 0.02880859375 0.02392578125
0 0.4193383695231272 0.9806415233596365 0.026119717354043503 0.03818561796327069
0 0.678466796875 0.61962890625 0.04052734375 0.0400390625
0 0.8362932953376195 0.6294116006656072 0.05391830864845515 0.049703510082133806
0 0.7402102142792826 0.7050406678894442 0.054374496225851665 0.0804026478636029
0 0.6729852499493417 0.718363287029348 0.03838427690733748 0.05065533958564061
0 0.605587700709519 0.7669360276220482 0.042551387510131655 0.046054141444029195
0 0.5832270830762842 0.7948874117986354 0.03420512213069049 0.04454564071151723
0 0.53515625 0.743896484375 0.0107421875 0.05322265625
0 0.697883482477375 0.9618897203649887 0.05512229179566086 0.05464890355066454
0 0.6146148093745807 0.951656235055603 0.056529607242367 0.04305531548772623
0 0.6613600884011821 0.8522964354524285 0.03519372880454319 0.055319118695782654
0 0.8781850905978426 0.7814664303421486 0.04649107746572012 0.036570130802418
0 0.8606163172057253 0.81168384436139 0.047002100780440426 0.03708970253668342
0 0.8441257724633584 0.8502959110834276 0.04023438947460223 0.038116479506967615
0 0.8081401102425496 0.8553359244820524 0.040505947968264344 0.02304234172549835
0 0.974365234375 0.829345703125 0.05126953125 0.03759765625
0 0.8854477421955937 0.8568618522459877 0.03615824713069049 0.04467080264857892