0 0.095458984375 0.014404296875 0.04736328125 0.02880859375
0 0.32373046875 0.01025390625 0.0546875 0.0205078125
0 0.375732421875 0.017822265625 0.02294921875 0.03564453125
0 0.3574341307537252 0.21075365007534352 0.03981816167548269 0.0669885851282439
0 0.923863107420657 0.04593446121756206 0.037524478760539326 0.07955594894835372
0 0.970947265625 0.163818359375 0.05810546875 0.04443359375
0 0.981689453125 0.230224609375 0.03662109375 0.07763671875
0 0.19687222163929108 0.480058017795904 0.041498566672300896 0.04365344407215599
0 0.2811005662197741 0.4966270872217018 0.04445098083923282 0.04576010748802428
0 0.246460663714405 0.5379691499901651 0.042963410422300896 0.043730213280090136
0 0.08125785914625094 0.4348788437086793 0.028383152923096233 0.04882189620074873
0 0.34283785452142324 0.7266476795725996 0.04220275125815309 0.06223372130813409
0 0.46934281202758776 0.6746353714402633 0.04455325084042583 0.05454916998802428
0 0.4064685062012807 0.6262042246174094 0.04541618000576664 0.04483472445998038
0 0.546630859375 0.33251953125 0.02587890625 0.025390625
0 0.479248046875 0.335205078125 0.04248046875 0.03076171875
0 0.5166840507887236 0.5901730965223488 0.043633505007755424 0.059380803016068184
0 0.6180303053638376 0.623889312670357 0.040715180841221166 0.06020382710019989
0 0.565185546875 0.527587890625 0.01123046875 0.03759765625
0 0.9202600382917064 0.5255809143219017 0.042140252924090627 0.05686262755813398
0 0.8273616041235815 0.5411851516577307 0.02792328000676103 0.05123771271477073
0 0.721483774118809 0.5818687846289889 0.031210570421903228 0.04018637211661702
0 0.6659443661979001 0.6160104247945083 0.026810357505170135 0.039467783242814525
0 0.6497114278574743 0.6690753900958059 0.015494663754175964 0.03155500056531957
0 0.6640072599309975 0.7405477332804864 0.01593749167031233 0.02767434030129745
0 0.6808297232555149 0.8045679090352766 0.030671154171306614 0.035766251130638915
0 0.683764750333214 0.8458926871334302 0.025180745419914663 0.025230857784880545
0 0.7279884645031287 0.8196638296454061 0.01987783167071 0.030808745689121952
0 0.8272061465875888 0.8061683319918624 0.03355538833744287 0.0320135395465071
0 0.8863566999274182 0.7552460011744967 0.015017745837641705 0.03250597332934135
0 0.8821656824127029 0.863797977090365 0.028400197923295067 0.05028673995074873
0 0.7367257078244644 0.9075309411758451 0.028718029171306614 0.03566389218672672
0 0.7416997690812255 0.8574959460520427 0.020371794587442982 0.031322616675099946
0 0.7142594307467653 0.8672297525168133 0.026912627506363362 0.048256845742814525
0 0.6096536099121063 0.8824715810161154 0.015460573753778295 0.028625313065319347
0 0.5798240265953442 0.7620390116187106 0.030665472504573632 0.035277969880638915
0 0.78760128538253 0.4773911309939086 0.02434622458823843 0.037386709562924336
0 0.7832057278654285 0.6035212319097769 0.030182872921306503 0.03574066139466092
0 0.7759038936933265 0.6439185507134696 0.02082030417031233 0.02793023766107794
0 0.9302746303608549 0.6294845378944066 0.02194459000536897 0.04067672963303415
0 0.8837739361871619 0.6836477855763431 0.023710220003181792 0.024665807326946343
0 0.56884765625 0.890869140625 0.0185546875 0.03662109375
0 0.7039934769852318 0.9526768950003962 0.028337699589232712 0.04491564620074873