0 0.32177708435200525 0.03202865420410328 0.059536601918421805 0.059739335081752554
0 0.48259752190494565 0.09246644789948477 0.05898662658250875 0.06703513876511336
0 0.449352421648443 0.1678000784336291 0.05641747200325131 0.03966297369847416
0 0.3679429283049434 0.24711246445245383 0.052715111810526794 0.03468070846523719
0 0.2229759151860573 0.28397948972313425 0.05896736339303543 0.10018143363183496
0 0.571044921875 0.363525390625 0.01708984375 0.07763671875
0 0.5165336225408543 0.41675476774800035 0.03262907067724519 0.04969478453249465
0 0.31262104681608754 0.34038985855385584 0.09749433544922714 0.08375411883072159
0 0.12603201071268078 0.4200655936589692 0.06607851638096074 0.07162857548158774
0 0.9348530776249178 0.2770382282175673 0.04082091114752373 0.039696613882247433
0 0.98486328125 0.166015625 0.0302734375 0.0419921875
0 0.80693829315696 0.3486390347877115 0.04742933549334416 0.0359892693487216
0 0.565673828125 0.561279296875 0.02783203125 0.06982421875
0 0.4127632159202717 0.5743551295685569 0.04698348513978423 0.061811345465443424
0 0.26133524561423316 0.6633687958560002 0.035179417706966865 0.06000552091577327
0 0.2330481880558739 0.6703714664567837 0.03768733384024836 0.04447997364901024
0 0.3151560351738294 0.7554199386376703 0.05775892758142498 0.05432561873179376
0 0.24980248915184755 0.7857995218061239 0.04490697196795779 0.07637453776552583
0 0.6762559951377698 0.559305123836557 0.03642637989752373 0.03956874608237115
0 0.9761714459772408 0.7592732913111344 0.03294671706161045 0.04677930456581447
0 0.987548828125 0.67236328125 0.02490234375 0.0263671875