0 0.005859375 0.10302734375 0.01171875 0.064453125
0 0.03288789238697848 0.19885196934907345 0.030566033432875228 0.05046909445716752
0 0.06657077642534132 0.19719111473141915 0.025285843273671338 0.06606284634783144
0 0.05517587046755268 0.25292335492451634 0.03883556657353904 0.045146293239778146
0 0.10654166123224418 0.18523942428000395 0.03213598445973326 0.06854402291880479
0 0.06909391295344142 0.04336263582093247 0.03417433157610472 0.0832038233676542
0 0.04391196397206304 0.4151037483548259 0.03064841481203423 0.06462925070716752
0 0.09228515625 0.430908203125 0.0361328125 0.03759765625
0 0.19100928710887832 0.3517458457166869 0.034035135452698095 0.059278042117654195
0 0.25110415934158037 0.18976965981513938 0.04686112186446756 0.0818128387851762
0 0.235595703125 0.02197265625 0.03564453125 0.0439453125
0 0.403564453125 0.014404296875 0.04150390625 0.02880859375
0 0.36311308462096337 0.05434782451907938 0.03596553455499896 0.0553831550665036
0 0.3065813842866222 0.32519368474735266 0.053041174618937204 0.05304117461893698
0 0.48399727116830604 0.1854849406648338 0.03106851836893698 0.05291334144438009
0 0.5235736190532175 0.18964937220063094 0.03456318702367134 0.06611682035486677
0 0.5551954300775099 0.16944519303182637 0.01730289904092852 0.036720519552433384
0 0.582763671875 0.28857421875 0.01416015625 0.0703125
0 0.6357421875 0.02099609375 0.0458984375 0.0419921875
0 0.7362347062225209 0.02645962962589074 0.05007171679796385 0.04618819269566282
0 0.8678920028286704 0.07891812756576039 0.03646801949106093 0.05782740205371617
0 0.8447755061336694 0.13423026420195466 0.052987200611901875 0.04376383086893709
0 0.6923582225166769 0.20640847744942975 0.043954160262166586 0.08570204436190187
0 0.628200208636235 0.1735774890242516 0.054179659140042746 0.08087888734336185
0 0.6201756299968949 0.38896349428128685 0.02868108612597231 0.062176481508318115
0 0.65087890625 0.431884765625 0.037109375 0.03564453125
0 0.8017578125 0.43310546875 0.0244140625 0.033203125
0 0.837646484375 0.443359375 0.03369140625 0.0126953125
0 0.9759984954968541 0.19596894662903666 0.0378732077596009 0.04758201801535328
0 0.9188983221695074 0.28517134112009757 0.030656937023671338 0.06609409445716763
0 0.08358764844185507 0.46941277920452035 0.05675993596292006 0.02083733801663612
0 0.01318359375 0.54638671875 0.0263671875 0.0341796875
0 0.00927734375 0.90380859375 0.0185546875 0.0625
0 0.16689187426353103 0.7716727510900527 0.05536042916880479 0.03205928455499896
0 0.263427734375 0.469482421875 0.05322265625 0.03955078125
0 0.42636993370402165 0.5528706411686416 0.05708946147955607 0.07747796301663612
0 0.5571078081049482 0.6990876613201483 0.04037142875384858 0.0573618467014152
0 0.38614151846238054 0.772350385081694 0.05303265240729993 0.05157633086893709
0 0.3261908727264511 0.7912544832588168 0.049137765356149554 0.053506729971237954
0 0.14013671875 0.9736328125 0.0322265625 0.052734375
0 0.7112992502775607 0.4641101886981469 0.015273074136194276 0.02352556285358376