0 0.06543245243898177 0.10974990100348855 0.055680145522807645 0.07738387152243925
0 0.13644733625236172 0.2655899461033908 0.03253694608119018 0.06116481226980186
0 0.2483505995392773 0.03493640929175246 0.03449007108119018 0.061301388074379015
0 0.28815827491612844 0.1477121923229972 0.04335940394920468 0.07408886649383195
0 0.3453754568590408 0.11180454791145658 0.0319229103337344 0.047981218519801805
0 0.4708650843920259 0.1415073492032511 0.0451065040837344 0.04890310520069774
0 0.3973687677041564 0.24587345431902008 0.03302522733119018 0.061198956220946066
0 0.35170979502521504 0.2582547789603123 0.049399369183984465 0.05747703805985205
0 0.35205078125 0.429443359375 0.041015625 0.02099609375
0 0.44614474953280236 0.32131446677543923 0.04486838554566086 0.05424005499955342
0 0.49658203125 0.427734375 0.0361328125 0.0244140625
0 0.607666015625 0.340087890625 0.03564453125 0.04833984375
0 0.8368820412004084 0.21050564831374516 0.0643661955900725 0.06533729409418082
0 0.7843256362422301 0.3255831431275744 0.04909302445174912 0.06134914410870773
0 0.9092426733082456 0.2802954956262347 0.03847524516621981 0.05281962113467764
0 0.97802734375 0.14697265625 0.0439453125 0.0849609375
0 0.198004286080962 0.801637284982347 0.04700344706342552 0.05828288080413069
0 0.30089921629159333 0.8686953887169269 0.05132975211926394 0.0571253326144292
0 0.354736328125 0.9833984375 0.03955078125 0.033203125
0 0.22956991004806832 0.5911606145796119 0.038645137510131655 0.04601782758582185
0 0.8027559879007712 0.9121548561706666 0.07181482255454319 0.058071097312489384
0 0.6665523000644467 0.9659003925945433 0.09485500956342552 0.06162898801627126