0 0.1649441887287011 0.032346769921651336 0.05128749608237104 0.03476489917349401
0 0.133508022977464 0.07667275409275909 0.04070159144888663 0.04001099625536908
0 0.09982184184459797 0.060457544930599794 0.025678532965443424 0.043741114586647534
0 0.30828658489179395 0.15767493823602718 0.0467456643820412 0.04642683250616453
0 0.20973085683841264 0.27897959408321404 0.047826904732412245 0.03326028375636336
0 0.1145511210902681 0.2141468236792078 0.039838689215443424 0.04390588292190323
0 0.08943419652239193 0.2574223836827872 0.04978002973241247 0.03328301042329518
0 0.0600274185548868 0.2875598032702302 0.074549280565402 0.04577412500994271
0 0.22381328248659815 0.3432906774148903 0.08846790874896904 0.037638112095198295
0 0.3636867510387425 0.26546543739560136 0.04652356896606191 0.0220184516728974
0 0.39208984375 0.178955078125 0.03515625 0.05517578125
0 0.393798828125 0.444580078125 0.03173828125 0.05517578125
0 0.18990582760063934 0.4369785211698616 0.07259615556540222 0.04575139834301112
0 0.171142578125 0.520263671875 0.05908203125 0.03857421875
0 0.0908203125 0.50927734375 0.048828125 0.060546875
0 0.404541015625 0.519287109375 0.01025390625 0.04052734375
0 0.3674435866151343 0.5120872403127321 0.032832261315608235 0.037966964587641705
0 0.6435555091628866 0.10269541245625202 0.051580629164948544 0.06161468625676103
0 0.594831415858062 0.2747071145468767 0.0389189568487216 0.045847644588437264
0 0.9569992531420002 0.24900126116429372 0.05298864278167015 0.059678606256959865
0 0.8386542500078971 0.2777313378471339 0.03810765963142271 0.06829153708823843
0 0.6598484387365982 0.4444184257887237 0.06965601783113406 0.07890907000914726
0 0.7797830422767218 0.20173025493815624 0.05601778301490723 0.06313066500735759
0 0.193359375 0.995849609375 0.0322265625 0.00830078125
0 0.37454864558531975 0.915465395747163 0.03518842236569064 0.035065685421306725
0 0.07496734581169079 0.5741080616198033 0.033476825432123714 0.0433437400043748
0 0.1425632713114846 0.580648210360656 0.038549560982412356 0.033152332088437264
0 0.7326495465484951 0.9496247512034681 0.04324767554925768 0.026861492505766638
0 0.7373046875 0.991943359375 0.0400390625 0.01611328125
0 0.8306018652672373 0.874729540773213 0.03419765233237115 0.03456604083784054
0 0.848036447115959 0.9199522020210256 0.03261914831581447 0.030642745837641705
0 0.5722269352067837 0.656958155807416 0.037530375882453615 0.0316761250049713
0 0.5361045729410516 0.6241641108121885 0.039829706799257736 0.0268217208386361
0 0.4873033951896084 0.6760188537356825 0.03457227331581447 0.030665472504573632
0 0.5139950664749898 0.6029297291484383 0.04149868113286598 0.017078822505567914
0 0.5606053484590516 0.5764997012253421 0.031040644299257736 0.026719450837442982
0 0.7995574636689281 0.8150118470271901 0.03366674848241247 0.03309551542110767
0 0.49755859375 0.98486328125 0.0302734375 0.0302734375
0 0.6476614862922475 0.5803711770468767 0.04219485026552583 0.041004603755567914