0 0.31125 0.2365 0.0845 0.095
0 0.34725 0.4603333333333333 0.0475 0.08866666666666667
0 0.411875 0.6168333333333333 0.05275 0.11366666666666667
0 0.478875 0.5726666666666667 0.04475 0.086
0 0.581125 0.3626666666666667 0.06825 0.08066666666666666
0 0.689125 0.25816666666666666 0.03975 0.10166666666666667
0 0.77775 0.4003333333333333 0.0775 0.058
0 0.873375 0.426 0.05525 0.07533333333333334
0 0.965125 0.788 0.05275 0.09933333333333333
0 0.8685 0.7695 0.0495 0.075
0 0.69725 0.8361666666666666 0.0415 0.087
0 0.598375 0.7086666666666667 0.04825 0.08866666666666667
0 0.517875 0.6995 0.04875 0.107
