0 0.11795019690818331 0.07902376757891982 0.05901538237222814 0.042722626137028485
0 0.1031173081817045 0.15845576315886073 0.04147756198855834 0.057017888492367
0 0.005126953125 0.074951171875 0.01025390625 0.04736328125
0 0.09090720682780817 0.3830210003124046 0.06158234902345039 0.060391719395910926
0 0.35066042722306134 0.34255642525161456 0.05645461802337959 0.03919094706342552
0 0.3343316418383284 0.04302464252826155 0.050430933755968965 0.048172643972058005
0 0.27127515596041496 0.04400524387721638 0.04608755597690406 0.04943280913957282
0 0.048220527047538486 0.02896225832508048 0.03465247334316335 0.04305036665099937
0 0.0390625 0.38916015625 0.06640625 0.0615234375
0 0.9775390625 0.011474609375 0.044921875 0.02294921875
0 0.30085723337862236 0.4999222774519317 0.05946335900589794 0.02763139151646965
0 0.17549140102956096 0.43924702776151797 0.059736177517552336 0.03544389151646965
0 0.2564298419309957 0.5161747036562251 0.03225137170949355 0.05805063301267599
0 0.204216336141198 0.7856417663110182 0.04538381198855834 0.057199825010131544
0 0.384795142856306 0.7747857961144035 0.06242250226762314 0.05653095352535198
0 0.15266780477536393 0.920093041253885 0.05438833722690406 0.04981942423982266
0 0.09521484375 0.973388671875 0.044921875 0.05322265625
0 0.53271484375 0.99072265625 0.064453125 0.0185546875
0 0.12743371029206574 0.7016734743338259 0.04687655575014171 0.044107199519013984
0 0.9382611825544287 0.9221864403721278 0.07916202977359221 0.10313439503168986
0 0.7206629031764443 0.9093346983580655 0.0976361080409317 0.07377064012051315
0 0.743636869041357 0.5028211451893013 0.08593440919791018 0.07371311181721923
0 0.9775390625 0.638671875 0.044921875 0.0625
0 0.82080078125 0.4287109375 0.0869140625 0.017578125
0 0.97216796875 0.50146484375 0.0556640625 0.08984375
0 0.630859375 0.439208984375 0.08203125 0.03857421875