0 0.0146484375 0.2734375 0.029296875 0.07552083333333333
0 0.005615234375 0.19889322916666666 0.01123046875 0.042317708333333336
0 0.10849707836866318 0.19211908600549732 0.02829224625536897 0.05316618167170439
0 0.11441929379175941 0.2551867965600807 0.024255317920511166 0.03813161889321955
0 0.17027619087164592 0.2204614409943614 0.04191866792150556 0.04816996389640119
0 0.2752499516878115 0.05019017819731686 0.038001054588039596 0.04680727611791635
0 0.010986328125 0.080078125 0.02197265625 0.05859375
0 0.440185546875 0.505859375 0.05126953125 0.02734375
0 0.34432658505229874 0.35514948596307505 0.022989332506164528 0.06089535055962111
0 0.33172149504195825 0.2537687992985294 0.05335367667389157 0.0717817016762116
0 0.2652474071301967 0.302983733755082 0.025112907508153093 0.08045690278219671
0 0.3202573937778397 0.11525601096705211 0.045779464587641705 0.04302223500821937
0 0.3178965571292025 0.7612814699037544 0.04826632417150556 0.048268446119772435
0 0.23644449504692966 0.7729632543629582 0.048448137506959865 0.06910177945310576
0 0.1271998312927537 0.7336369782715559 0.0493337933392326 0.0587002638977269
0 0.01708984375 0.6920572916666666 0.0341796875 0.07291666666666667
0 0.4765625 0.5611979166666666 0.0068359375 0.07161458333333333
0 0.41731241337124825 0.6816034809967477 0.05898578500457363 0.04583094167727234
0 0.109130859375 0.529296875 0.03369140625 0.01953125
0 0.9532484200697979 0.8938876054265211 0.06995523917389179 0.07203927056810559
0 0.814453125 0.9713541666666666 0.0927734375 0.057291666666666664
0 0.6279296875 0.9645182291666666 0.087890625 0.07096354166666667