0 0.18007112500870823 0.07164181719291274 0.037169381873538854 0.04766412928248531
0 0.16032573782047765 0.09571698432594677 0.026212480550695916 0.03784940107694634
0 0.13467726790497075 0.1583387042065858 0.03882650894813122 0.04386023822639751
0 0.07700966469109413 0.23832552613373192 0.031258437890437474 0.05951290422879252
0 0.056621865938171784 0.33155542634850255 0.026996759726103436 0.041781240812924336
0 0.05126209325167108 0.5519452457175147 0.034239694373538854 0.04751059086661691
0 0.14453125 0.572021484375 0.02734375 0.01513671875
0 0.18867309389562711 0.3663036423002981 0.03429183999125257 0.0674533529086827
0 0.19193404915787352 0.27348110159475914 0.02723390404719689 0.06416540910499036
0 0.34354508896556735 0.24935823298363025 0.039174652491252626 0.0677092502684633
0 0.33170307703956353 0.3906720795886204 0.033093279047196944 0.06447248593672672
0 0.3512500495512137 0.44161102053732293 0.02604991234556664 0.048540409104990356
0 0.4664025638140368 0.40861401515259144 0.034676406640437474 0.05969203238063914
0 0.5583777295308161 0.4449723082045869 0.03068887253787289 0.06483281850683653
0 0.5790609495745336 0.32329414680992596 0.039070937890437474 0.0599223400044413
0 0.4657712616840962 0.27089518918303046 0.042977187890437474 0.06012705789226569
0 0.43765051712990133 0.2620743081478012 0.02409678734556664 0.04843805016107794
0 0.4110024775815316 0.2791579230985499 0.03489782844988076 0.030523106060529326
0 0.42398419684727695 0.15935404122953778 0.028817031640437474 0.05938495554890233
0 0.41113973211534843 0.09335722700518656 0.030118730550695916 0.03805411896477073
0 0.42378232236302227 0.0402410822319329 0.02553191597610338 0.041704471604990134
0 0.6259765625 0.010498046875 0.04296875 0.02099609375
0 0.6578546164510144 0.06277951612833843 0.023985788123538798 0.04697320641107794
0 0.645767598948092 0.15557439083148228 0.04350189224650114 0.028542315058134093
0 0.6319040172581121 0.19257725435473583 0.04262175972610338 0.0426001123642219
0 0.5828745944084698 0.10837778013482602 0.034676406640437474 0.059692032380638915
0 0.7875602915034599 0.32291860583592363 0.027196327671908715 0.031578514034880434
0 0.8911213541345732 0.37631763943238 0.031243292013399593 0.04005842343672672
0 0.9527776447202392 0.35543843849121187 0.035608108143936334 0.03347838329650721
0 0.98291015625 0.18701171875 0.0341796875 0.0322265625
0 0.9728289859994037 0.0636869399470998 0.035985390171908715 0.032039129282485285
0 0.996337890625 0.0234375 0.00732421875 0.0244140625
0 0.747264902363042 0.05638966001102358 0.024606922459204927 0.02949744035499019
0 0.6230095102534599 0.7399107933359237 0.027196327671908715 0.031578514034880434
0 0.30337317337990133 0.9208860325509959 0.030570012060019858 0.03759142745074873
0 0.3473330551223268 0.9058364643410155 0.019642825856640123 0.034587047009231764
0 0.13777796150053745 0.8575021222017954 0.03297441856934402 0.037231094880638915
0 0.07505596305648177 0.8578479209069856 0.04654257896852887 0.030160697224002275
0 0.22314453125 0.994384765625 0.0361328125 0.01123046875
0 0.34660359310894673 0.6568427691098278 0.04481873703379724 0.026665959266068184
0 0.24029228696383742 0.7094754597048885 0.025235918050695805 0.037798221604990134
0 0.2236347540325852 0.8907495233355274 0.047674425052445346 0.025842935181936477
0 0.8673788416841158 0.6339965838427128 0.08183225868880717 0.04660041624246558
0 0.9542750867627643 0.8750429270557862 0.06020716934731618 0.03719927634540943