0 0.018798828125 0.5667317708333334 0.03759765625 0.046223958333333336
0 0.0664809966015576 0.6285582975496493 0.029217659908582938 0.09598721268276626
0 0.0924227246207594 0.5042279948858727 0.03298755452238855 0.06504056355500583
0 0.0715778410440745 0.2440581045628589 0.04999217615601714 0.04683647362105359
0 0.15795532976146398 0.2618374509444911 0.048016325258318115 0.04147646485160047
0 0.23367520199416603 0.48328550347885785 0.030094796606149554 0.07327659206749271
0 0.21070577253314993 0.5980776942968141 0.03389878006650382 0.05014244293973243
0 0.16064453125 0.7109375 0.0537109375 0.057291666666666664
0 0.5229738087333231 0.11977639446068533 0.03602234929924664 0.089356618375852
0 0.561420194308766 0.15206885932405032 0.04268784256650382 0.050824982402271214
0 0.6938694054961108 0.13369903678783 0.057444228080574256 0.07670213150650262
0 0.7585235717371308 0.3165145388978415 0.06291474763300753 0.09990569728916536
0 0.4940843721392586 0.5838366905473721 0.04433449349809615 0.0926054056460277
0 0.7685240012741701 0.5992877143221967 0.048073140002565684 0.0544972981849338
0 0.11718587224735272 0.9553007779948478 0.035346579393229494 0.04634994951682211
0 0.115966796875 0.7470703125 0.03271484375 0.014973958333333334
0 0.77587890625 0.7548828125 0.060546875 0.030598958333333332
0 0.7760612753150986 0.8446790541502681 0.06237533311318466 0.08814902843013546
0 0.6909980712754529 0.861518672679059 0.04629329997252096 0.09405916441548061
0 0.9714419530081957 0.844221597762243 0.04855858051535322 0.05388417537729732
0 0.9579973369851862 0.7910765363760714 0.03596553455499896 0.07633578504251866