0 0.208740234375 0.00634765625 0.05712890625 0.0126953125
0 0.20929221076124405 0.10977147642118917 0.03552281560149917 0.05193244043004808
0 0.26556230368380185 0.1786118267061192 0.03804314593652869 0.04333112083564061
0 0.1607771619084042 0.20743503238625915 0.04096213554566097 0.053741479506967726
0 0.23637651881444666 0.314999496354744 0.03267339846951367 0.06392043829019034
0 0.27823225392612316 0.31476079050156947 0.043461070098954835 0.0655853914440292
0 0.2162152224171952 0.4047435658914734 0.022897075578645898 0.07351724437061646
0 0.15119758464813554 0.4512067290628464 0.044687795310881295 0.07101906616256004
0 0.08550434397937146 0.40999830062407727 0.050556521918764086 0.04023842342654138
0 0.07037428427128439 0.33600514150170735 0.03352555275504299 0.07176422877445576
0 0.12593144023561814 0.6194891323827983 0.03649937810149917 0.05199502139857892
0 0.1826696925364134 0.5520487994474441 0.03175301798982266 0.054611804055924695
0 0.21893895742473687 0.5572939827830847 0.0326627005786459 0.07414305405592492
0 0.25500354373057516 0.5581446348687252 0.03260517227535198 0.06245559454019012
0 0.20814328047039782 0.6077186709579185 0.039679228313425574 0.05755385805417146
0 0.39252896388666325 0.5737731984473062 0.06062048632610151 0.08907891492478792
0 0.37147661574334245 0.40398304287214004 0.03632948575758732 0.05879966841431328
0 0.36796498616849016 0.3599438589193438 0.039303311104043503 0.03903046103843666
0 0.32390992982083033 0.23979612941237627 0.03552281560149928 0.05193244043004808
0 0.3980885084503171 0.1496190536291077 0.03942906560149917 0.05218276430417135
0 0.34646176320670075 0.06549789867109723 0.04829839846951378 0.06492173378668342
0 0.392333984375 0.009765625 0.03271484375 0.01953125
0 0.467041015625 0.146728515625 0.01416015625 0.02783203125
0 0.6235713611445701 0.23658839113256855 0.033841249095161174 0.03673314071151729
0 0.6724235744922757 0.261139233590579 0.04232396686292583 0.041171328944029306
0 0.6314574724706717 0.32228793375669185 0.042063106260131655 0.046022850959763884
0 0.6192077220302123 0.5400868527304828 0.04755860822460245 0.038585836770948845
0 0.7568200715962279 0.49486800296465633 0.041984182175101914 0.05478062297549846
0 0.8355243211051102 0.5018588959313878 0.03981568070174912 0.06048354555417146
0 0.7874493768068593 0.5567101543177848 0.03745319853677875 0.051569321117109546
0 0.8961727898818486 0.31977870719707646 0.04539010675124944 0.04428875934962173
0 0.8708637091598361 0.17357013754499073 0.03449007108119018 0.06111591272725181
0 0.89659142628169 0.1197209231323847 0.04113202788957282 0.04693683249123304
0 0.7790588288349383 0.21977716783176604 0.034171682175102136 0.05427997522725181
0 0.9674873593855509 0.5443931427302531 0.02445154130454341 0.05463072804194358
0 0.9712116004947744 0.36304649858688837 0.03935949312435261 0.029784407772702193
0 0.8447265625 0.6494140625 0.046875 0.060546875
0 0.6691983848969318 0.6099852704699624 0.030935649942866794 0.05796719183739407
0 0.5960363953919345 0.4397767205783972 0.031345007107837164 0.06675625433739396
0 0.5924563948768968 0.03889125684062496 0.03989325850379366 0.030792260756967615
0 0.04157093090720054 0.7389591619716699 0.030571776907337478 0.05015469183739385
0 0.22795125697696406 0.8210055935711997 0.03936083940733748 0.05071792055417135
0 0.188232421875 0.982421875 0.04248046875 0.03515625
0 0.040771484375 0.97607421875 0.03857421875 0.0478515625
0 0.36907658240081687 0.8407594405396387 0.026347138001249437 0.04306843046327069
0 0.432373046875 0.97998046875 0.04248046875 0.0400390625
0 0.20913840144013984 0.866535102747787 0.03624921538957282 0.04662392764857892
0 0.2340420191001129 0.7113737122093042 0.04276676398348478 0.04022605692829462
0 0.774658203125 0.981689453125 0.07080078125 0.03662109375