0 0.18343790784049496 0.2447987698402824 0.03705336715175789 0.056103244846236855
0 0.34132118339171014 0.12952272447405289 0.02516414406809897 0.04524501340961947
0 0.44033107795820325 0.29994953564128696 0.03843865679605041 0.051682528984147304
0 0.392753088905035 0.36701159215538137 0.03774580784565984 0.03991825371595503
0 0.052387371294791873 0.3612766216237601 0.02975187814624569 0.056722449156684306
0 0.11190936651039507 0.16858167288724502 0.034679741878732684 0.03183260210680058
0 0.01123046875 0.07845052083333333 0.0224609375 0.059244791666666664
0 0.4382172117208334 0.17885578564128699 0.04296997476946629 0.08785402279635313
0 0.28818012252986125 0.2688640939001205 0.034543771668294365 0.05196936850527489
0 0.2074862531462457 0.08649536792419721 0.04269721783561198 0.07222902279635313
0 0.08693400075850732 0.8228833127346727 0.06082085670332038 0.10511793245127905
0 0.3672630378502608 0.7684222258150148 0.0193502285570748 0.047302876857977516
0 0.3070688821463111 0.8109086506242994 0.0463311191582465 0.08491749134036652
0 0.25445870422801686 0.7572548471959063 0.052360558985416805 0.0672801531602009
0 0.6627722118985462 0.5499956675397893 0.039404262680295066 0.07907180425233973
0 0.70263671875 0.9684244791666666 0.037109375 0.06315104166666667