0 0.04092447369062674 0.4106162346749258 0.0477617005701656 0.05551922809962173
0 0.03443751573376691 0.349186668627722 0.035823691006120595 0.06398301925872096
0 0.0615227928102306 0.1638784994808965 0.03472763494455944 0.03865497522725181
0 0.0798285085282377 0.11754855268895292 0.022620208524600782 0.05099372590208573
0 0.04268934072406855 0.08949673957179724 0.028818336650206944 0.06741991199473985
0 0.2421875 0.021728515625 0.033203125 0.04345703125
0 0.28211640890753986 0.11832874817160283 0.033382365342341735 0.040025947524455596
0 0.458251953125 0.41650390625 0.02294921875 0.052734375
0 0.4033203125 0.446533203125 0.033203125 0.02685546875
0 0.35791860977066814 0.40355488510520365 0.04405474081646954 0.05771031047549846
0 0.3536637831586339 0.34541812587093823 0.02814074981277348 0.059119130744739845
0 0.5234375 0.004150390625 0.0224609375 0.00830078125
0 0.48095703125 0.1611328125 0.0224609375 0.03125
0 0.5360423058803961 0.14648305685331237 0.04054715189529867 0.03854217978843677
0 0.5283192648791247 0.2142224311784785 0.039331441099733855 0.035549911319906036
0 0.5868237170528385 0.09512696011558613 0.027532975001212323 0.03382237719753606
0 0.550850497922324 0.051293694577103394 0.01722922604308108 0.03850508029369698
0 0.5809247257622412 0.02286133511558615 0.0345283446982555 0.03621356897725184
0 0.585693359375 0.00634765625 0.03466796875 0.0126953125
0 0.6179245112733294 0.01312774907714935 0.030233498864518094 0.025252348087393933
0 0.6396379693238025 0.04462226394079827 0.029595689490124144 0.04124046740033227
0 0.6612217879814015 0.10459354372577423 0.03195737964160261 0.040420357321659384
0 0.7178427660085452 0.016541405771270543 0.030223514205647506 0.03108043260312854
0 0.7246985116538438 0.05242389439714723 0.035375428977823864 0.016838771398578922
0 0.7493015573963926 0.15539521466638861 0.032096923107125974 0.03022903204019023
0 0.7461824031365167 0.195352772211839 0.037557717614518094 0.02572170535137519
0 0.7187586146931104 0.2923322495789487 0.03596331505786521 0.0299910746643135
0 0.723421925870402 0.37351209901601035 0.05100034839160261 0.041640686208010536
0 0.6507577203777941 0.37326027818729146 0.04397502471794801 0.05673374797549846
0 0.7892101746413067 0.4218155917485684 0.04416441089160239 0.04120261942829462
0 0.8890887324997041 0.37663908081856623 0.034877082482732025 0.046436184742986386
0 0.841197634295328 0.2830134942783301 0.04512108466008291 0.02912075011535631
0 0.851222457494855 0.24948509793742935 0.044473371213039625 0.027136334631090886
0 0.8340533811636606 0.10529804326434888 0.03601307717977509 0.04845189071151723
0 0.8080749506698403 0.06965932102482328 0.038873033240124144 0.041834986601375135
0 0.8038696444210526 0.10232395030453906 0.03192750625121232 0.034103991555924806
0 0.79376550805411 0.014621068210131552 0.030552363258604442 0.029158598087393933
0 0.7986880980171496 0.03884738780453907 0.020547589963039625 0.0256031009020857
0 0.919213850668628 0.030142075690982095 0.0413941555886459 0.04296800152270219
0 0.9439367929038438 0.03837446696197688 0.031459113732732025 0.04621715135312854
0 0.9521277429062684 0.1026398490563844 0.021015901895298672 0.037290560417820307
0 0.9733528391205204 0.15821659759136036 0.025410433145298672 0.037572174776209
0 0.9336125105244233 0.22457188464377836 0.019720475001212323 0.03332172944928946
0 0.98681640625 0.3046875 0.0263671875 0.052734375
0 0.3227626821155528 0.6619028869162967 0.055873176232732025 0.04778167556639912
0 0.3408386700933174 0.7751091894495192 0.05572372869455944 0.04000046605066454
0 0.32024099566348296 0.8294393791470553 0.04236073342977531 0.048858667006967615
0 0.7006523503938497 0.6029889261085726 0.05957007074133647 0.07521929701919539