0 0.24585944704106893 0.037524763673467576 0.046663034445531215 0.07336310134899038
0 0.25724469181653087 0.14009172618505095 0.046784827515885974 0.052384058755968965
0 0.3396047577664603 0.17430240449872425 0.06967438539943216 0.04976749438395345
0 0.1125757117529129 0.04120316702856863 0.059281640117233414 0.06941190018042853
0 0.24101839387738355 0.3148685136734676 0.06463321656794241 0.09643788050021262
0 0.3675088065701495 0.30898742026606385 0.05451567801269408 0.10389230620366652
0 0.442138671875 0.365234375 0.05517578125 0.078125
0 0.476806640625 0.1962890625 0.01416015625 0.0517578125
0 0.6628269211665982 0.25101836077189105 0.03658205915141788 0.054955671959422636
0 0.8130055806121295 0.17404041414348137 0.03178200512319074 0.08748295298266029
0 0.8795044744336905 0.2502835845734848 0.03265876318957406 0.053842700203595495
0 0.973501640880428 0.23284960618363348 0.03097837357907718 0.06939949557568192
0 0.812102398034685 0.4214796497946326 0.04248404905602787 0.05760169209316335
0 0.8869152853617766 0.3568932063408954 0.04609804636723336 0.06895151894201201
0 0.10968344308234312 0.5645895135576335 0.04005363712439691 0.030189737465249777
0 0.3627874239070961 0.6855545709579343 0.03572728972177275 0.03394252705244427
0 0.4037994686010683 0.7402405152077925 0.0326697575079431 0.02651600136057386
0 0.36374915838241373 0.5186305880858478 0.032772033279006796 0.03237537636057386
0 0.20255063337248494 0.5559786999817389 0.029671886160567207 0.02250744441870356
0 0.2593352934798634 0.8253146292024616 0.025833820007943098 0.026277285162876307
0 0.624630438314898 0.7543588110913206 0.030697115208652037 0.053286214325682035
0 0.7803358231041865 0.500537796178019 0.03247978059021239 0.043588793953595495
0 0.9220726443303573 0.57171368218335 0.017411245687588117 0.046966458087265295
0 0.7434482990084434 0.684819794759528 0.0394179938612762 0.04968688515129305
0 0.6663595223748974 0.684095908812114 0.0325309184757443 0.046518481453595495