0 0.1482103365967149 0.10933108508964964 0.06812641768049299 0.05611723574814437
0 0.032238959386345634 0.2434887217930723 0.03948777019952099 0.047480698815608235
0 0.03317653906762591 0.37422022899319596 0.06527631392573596 0.05798511554822694
0 0.012451171875 0.302001953125 0.02490234375 0.06201171875
0 0.11147979344052084 0.2492083109408455 0.06189813704835734 0.05886222531498975
0 0.15304419655335488 0.38356044965649505 0.05339839643525002 0.053737884748556786
0 0.176025390625 0.625244140625 0.05810546875 0.04931640625
0 0.200887450949488 0.5044396188386188 0.05381621109777557 0.06399179099855679
0 0.20571560401584565 0.14416807642140225 0.04108276834592761 0.03874846644888663
0 0.31353126544661203 0.0731744364849487 0.05937714705311459 0.05683806264839178
0 0.5246734752129717 0.4314391349127426 0.041867827019815396 0.06998425891556703
0 0.3639203906366191 0.1248739510335879 0.04049334579360053 0.060190218848927834
0 0.0321386706508901 0.10936766090958774 0.053857664591170584 0.04107098731519593
0 0.42750469740906993 0.29693218114866005 0.04798751081262864 0.0526050393820412
0 0.2720123610966819 0.574299767253361 0.04701260993340184 0.02867925813204142
0 0.996337890625 0.2548828125 0.00732421875 0.0576171875
0 0.980224609375 0.1982421875 0.03955078125 0.0322265625
0 0.989013671875 0.10986328125 0.02197265625 0.044921875
0 0.78271484375 0.011962890625 0.0263671875 0.02392578125
0 0.6540074660871679 0.5044289930966599 0.03265349432029441 0.023384427165773047
0 0.6359070618807683 0.5629143079472372 0.03916031806078035 0.027475375098927834
0 0.6732933183683454 0.5947273841628866 0.02964422307505138 0.021346056965855675
0 0.7548828125 0.639404296875 0.033203125 0.02099609375
0 0.02587890625 0.7412109375 0.0517578125 0.103515625