0 0.2926945006925169 0.22420193659406445 0.051156227312034286 0.06474856167008758
0 0.37472258440477507 0.14020936493295677 0.05392399279092852 0.03693357484336185
0 0.25168553381853004 0.47688447995658734 0.033424702502565684 0.038279107630441844
0 0.22519270278012637 0.28728363662154355 0.04170275785486666 0.03442115016305225
0 0.2524733054603951 0.10873746187986164 0.061804670484025714 0.04869777663875996
0 0.1315190771343312 0.2159402745639789 0.05044068708504379 0.025683220932875228
0 0.088134765625 0.015625 0.05908203125 0.03125
0 0.15787425058442275 0.04617748084787221 0.050934649809468546 0.02666262417008758
0 0.1430358092417227 0.0973589492442884 0.03870489266176946 0.022685355739778035
0 0.1797762139546427 0.11807981703521692 0.025078469457167574 0.03041831509783144
0 0.07139579752950534 0.3723234636624313 0.053918311316503764 0.035957012343361905
0 0.30768983368295677 0.36783900547322346 0.03936645888172474 0.052473352726990496
0 0.31266955679870717 0.46845050960813495 0.042702046252565684 0.03833308163747717
0 0.3010258789507942 0.0616582543510997 0.0373849265096009 0.04757917727814093
0 0.3193706774476075 0.10961492412795779 0.02457030304668084 0.026997505610619033
0 0.13959860643229496 0.26188416385937696 0.04509231923274282 0.029558222823538927
0 0.359375 0.64208984375 0.0361328125 0.03515625
0 0.00634765625 0.27392578125 0.0126953125 0.0458984375
0 0.39028858002437394 0.2980094307993282 0.0480901844258399 0.04129401724681325
0 0.216796875 0.649169921875 0.0439453125 0.02099609375
0 0.07178530407813094 0.523199529175219 0.04918037641433515 0.060830948721238176
0 0.5478020569828244 0.3165517786988903 0.011860786860619033 0.024482240193097082
0 0.6416255905998168 0.24581097848087974 0.019752827502565684 0.03819956698849514
0 0.8312832486791082 0.2820694345192834 0.028084856861901875 0.043618953271105654
0 0.8024658071669417 0.19645545301096534 0.020669734521105654 0.02795134221291995
0 0.6950802106496436 0.0342150785486664 0.017745728495530466 0.028910860289645735
0 0.8720331465832623 0.5723357559962738 0.03386469121995539 0.029981167117654195
0 0.693364820141448 0.5786202649265426 0.028459508623406626 0.024090544008318115
0 0.5715864524732643 0.4602399808478722 0.02456462157225614 0.026020943110619088
0 0.4800758408306558 0.34105925997636943 0.01868536141176952 0.022568885514070436
0 0.5152753529899005 0.5165510803312361 0.018174354264070436 0.018659794776858085
0 0.4667988283031767 0.4088508130844227 0.020627123462919977 0.02062712346292006
0 0.6382609447557932 0.08710536854481785 0.02459302894437998 0.030903755610619033
0 0.9627003848243232 0.6304784798805643 0.0461626260607515 0.04567718554796363
0 0.218994140625 0.96630859375 0.05224609375 0.0673828125
0 0.17068351812344745 0.8032157617910101 0.03888101836893709 0.052958793239778035
0 0.06525137215667898 0.7249682845403482 0.04719600330499896 0.05544849202238855
0 0.007568359375 0.819580078125 0.01513671875 0.04541015625
0 0.387451171875 0.989501953125 0.04150390625 0.02099609375
0 0.436279296875 0.95166015625 0.00732421875 0.0712890625
0 0.12682878366371414 0.7346035611791082 0.041873202087609473 0.06371802516305236
0 0.183837890625 0.671142578125 0.05126953125 0.02294921875
0 0.17901238119504181 0.724165332560833 0.04565445965026482 0.04225637606075139
0 0.797607421875 0.9931640625 0.02587890625 0.013671875
0 0.865966796875 0.681640625 0.03271484375 0.0439453125