0 0.228759765625 0.006591796875 0.05517578125 0.01318359375
0 0.22538536002908893 0.09097694650766985 0.037035585170978935 0.059316100895465906
0 0.19236628331820582 0.15730258727500956 0.03760511178699533 0.037394598116401
0 0.19341497402645347 0.1915675305599015 0.048486570841170584 0.041187692319925695
0 0.12470160446830858 0.11386569798407786 0.0658151658268995 0.047643857814169355
0 0.04515819907402363 0.20594933115242697 0.05241105515670785 0.0657040617617961
0 0.01513671875 0.09619140625 0.0302734375 0.0419921875
0 0.01220703125 0.341552734375 0.0244140625 0.03759765625
0 0.3194462394730656 0.12262223461845645 0.045455742038843505 0.06253565806409855
0 0.3581829489550983 0.16798279314766296 0.04269600080787139 0.05463790227920651
0 0.3992333809653996 0.09655887714197764 0.039276370437097974 0.078410223116401
0 0.44029045945879464 0.12097449539211935 0.03593964705311459 0.056352311081509066
0 0.42184023650266844 0.1897647958688108 0.05686527421564014 0.06732236592460161
0 0.4729920537555774 0.21844473841549883 0.024470427067385447 0.05010075947100612
0 0.4487612304907924 0.4171008002352119 0.04170865952932945 0.06630549880827141
0 0.735252126331416 0.13072298644236646 0.040724641492334124 0.030189737465249777
0 0.9833984375 0.269287109375 0.033203125 0.03369140625
0 0.986572265625 0.10205078125 0.02685546875 0.0322265625
0 0.8282444191308342 0.12859161251826107 0.030172296197672865 0.02250744441870356
0 0.8787057160420588 0.40222443329753843 0.026425213688158866 0.026277285162876307
0 0.2482011011411357 0.5494931615185445 0.05960844275184818 0.02694848258740712
0 0.20270224398812398 0.5620846113265324 0.03258136611204665 0.057697796732660345
0 0.13031562526245594 0.826537728047255 0.045705272053114476 0.05669333422107692
0 0.31107916744400965 0.8304052498792602 0.06273542799418219 0.05582528096532058
0 0.06879137870855415 0.9564127824947399 0.054664280822142475 0.04920480620366652
0 0.014892578125 0.9892578125 0.02978515625 0.021484375
0 0.06014652911207971 0.7365606595935177 0.047121206772724245 0.04357794509899049
0 0.7394054791839818 0.8442398990947226 0.04322407393049299 0.05563151593618487
0 0.8202015195119421 0.8534180474031358 0.03319068460068442 0.036752856453595495
0 0.8541540436086569 0.7401833043218393 0.035840167371560705 0.053910904831508955
0 0.8665517261178974 0.6159273529265152 0.02753026896379218 0.04143105506985478
0 0.9482323048012993 0.5913970438279499 0.03381657578408648 0.06407955529661713
0 0.9583726293496568 0.5345409560896042 0.03800303051321041 0.047160223116401