0 0.3310546875 0.15869140625 0.057373046875 0.018798828125
0 0.43603515625 0.1689453125 0.056396484375 0.01904296875
0 0.612548828125 0.131103515625 0.047119140625 0.014892578125
0 0.6484375 0.216796875 0.053955078125 0.01708984375
0 0.454833984375 0.02294921875 0.0439453125 0.01904296875
0 0.253173828125 0.0625 0.05126953125 0.0185546875
0 0.304931640625 0.10498046875 0.057861328125 0.013427734375
0 0.250244140625 0.147216796875 0.054443359375 0.019775390625
0 0.457763671875 0.21044921875 0.049072265625 0.014892578125
0 0.511962890625 0.206787109375 0.049560546875 0.017822265625
0 0.53857421875 0.0068359375 0.05322265625 0.013671875
0 0.583984375 0.240966796875 0.05712890625 0.017578125
0 0.571533203125 0.07421875 0.045166015625 0.011962890625
0 0.479248046875 0.094970703125 0.034423828125 0.01904296875
0 0.1943359375 0.4970703125 0.015380859375 0.023193359375
0 0.279541015625 0.53271484375 0.018798828125 0.028564453125
0 0.475830078125 0.438232421875 0.024169921875 0.03515625
0 0.4775390625 0.303955078125 0.052734375 0.020263671875
0 0.51171875 0.579833984375 0.018798828125 0.013671875
0 0.497314453125 0.58251953125 0.022216796875 0.018798828125
0 0.066650390625 0.380859375 0.028076171875 0.026123046875
0 0.072998046875 0.525634765625 0.035888671875 0.022705078125
0 0.6494140625 0.2861328125 0.035888671875 0.022705078125
0 0.686767578125 0.33056640625 0.03515625 0.010498046875
0 0.7607421875 0.56884765625 0.017578125 0.02197265625
0 0.561767578125 0.528564453125 0.033203125 0.020263671875
0 0.396728515625 0.311767578125 0.029541015625 0.0234375
0 0.42431640625 0.481689453125 0.034423828125 0.037109375
0 0.134033203125 0.358642578125 0.0322265625 0.027099609375
0 0.150634765625 0.3291015625 0.03662109375 0.026611328125
0 0.218505859375 0.528564453125 0.029052734375 0.017578125
0 0.129150390625 0.5556640625 0.028076171875 0.0244140625
0 0.252197265625 0.8369140625 0.043701171875 0.025146484375
0 0.08984375 0.482666015625 0.01904296875 0.033203125
0 0.23876953125 0.592529296875 0.0205078125 0.031982421875
0 0.552978515625 0.572998046875 0.029052734375 0.030029296875
0 0.581787109375 0.499755859375 0.029296875 0.02685546875
0 0.318115234375 0.376708984375 0.025390625 0.027587890625
0 0.073486328125 0.319091796875 0.031005859375 0.015625
0 0.497802734375 0.358154296875 0.027099609375 0.034423828125
0 0.21435546875 0.652099609375 0.0361328125 0.0478515625
0 0.291259765625 0.620361328125 0.024169921875 0.02001953125
0 0.8684036720670822 0.6240700883917032 0.0368405090723079 0.05931924014857892
0 0.9931640625 0.656494140625 0.013671875 0.04736328125
0 0.9507827844528158 0.731430879377768 0.04802414740988181 0.03812884600521427
0 0.9165817011710802 0.7541916067448777 0.04567370941876414 0.039925518583887154
0 0.983642578125 0.75048828125 0.03271484375 0.0498046875
0 0.9542516224641968 0.8164231073620334 0.060992364686528744 0.044801773596115035
0 0.9921875 0.9228515625 0.015625 0.0322265625
0 0.9092292828514079 0.49118338940222356 0.06163984038957282 0.04825103283038035