0 0.03428334287235943 0.46993572160546737 0.06559843431976087 0.054577654047196944
0 0.06068857770684008 0.4169799247960241 0.06310792486422184 0.044175748834493156
0 0.07577001710154829 0.09227347018063642 0.050902969880638915 0.03401041130827043
0 0.057861328125 0.0234375 0.04736328125 0.046875
0 0.13916015625 0.550537109375 0.060546875 0.01806640625
0 0.575927734375 0.052734375 0.03125 0.02685546875
0 0.615966796875 0.072265625 0.03271484375 0.021728515625
0 0.62451171875 0.0341796875 0.018310546875 0.01611328125
0 0.66552734375 0.02880859375 0.0322265625 0.017333984375
0 0.525146484375 0.05029296875 0.039306640625 0.03466796875
0 0.43408203125 0.02099609375 0.0439453125 0.021728515625
0 0.44384765625 0.057861328125 0.035888671875 0.02490234375
0 0.3837890625 0.053466796875 0.03759765625 0.016845703125
0 0.338134765625 0.01806640625 0.02392578125 0.0244140625
0 0.3193359375 0.0224609375 0.0263671875 0.023193359375
0 0.260009765625 0.07958984375 0.022705078125 0.0361328125
0 0.34033203125 0.140380859375 0.046630859375 0.02978515625
0 0.356201171875 0.163330078125 0.048095703125 0.017333984375
0 0.3330078125 0.18896484375 0.042236328125 0.02294921875
0 0.319580078125 0.242431640625 0.055908203125 0.02880859375
0 0.31298828125 0.289306640625 0.03759765625 0.016357421875
0 0.3515625 0.306396484375 0.023681640625 0.025634765625
0 0.3798828125 0.2919921875 0.022705078125 0.035400390625
0 0.3974609375 0.25341796875 0.028564453125 0.037109375
0 0.398681640625 0.48046875 0.030517578125 0.02978515625
0 0.385498046875 0.542724609375 0.03515625 0.02783203125
0 0.521728515625 0.5234375 0.0322265625 0.04248046875
0 0.4853515625 0.547607421875 0.031494140625 0.02001953125
0 0.61669921875 0.522216796875 0.04345703125 0.036865234375
0 0.760009765625 0.474609375 0.0439453125 0.04296875
0 0.75341796875 0.5126953125 0.04638671875 0.026123046875
0 0.677978515625 0.38916015625 0.033447265625 0.03076171875
0 0.69189453125 0.337158203125 0.023681640625 0.03564453125
0 0.680419921875 0.29638671875 0.0400390625 0.02734375
0 0.718994140625 0.2666015625 0.035400390625 0.02490234375
0 0.662109375 0.14453125 0.04052734375 0.02734375
0 0.604248046875 0.12158203125 0.028076171875 0.0400390625
0 0.5830078125 0.13134765625 0.033203125 0.0380859375
0 0.736328125 0.091064453125 0.03076171875 0.01806640625
0 0.736328125 0.136962890625 0.03076171875 0.033447265625
0 0.78466796875 0.0888671875 0.039306640625 0.025146484375
0 0.7998046875 0.073974609375 0.0380859375 0.02197265625
0 0.781982421875 0.055419921875 0.021728515625 0.032470703125
0 0.748291015625 0.04443359375 0.031494140625 0.013916015625
0 0.73876953125 0.041748046875 0.01904296875 0.023681640625
0 0.941650390625 0.056884765625 0.0263671875 0.0283203125
0 0.8935546875 0.100830078125 0.041015625 0.031005859375
0 0.903076171875 0.142333984375 0.027587890625 0.034912109375
0 0.966552734375 0.16845703125 0.029052734375 0.025390625
0 0.955078125 0.18798828125 0.0283203125 0.018798828125
0 0.93505859375 0.19873046875 0.03466796875 0.028564453125
0 0.930419921875 0.227783203125 0.0244140625 0.019287109375
0 0.905029296875 0.216064453125 0.042724609375 0.029541015625
0 0.88525390625 0.162841796875 0.0234375 0.028076171875
0 0.988037109375 0.12109375 0.02392578125 0.0322265625
0 0.905029296875 0.375732421875 0.03564453125 0.0390625
0 0.947265625 0.37451171875 0.027099609375 0.037109375
0 0.983154296875 0.350830078125 0.03369140625 0.0224609375
0 0.994384765625 0.300048828125 0.01123046875 0.033935546875
0 0.916259765625 0.318359375 0.02587890625 0.02880859375
0 0.83935546875 0.297119140625 0.031982421875 0.0263671875
0 0.814453125 0.30615234375 0.031982421875 0.025634765625
0 0.794921875 0.235107421875 0.025634765625 0.026123046875
0 0.820556640625 0.224365234375 0.0283203125 0.023193359375
0 0.7841796875 0.35888671875 0.040283203125 0.03466796875
0 0.996826171875 0.425537109375 0.00634765625 0.03271484375
0 0.987060546875 0.4404296875 0.02587890625 0.0341796875
0 0.97412109375 0.465087890625 0.024169921875 0.019775390625
0 0.069091796875 0.58203125 0.07373046875 0.044921875
0 0.888427734375 0.56640625 0.04638671875 0.013671875
0 0.8565151257202115 0.5870214485372374 0.04465559630813409 0.04472288368880717
0 0.3833200895372283 0.6615645466841353 0.04615018232694629 0.026841476142186904
0 0.36866542323797696 0.6881755864918292 0.0444806206891219 0.022824226920159063
0 0.4123257706483571 0.8159875667832011 0.04951489533857312 0.035364255836242586
0 0.3552971470758522 0.8228520661334395 0.052344300161077995 0.024392785270974215
0 0.5302532967253034 0.848268004804752 0.04270454757455111 0.03533454071677955
0 0.9653070634034964 0.7883430524037783 0.04465144377529984 0.06320357170745527