0 0.12810969456237659 0.056828700495358486 0.02302008879071249 0.02761850984798797
0 0.15632152192259244 0.11922411987306791 0.021488735157430938 0.043101314126625656
0 0.1019057885329615 0.2880228764942747 0.028443245031889053 0.03718024504071238
0 0.09233533302537508 0.3766341116958227 0.022470113454799268 0.03488585030944291
0 0.07486178864766566 0.4074623403291042 0.03439275326207472 0.030714016416254264
0 0.046142578125 0.43212890625 0.02783203125 0.03515625
0 0.0908203125 0.4453125 0.02734375 0.0087890625
0 0.14378513073574642 0.39334897513297506 0.02536173021579019 0.05111288813653281
0 0.2143680304263034 0.4180373418410257 0.023351726927245298 0.05002256905944291
0 0.20446847437986565 0.2851775951472173 0.025883266407430938 0.04335726642507787
0 0.1862830401154702 0.22728564779922944 0.03107890949442793 0.049012751617802275
0 0.1899468739292483 0.1559681461549569 0.026020646331424868 0.05407101478080545
0 0.592041015625 0.016845703125 0.03076171875 0.03369140625
0 0.684814453125 0.087158203125 0.01025390625 0.03564453125
0 0.34716796875 0.42236328125 0.0263671875 0.0546875
0 0.314453125 0.43603515625 0.0390625 0.02734375
0 0.28271484375 0.43115234375 0.02734375 0.037109375
0 0.2986021750075751 0.25881431216471096 0.030419993378793198 0.046054624973529856
0 0.26372986081036226 0.20142027766145953 0.023408605215790135 0.05099913155944291
0 0.336669921875 0.020751953125 0.03369140625 0.04150390625
0 0.37163383434318187 0.04798529730449508 0.0288650163986075 0.05277680589643996
0 0.3559716748840476 0.1318322923805011 0.02743342759024836 0.04490742760789512
0 0.865478515625 0.4306640625 0.04345703125 0.0380859375
0 0.8499989989468951 0.2751952592656437 0.03746463648343701 0.03332605753188922
0 0.027587890625 0.468994140625 0.04833984375 0.03857421875
0 0.05735915324380381 0.6490179964379298 0.0382561167256974 0.05527027463761658
0 0.08605399041671397 0.6526490309500045 0.02717265949442793 0.048785238463622704
0 0.12926424532306113 0.6257694832131631 0.0488845476486075 0.053942810811610564
0 0.21787157600711549 0.7279379255577464 0.05744609699442793 0.05054846540851465
0 0.19554892971098414 0.8167863055082105 0.043992103553870954 0.0702031035803411
0 0.14489152352274792 0.878997553908055 0.04102480095479921 0.03596653779179615
0 0.14088596433776301 0.9057108269366928 0.04248964470479921 0.03605185522461363
0 0.09655122413281059 0.8257184750094475 0.0725259374558831 0.05045351638096074
0 0.005859375 0.780517578125 0.01171875 0.04931640625
0 0.0166015625 0.884033203125 0.033203125 0.07275390625
0 0.2698013902925622 0.8794135981975306 0.04727269237987697 0.05968842923452078
0 0.3008763952694966 0.9262977741523298 0.042968294360062664 0.05262497858034121
0 0.35314565672646336 0.8700596573295751 0.03844555914086789 0.07523292759907152
0 0.38401195609875394 0.9037033612458294 0.04922581737987697 0.05980218581161045
0 0.3554125235933351 0.9657295273879343 0.0489983042256974 0.05589593581161045
0 0.40576171875 0.990234375 0.0458984375 0.01953125
0 0.44286510727476225 0.7596599368558921 0.0440253584955117 0.06241904272461363
0 0.5140780282967441 0.7314717328425804 0.06320570716950558 0.07424191770696675
0 0.5507743522448876 0.6650177805088348 0.06142803283250853 0.06878550652414939
0 0.4791054936346717 0.600091277290877 0.06717846705278707 0.05890130914969127
0 0.357666015625 0.470947265625 0.04248046875 0.04248046875
0 0.5743338734969019 0.5296973643755531 0.04083490289969127 0.06612621871470636
0 0.8297072454465887 0.5936142463938128 0.041138557531889 0.03791966279179626
0 0.8274605530490649 0.6321884651438128 0.03964527463761658 0.037346064108978894
0 0.8044168409114483 0.6661218319400974 0.02867075818606868 0.04108649504071249
0 0.7333176764665562 0.692356910953409 0.04667065455278718 0.05770686509024836
0 0.709716796875 0.6552734375 0.03955078125 0.048828125
0 0.7580025942970505 0.7648356017154838 0.0419064144272453 0.05110325654179615
0 0.7793933871893086 0.9022841378718309 0.049126052554954724 0.0831543683787932
0 0.91259765625 0.99072265625 0.0380859375 0.0185546875
0 0.9853515625 0.927490234375 0.029296875 0.04541015625
0 0.9921875 0.98876953125 0.015625 0.0224609375