0 0.3972576739891184 0.3311511952461714 0.04319282882455111 0.03488625366256004
0 0.48402442687250136 0.36757649164821116 0.04287952319356325 0.05676503845976377
0 0.43018413896516694 0.24507541833356544 0.04043811694356325 0.05660858603843677
0 0.412841796875 0.00927734375 0.02587890625 0.0185546875
0 0.505859375 0.02685546875 0.02734375 0.0380859375
0 0.28729961167240314 0.1296060798668799 0.027231009724002275 0.04602940844753611
0 0.2571880703034384 0.5078552296973062 0.04033991053248531 0.036163354506967504
0 0.2041015625 0.55224609375 0.0419921875 0.0146484375
0 0.464111328125 0.552734375 0.02294921875 0.013671875
0 0.508544921875 0.330078125 0.02197265625 0.0380859375
0 0.552978515625 0.02294921875 0.04443359375 0.0458984375
0 0.6487806531987971 0.3472959457883449 0.037222789814970514 0.0695418559143135
0 0.725830078125 0.54736328125 0.06298828125 0.0244140625
0 0.7580173231868214 0.31020324934247023 0.06189482594116813 0.06674313936184939
0 0.534912109375 0.34375 0.03076171875 0.0830078125
0 0.11095331121446905 0.5777806258651725 0.018392844018463306 0.03524356396502404
0 0.203125 0.569580078125 0.015625 0.02001953125
0 0.299072265625 0.564208984375 0.01318359375 0.00927734375
0 0.08071376851611545 0.6125868715277786 0.016365026076946343 0.02440750501222788
0 0.5696520465858763 0.7357980745835654 0.026077395338573117 0.03330280546327069
0 0.6104691824973032 0.7702586279646564 0.025847087714770733 0.02890827421327069
0 0.6322585580626228 0.7564674000380691 0.024663731060529326 0.03418549651047442
0 0.6200964774853275 0.7267826727286375 0.028081699810529326 0.03440452990033238
0 0.6786535818782911 0.796674532980345 0.037307864088572895 0.03402248660137519
0 0.7913594000882714 0.7588243074243283 0.02651242085019989 0.04160358671327069
0 0.8651527787202589 0.5847319950973627 0.0322438471703097 0.039537666274455596
0 0.7883909907148179 0.8154649324243283 0.03471499568912195 0.0216902934143135
0 0.7728469124555863 0.8316160616463659 0.02898356936901214 0.02375621385312854
0 0.7662495876450571 0.8640180005537117 0.02597711266107794 0.022103627197536002
0 0.8037683984207058 0.8585835773578832 0.020271276076946343 0.02465782888635104
0 0.8350419118902668 0.8507892528666041 0.027953751130639137 0.03196312365033238
0 0.8096637444887694 0.9050139530903951 0.03448261179890233 0.026541815430048077
0 0.7839764239891183 0.9557893940799207 0.030444260586178107 0.04234219183739407
0 0.7570338046990988 0.908990090023996 0.021452556464770733 0.028626659854881886
0 0.7494218700540889 0.8859659238072185 0.03201769207934135 0.016651028492986386
0 0.6726870208625719 0.8918267957618141 0.03278538415868271 0.031299465992986386
0 0.6972138236385694 0.9379813661464118 0.028414366378243905 0.04075218615033238
0 0.6240082817456059 0.867150791366742 0.025356730198353716 0.038123036994739845
0 0.5304374098974523 0.8577250496377827 0.013537697520858538 0.026172887106635345
0 0.5888671875 0.990478515625 0.0234375 0.01904296875