0 0.18424460192000802 0.20569537981070318 0.05207802146921203 0.0654261138644292
0 0.24597415903527664 0.3276288890197598 0.030239542698353494 0.03860144291636891
0 0.30408860738991794 0.2567118363467762 0.04426967400204629 0.04639341104840922
0 0.3818567528136695 0.3905484273947388 0.050406383564970514 0.07066063180985205
0 0.2491286525482992 0.5292685134018 0.0494360498642219 0.042862744510996365
0 0.03173828125 0.578125 0.041015625 0.04296875
0 0.1455078125 0.035888671875 0.03515625 0.07177734375
0 0.19757555793612352 0.5217430045805049 0.03149343976127783 0.0625272241663688
0 0.4755859375 0.588623046875 0.0478515625 0.02197265625
0 0.49066395155034537 0.4932956997508091 0.07006973477769496 0.05598139650791234
0 0.5999940008776405 0.5298549704105634 0.06627207252085832 0.02993177050219087
0 0.642482774693309 0.570071444964694 0.056244321361826666 0.052095678375872145
0 0.7774330294559353 0.37024791480534425 0.056391630978443796 0.08275496527243931
0 0.7400898688382715 0.24119839670235793 0.05349583828009008 0.046065583620150674
0 0.8301729060667151 0.16810616960375335 0.047915874109431655 0.06027014975527489
0 0.8512056454237515 0.10341738309494788 0.05313342944356325 0.0577160457178621
0 0.7243507268348296 0.07396385539514333 0.04963661521921203 0.06525539410870773
0 0.6062419963396198 0.08334743212051321 0.04760464474486081 0.07289717435298626
0 0.5548376130715055 0.16649539406066116 0.03673658483138764 0.06046140137895617
0 0.52734375 0.021728515625 0.037109375 0.04345703125
0 0.08918744911871052 0.8761764876530976 0.05256837898562916 0.056217058016717836
0 0.03404763893677404 0.9183873784295141 0.039593655656287696 0.04071502173811048
0 0.2001953125 0.9892578125 0.0322265625 0.021484375
0 0.28477313114880065 0.8472170235562374 0.03006041454650732 0.03518347416636902
0 0.46077570916796184 0.69308173980981 0.04804589905573886 0.0534683562064191
0 0.43942691337454753 0.8386100841777698 0.031595798705190026 0.06448034916636902
0 0.443359375 0.753173828125 0.046875 0.06103515625
0 0.8232421875 0.99267578125 0.02734375 0.0146484375
0 0.6364054970185107 0.7176147374228995 0.053775249109431544 0.06067987716900636