0 0.2919500160015547 0.25960788511360156 0.03282814468715234 0.05467743475490838
0 0.4287109375 0.010498046875 0.0341796875 0.02099609375
0 0.5763445918233789 0.06321020015934381 0.019303281205882872 0.04774189242486693
0 0.40581495191904604 0.18457240774175065 0.04138969403297277 0.05148862964160261
0 0.3284674404091388 0.18745201077495577 0.034383121667338035 0.048000929451951446
0 0.9853515625 0.3310546875 0.02734375 0.037109375
0 0.7668451493640913 0.0753564370076879 0.05410862987987697 0.061274143373122425
0 0.14448862286161734 0.7591383643880248 0.04813549830278718 0.0588427217819929
0 0.20937223954319772 0.8539249154274691 0.042991917706966865 0.062310533240124144
0 0.2881552443789578 0.951501691087611 0.03285658383142498 0.05516571600490838
0 0.31591796875 0.98974609375 0.048828125 0.0205078125
0 0.39453125 0.987060546875 0.0234375 0.02587890625
0 0.4859061573913388 0.7415713522539918 0.04234699334349967 0.08461203854308108
0 0.5021389222956717 0.6328042882379954 0.022256592052787072 0.05673024517117087
0 0.4572420375623879 0.49370379818255483 0.04529112823560455 0.060068417236428195
0 0.48803265109659777 0.44114890528356016 0.03573420884024836 0.046167378599733855
0 0.5136367974986098 0.4174723375742166 0.035179417706966865 0.0616728044519515
0 0.3768029240017079 0.5782758175039326 0.031045654552787072 0.05744769005786521
0 0.34202510319211166 0.6718762087933177 0.03133967759024836 0.04580865615638674
0 0.1987889733563517 0.5795606956356003 0.028500123320433945 0.0387734284100828
0 0.644287109375 0.7978515625 0.03076171875 0.0654296875
0 0.7585434568342166 0.6501031651345064 0.03307010523343701 0.03380091515269068
0 0.7291699847162612 0.7354127598327618 0.030140417733437008 0.033561766857125974
0 0.8970687759554234 0.5941505951481374 0.0254851183876168 0.037069436364518094
0 0.8462923417527917 0.5899551929719989 0.029225549319350286 0.026197690057865097
0 0.665771484375 0.359619140625 0.01220703125 0.02001953125