0 0.00732421875 0.0859375 0.0146484375 0.0712890625
0 0.07562149196675982 0.06074595635392149 0.04104649338868804 0.07378157093353332
0 0.09606374287584535 0.11674811221615988 0.046350295643936446 0.03481123685298626
0 0.23628960698423507 0.1275590425911809 0.04848113472610338 0.0437027312064191
0 0.314383738595547 0.05043136444550689 0.040047500390437474 0.060597977183533325
0 0.473143012974911 0.11148750753619918 0.039041222770974215 0.05372789573238901
0 0.3867492533828236 0.25399019736276895 0.06614840508449316 0.06533729409418076
0 0.4019605482487879 0.2863055796330174 0.05019769203962232 0.05353664410870773
0 0.4117486037470385 0.29887458226242014 0.04939884362178937 0.06222327475527489
0 0.47336118660542814 0.3151826887716722 0.04731228890151096 0.04750654935298626
0 0.25146484375 0.326416015625 0.0673828125 0.02685546875
0 0.16672669295741616 0.2654487253777005 0.04437589341491055 0.0856710406892548
0 0.098388671875 0.32861328125 0.06591796875 0.0224609375
0 0.05176530874996077 0.2317637839397434 0.05511021965908558 0.06067987716900636
0 0.06603588758737622 0.19984117085083747 0.0389817925320477 0.04012430863467764
0 0.10883478476103436 0.21402877875357262 0.044900597770974215 0.054137623146120584
0 0.7735385430565014 0.2516398196003909 0.05393408921328047 0.0707972076144292
0 0.6193952217365808 0.16080878619367855 0.06439484803029828 0.05501509994189224
0 0.7988741392657258 0.06775595975884752 0.05149268296328047 0.07062648785870776
0 0.8668792393706165 0.11012395820780095 0.04652072510489069 0.04987966770069771
0 0.9262118309149107 0.05099774455904296 0.042622336360715773 0.07534884653696622
0 0.547596600757555 0.21737062987104383 0.06214572510489072 0.05097227413731509
0 0.641295608409066 0.2554875926593498 0.05573135399475154 0.04323832797358351
0 0.20672587254367836 0.5908863916849151 0.07464933091491055 0.08778796566020097
0 0.015625 0.4931640625 0.03125 0.068359375
0 0.01171875 0.615234375 0.0234375 0.07421875
0 0.17468719192011994 0.7575677099890457 0.0712750698921869 0.049667884209056545
0 0.20848404267477216 0.8602502680783981 0.06350685425407554 0.04329634994189213
0 0.4873046875 0.902099609375 0.044921875 0.04638671875
0 0.3833615763868994 0.7842087315572986 0.06188730355477157 0.07961014813159362
0 0.3222445593997223 0.761484680895758 0.06282628967948312 0.04713431203960372
0 0.4368505154428436 0.7775232094314266 0.03503125817015906 0.045676388074379015
0 0.3304241736334199 0.6038347788988421 0.054555223548946374 0.05335565841900647
0 0.2303824878146722 0.43019075825138176 0.05221753189976153 0.060963294712140625
0 0.2993557125291254 0.414077704487748 0.050759972770974215 0.05454735055985205
0 0.33929163706292265 0.4358285387984932 0.039048507392186904 0.047414383433533325
0 0.3384715114160639 0.4962627160110804 0.04603244385489069 0.04984552374955342
0 0.39619969813809175 0.49369857352605395 0.054666222770974215 0.05482050216900636
0 0.35498046875 0.369384765625 0.0654296875 0.05908203125
0 0.18278877023017903 0.3721602697020795 0.045766161048946374 0.05274106729840913
0 0.23388671875 0.364013671875 0.046875 0.04833984375
0 0.0341796875 0.34423828125 0.044921875 0.0087890625
0 0.11755865067598414 0.36641336500312605 0.05911232300407554 0.0429890543815936
0 0.171630859375 0.34765625 0.05615234375 0.015625
0 0.43809660892771407 0.5413283140867992 0.08854991234556664 0.053304328749106844
0 0.0146484375 0.966796875 0.029296875 0.029296875
0 0.17107311503198896 0.9625126053336731 0.06647354149475149 0.04398949489875803
0 0.2989057959177742 0.9069411637258584 0.04985740975232611 0.055455625157563304
0 0.4827501062120684 0.839108242535306 0.022306230550695805 0.03798685179577177
0 0.495361328125 0.683349609375 0.02880859375 0.06103515625
0 0.5796326098367997 0.4560723281914877 0.01600285866258455 0.031717749382040195
0 0.6642689875611536 0.5041495137526795 0.019487542272723646 0.03924683183890587
0 0.8522033932896027 0.3736902826915297 0.025036350104890692 0.04837733385034887
0 0.8929191955506567 0.5676814345308823 0.018910115664334093 0.018807307241194504
0 0.8789440380040364 0.5711130153640667 0.02235779953379713 0.025848108448060292
0 0.9396080435780523 0.4971676444595873 0.03321098625582497 0.0280641191232347
0 0.8037239884673364 0.4335301731651133 0.03494997406759448 0.0510133378732347
0 0.6044839612383106 0.4990035880911388 0.029045738071093452 0.02437299876408039
0 0.52099609375 0.5361328125 0.0224609375 0.033203125
0 0.649709330413679 0.920933263910243 0.043420608143936446 0.03460637314612036
0 0.6268059143006567 0.5862898879045215 0.02128538368880717 0.04374379494233882
0 0.9329285429311934 0.558011549085906 0.029364166494751487 0.041394554611791756
0 0.9582064388053285 0.4575793731092384 0.029519450078667964 0.03703416731293607
0 0.6055301217715117 0.6682800741686018 0.03703652878787289 0.06573006327552333
0 0.6792672985081121 0.6243452550889479 0.02442192375582508 0.027449528002637447