0 0.07847695478694733 0.2779614693566186 0.06208923718057047 0.1014614409192709
0 0.22111397061220406 0.1783719663056853 0.0561538995001416 0.04326505319131968
0 0.2667643988100432 0.22617725280373224 0.0542007745001416 0.04321959370234385
0 0.2872675647578117 0.2535546891639753 0.06540334323855834 0.056653214641710026
0 0.3492932231645065 0.16854706740553332 0.04939236893042853 0.05920786135766065
0 0.20950684135673125 0.279798496095247 0.060441477256039766 0.06824695104702694
0 0.2163784576190234 0.476575839845247 0.057211071232802 0.07353849069131946
0 0.3217045960608229 0.45604325631831544 0.048904087680428754 0.059196496485416805
0 0.4150390625 0.5 0.0693359375 0.0595703125
0 0.8096230631174641 0.22059349253300753 0.04741134391884527 0.07233463074644098
0 0.8219277340589093 0.09716021187671409 0.043532993930428754 0.059071482890733495
0 0.806742952640064 0.02616663605505609 0.05050998723848754 0.03532753959663637
0 0.5405754478152325 0.25471029813389745 0.04432199370366641 0.05372311888522141
0 0.5500481330427036 0.46999686989492173 0.03653739371524978 0.040369052051562715
0 0.8054409245019136 0.4366865619668616 0.0354817777327312 0.05205370743483062
0 0.7821026199435005 0.3561091991011065 0.039166362692012124 0.04579697016278206
0 0.87939453125 0.522216796875 0.0439453125 0.01513671875
0 0.6720486437682611 0.11530903002784265 0.04901724347690406 0.04846567385766065
0 0.498307371699682 0.47168982760277767 0.05083395922107692 0.04460488334663637
0 0.7297325215424201 0.3817620326756942 0.042260359459422636 0.03659918051848954
0 0.03158639728552981 0.6141453222375863 0.03908110690712019 0.04335556391278217
0 0.8193267064901176 0.8885378797625647 0.027191845337336318 0.03819999447892797
0 0.74365234375 0.9873046875 0.01953125 0.025390625
0 0.618408203125 0.987060546875 0.02197265625 0.02587890625
0 0.6418109057287469 0.9689033926205727 0.020963547186184983 0.041470219889756965
0 0.797119140625 0.9814453125 0.02392578125 0.037109375
0 0.8781808290006379 0.5587763381594397 0.0340169339827312 0.05201961281809897