0 0.167236328125 0.4833984375 0.05126953125 0.0126953125
0 0.0517578125 0.007080078125 0.05078125 0.01416015625
0 0.15468638154862557 0.06946251515138793 0.05110225330499896 0.05813345225433508
0 0.22744596927305039 0.06620164515479243 0.036445293593361905 0.05581543417616153
0 0.3004384974488903 0.10297983765819699 0.06676986436318466 0.06636772362105359
0 0.3678472021343312 0.18746258114287093 0.05803761660743234 0.07562144402414944
0 0.3835741431234474 0.12011783938188 0.0668778123772551 0.08492241112105359
0 0.5302734375 0.02392578125 0.0693359375 0.0478515625
0 0.5154328065211464 0.11634552042831775 0.05447192952238833 0.050031745014242235
0 0.5013326313031359 0.2114369760064913 0.05466225891561782 0.08274658876424223
0 0.16335394344955212 0.21598014509302865 0.029004604617654195 0.03536931576207469
0 0.09815403011322554 0.17532895753126487 0.03493499804796385 0.04791761674334416
0 0.13099386630057025 0.19490790986501055 0.03682846756650382 0.037777467070433945
0 0.7591987797596417 0.15747952156083322 0.03256461022827328 0.059982452271981845
0 0.7189671982302588 0.29463403467971927 0.045058230386194276 0.026053901273065616
0 0.7030158390013644 0.3234045576907102 0.04357066073849525 0.02206233384024836
0 0.7408524427277339 0.44624318272600383 0.04803621041880474 0.03452531738870035
0 0.6833005921836186 0.4608294705001532 0.05138884221291996 0.0234939226486075
0 0.857688016863928 0.4628837272448876 0.04120311365601714 0.034615450618886046
0 0.678466796875 0.013671875 0.03955078125 0.02734375
0 0.695585536322918 0.05372629617197963 0.036774493559468546 0.028500123320433945
0 0.24143097646747114 0.6294729509277049 0.03167895131906939 0.07555057398343701
0 0.24441812981277766 0.8070935693506152 0.039437477312034286 0.06672825654179615
0 0.350341796875 0.986572265625 0.04052734375 0.02685546875
0 0.1614213547110977 0.7298685347326597 0.038293311316503764 0.03786278450325131
0 0.03402791544317871 0.6615791184934974 0.0403146140096009 0.04969529108034121
0 0.021484375 0.778076171875 0.04296875 0.05224609375
0 0.3359814132603035 0.5936823194388491 0.04132242461893709 0.055123263118886046
0 0.015380859375 0.9853515625 0.03076171875 0.029296875
0 0.16732683260755468 0.905365393289935 0.0382450187838933 0.029562003253251312
0 0.45870509531915105 0.6988772208707359 0.03927555529092852 0.03889622529179626
0 0.18381225043237653 0.9683917452789441 0.027605097823539038 0.046514467079257216
0 0.13911600665671972 0.5900065758306475 0.03403513545269804 0.06104433220479932
0 0.97900390625 0.677734375 0.0419921875 0.0556640625
0 0.9306227536439321 0.7271209362527804 0.037819233752565684 0.040275751608978894
0 0.9068109274329568 0.832058518466403 0.03192292916880479 0.03358682562770943
0 0.7018830359546835 0.7858690511665607 0.030960570354866657 0.03597135358916448
0 0.58203125 0.800048828125 0.0244140625 0.03369140625
0 0.7552171320570252 0.9698377814794084 0.040289047374689524 0.045300759830340986
0 0.9329770736919367 0.9638804642142355 0.03299323599681325 0.049756985166254264