0 0.02734375 0.146240234375 0.0546875 0.06201171875
0 0.19368322141103977 0.24555156849364213 0.060233871225851665 0.07846676268029518
0 0.3152317403324396 0.08010622838828198 0.06192478934007273 0.062410305791514825
0 0.3291015625 0.395263671875 0.041015625 0.05810546875
0 0.1623905022205805 0.4638238356029085 0.05512229179566086 0.05249693745234385
0 0.1031961069299625 0.48098064381690586 0.05130701005454319 0.05435914347439241
0 0.4892578125 0.016357421875 0.0556640625 0.03271484375
0 0.5322587285456153 0.04533468470917987 0.0509203949542934 0.04605836222439241
0 0.48114981040465615 0.24656215930093328 0.05700719060149917 0.05107755319131946
0 0.44524179835890393 0.38668669666571187 0.051397978313425574 0.05631226847439241
0 0.5022195154807577 0.3324091485794706 0.028937040813425574 0.055789484351171925
0 0.5999092054363462 0.32492786290049935 0.03644319608119018 0.05986620743483073
0 0.669465904541639 0.40458712065342906 0.04218886075758732 0.05756117965175789
0 0.7621911653462279 0.36382315586875036 0.036625132598954835 0.06377245743483084
0 0.910248709287891 0.28581466238661074 0.03316302600249865 0.08368970483463545
0 0.873345431526373 0.48834828077343795 0.04255273379311664 0.06537367965175789
0 0.84247269501874 0.527137615583095 0.05562261721951378 0.06323912495234385
0 0.5055706766925928 0.5300266763625435 0.04620882108119029 0.060093504879709325
0 0.37158614247196675 0.13524335789073355 0.02576923477535198 0.061081023995464445
0 0.337646484375 0.789306640625 0.02392578125 0.06982421875
0 0.291015625 0.684326171875 0.0341796875 0.02880859375
0 0.1037833617637427 0.7280115543658207 0.04815124819032235 0.07038150574644098
0 0.2596816052750781 0.9125960895334857 0.07354321947330744 0.09194584310863707
0 0.33154296875 0.952392578125 0.0361328125 0.07177734375
0 0.11179926643625482 0.8896440129880645 0.0572466554225578 0.0666911883190755
0 0.48846744248575513 0.6857656653680557 0.05609750801267599 0.03154630319131946
0 0.526340696078372 0.7344468635418622 0.05310094060149917 0.05098663421336802
0 0.5783447048143553 0.8561319951550349 0.0445633870964105 0.07712652426848954
0 0.56298828125 0.972412109375 0.0546875 0.05517578125
0 0.4408085867673994 0.8563450699322483 0.05355847446188072 0.10269898722439241
0 0.378003588318149 0.8797586154182944 0.04389451561163088 0.09418227340175767
0 0.833740234375 0.69482421875 0.07568359375 0.0498046875
0 0.8976070309882538 0.7782063218305126 0.05060469861417527 0.0811691527354168
0 0.7746485040541781 0.9133782244358728 0.07312181813448415 0.07242595798088125