0 0.25874702862276744 0.4422344606838474 0.04463280341008269 0.02834574713069049
0 0.26579207985549946 0.48682724888689144 0.041145103220431745 0.021373357242366886
0 0.3528261194343878 0.3731661152015664 0.03599318844825539 0.03572614790099937
0 0.37264619926564146 0.41932675958734555 0.03420948030416904 0.03175167170683757
0 0.08285715616850964 0.14072808480574694 0.03917200890269068 0.032955654854043503
0 0.04499055881877578 0.10588753114586513 0.0412148346600828 0.02818655267764636
0 0.00830078125 0.154541015625 0.0166015625 0.03173828125
0 0.02175242965130092 0.08340250529815962 0.04237079867486693 0.0185118959365288
0 0.06700323429047894 0.05972957932605594 0.0324257721600828 0.02777719551267599
0 0.3186267043753103 0.3117429975683317 0.03538533305047309 0.03423856208627907
0 0.025737106370283647 0.46591801217380713 0.0320869384482555 0.035544211383234714
0 0.15431587728308682 0.06866047934631925 0.044323843088645676 0.04243767718652869
0 0.6723817194295386 0.2807083740416847 0.08101466827829684 0.050956527475851665
0 0.833740234375 0.01171875 0.06494140625 0.0234375
0 0.981689453125 0.055908203125 0.03662109375 0.08447265625
0 0.992919921875 0.35009765625 0.01416015625 0.080078125
0 0.831282803515819 0.1655302534350055 0.04991411581646954 0.057290793269013984
0 0.2780297903581016 0.7340434377561097 0.04150366449133647 0.07343751447460245
0 0.31940421838766986 0.7165134894515208 0.04867843570316377 0.06598888751013166
0 0.07480574963160846 0.5446009382739656 0.06471200085464224 0.06576281314591081
0 0.056728230515641465 0.8832834966902311 0.0507411501920757 0.07338133245429335
0 0.3449834236991127 0.9404874329223295 0.043975024717947786 0.05604132599236711
0 0.4374677896091955 0.9710619023956368 0.04715384517238319 0.05327083294541124
0 0.6946441725454464 0.6052629422535654 0.04758229905538136 0.06447855963069049
0 0.6220703125 0.524169921875 0.052734375 0.02880859375
0 0.7107863601511826 0.898356100468036 0.05430864706646954 0.05749547185149906
0 0.978271484375 0.861083984375 0.04345703125 0.04052734375
0 0.9036982789850976 0.6218097413892533 0.047941102084949616 0.04503827788957282
0 0.7389077853359844 0.7780596690162414 0.040078759376818596 0.05002275653932298